24683
89717
89757
90196
90623
91031
91395
91679
92210
92585
93047
93256
93544
93776
94048
94446
94724
95098
95455
95697
95936
96330
96619
96812
97153
97607
97898
98214
98497
98963
99320
99694
100091
100518
101199
101954
102342
102618
103337
103663
104165
104446
104743
105073
105320
105586
105918
106302
106674
106946
107239
107532
107783
107990
108310
108572
108871
109135
109330
109677
110083
110328
110667
110970
111247
111574
111930
112368
112735
113115
113423
113802
114086
114443
114715
115008
115356
115653
115924
116228
116469
116710
117096
117300
117532
117719
117966
118235
118418
118721
119086
119287
119487
119849
120228
120546
120820
121031
121273
121472
121602
121762
121991
122186
122468
122831
123034
123259
123479
123683
123989
124265
124532
124769
124945
125241
125566
125915
126326
126723
126750
126827
127128
127281
127723
127878
128172
128450
128615
128808
129015
129325
129518
129705
130008
130222
130456
130785
131081
131303
131575
131867
132165
132858
133362
133916
134354
134744
135103
135641
136106
136481
136825
137375
137598
137952
138242
138555
139131
139666
139889
140099
140277
140537
140802
141014
141228
141535
141794
142010
142345
142730
142970
143261
143783
144388
144417
144747
145210
145294
145868
146263
146754
147003
147313
147551
147862
148070
148396
148719
148983
149227
149494
149860
150259
150285
150589
150859
151068
151270
151545
151802
151959
152124
152411
152722
153439
153785
154199
154659
155053
155506
155909
156423
156859
157506
157848
158110
158437
158785
159173
159636
160006
160283
160594
160919
161244
161565
161817
162413
163007
163558
163857
164064
164477
164790
165184
165568
166167
166362
166916
167385
168092
168282
168929
169360
169398
169872
170231
170436
170821
171201
171529
171810
172167
172624
172834
173076
173326
173544
173864
174206
174565
174786
175010
175317
175643
175897
176155
176519
176841
177085
177365
177849
178013
178243
178576
178904
179085
179344
179599
180115
180667
181107
181464
181756
182022
182309
182542
182796
183080
183371
183668
184010
184444
184867
185638
186273
186415
186812
187053
187307
187555
187913
188192
188365
188574
188921
189269
189491
189652
189901
190171
190339
190660
191006
191241
191477
191850
192155
192501
192796
193175
193446
193712
194132
194438
194635
194926
195208
195506
195734
195976
196144
196414
196541
196795
197034
197572
197721
197957
198184
198607
199018
199355
199819
200081
200430
200691
201181
201560
202172
203005
203199
203322
204142
204687
205422
205799
206115
206447
206759
206941
207452
207807
208107
208512
208917
209358
209570
209877
210189
210512
210763
210974
211149
211352
211623
211923
212207
212454
212716
213002
213328
213670
213814
214032
214497
214856
215067
215357
215623
215792
216196
216333
216579
216761
217011
217288
217493
217677
218013
218333
218545
218784
219024
219263
219544
219844
220192
220686
221057
221360
221687
221950
221987
222477
222946
223203
223542
223840
224079
224360
224666
225021
225301
225662
225939
226255
226447
226725
226972
227238
227492
227734
228055
228467
228858
229277
229640
230205
230644
231272
231926
232444
233099
234928
235023
235236
235487
235800
236014
236285
236647
236992
237356
237577
237841
238112
238418
238673
238921
239199
239412
239667
239843
240052
240383
240704
240976
241200
241621
241926
242168
242463
242653
242865
243231
243571
243970
244256
244513
244760
245087
245413
245714
246125
246434
246928
247146
247469
247830
248284
248638
249036
249350
249727
250085
250473
250769
251056
251338
253311
253617
253984
254188
254509
254811
255101
255447
255830
256372
256876
257155
257644
260156
260415
260803
261226
261558
262001
262285
262669
263287
263934
264524
265042
265765
271243
271551
271936
272420
272808
273078
273323
273639
273973
274211
274617
275002
277573
277873
278227
278532
278815
279102
279409
279704
280012
280336
280676
281062
281435
283959
284272
284843
285312
285710
286395
287083
287399
287817
288197
288548
288970
291219
291528
292090
292641
293275
293689
294083
294448
294971
295426
295881
296274
296657
298905
299095
299410
299622
300019
300270
300521
300866
301405
301829
302335
302932
303161
303684
307020
307267
307594
307994
308457
308900
309191
309570
309952
310249
310565
310856
313386
313746
314103
314486
314976
315316
315767
316089
316404
316729
317056
317512
322279
322372
322941
323734
324415
325138
325789
326052
326527
326816
327172
327666
328043
330488
330745
331063
331567
331899
332454
332806
333176
333511
333752
334241
334396
334754
337137
337594
338104
338430
338778
339398
340039
340729
341353
341650
342123
342948
345526
345770
346227
346657
346923
347203
347646
347937
348272
348786
349105
349511
351467
351872
352313
352746
353092
353355
353657
354014
354228
354670
355333
356026
356686
359382
359673
360126
360446
360822
361273
361691
362163
362599
363009
363157
363586
365473
365699
366314
366655
366978
367426
367988
368509
368835
369107
369566
370220
370715
372952
373369
373910
374517
375057
375622
375998
376285
376517
376720
377026
377309
379071
379369
379707
379983
380381
380789
381132
381489
381858
382235
382593
382920
383352
385854
386193
386419
386789
387340
387880
388467
389364
390120
390667
391442
392276
395492
395729
396142
396687
396981
397273
397678
398088
398510
398849
399291
399649
400074
403300
403690
404229
404751
405042
405544
406051
406380
406728
407107
407475
407821
410154
410358
410781
411339
411567
411928
412454
412828
413232
413576
413882
414237
414557
416276
416540
416888
417274
417553
417816
418174
418547
418978
419333
419708
420105
421901
422123
422431
422680
423069
423595
424115
424689
424893
425255
425847
426251
426648
429117
429345
429621
430068
430370
430706
431099
431495
431809
432224
432637
433075
435207
435508
435844
436200
436705
437172
437525
437883
438349
439245
439839
440299
440950
441540
442091
445006
445337
445711
446094
446464
446810
447087
447408
447811
448156
448597
448908
450713
450922
451301
451604
451852
452102
452365
452740
453069
453437
454083
454491
456871
457354
458048
458518
459054
459859
460708
461151
461599
461899
462252
462668
465237
465476
465831
466105
466519
466872
467296
467751
468170
468646
468931
469335
469698
472123
472336
472712
472969
473307
473798
474360
474986
475377
476031
476988
477238
477651
478158
480789
481129
481465
481794
482276
482643
482969
483342
484101
484472
484740
485003
487434
487691
487996
488382
488726
489099
489263
489615
489968
490322
490861
491438
491695
494229
494513
494872
495353
495733
496152
496543
496935
497322
497642
498034
498417
500046
500218
500498
500799
501060
501408
501701
502112
502388
502696
503054
503448
503907
505633
505931
506267
506657
507012
507570
508185
508902
509632
510050
510542
510868
511253
513365
513625
513905
514115
514509
514870
515260
515605
516004
516449
517086
517793
520892
521111
521468
521814
522178
522651
522934
523344
523797
524084
524513
524920
525306
531164
531939
532222
532624
533409
533609
533799
534240
534729
535155
535640
536443
537062
537457
537955
539676
539995
540257
540582
540888
541269
541577
541854
542317
542653
542895
543189
545800
546075
546431
546799
547209
547630
548102
548602
549008
549552
550109
550362
550762
552414
552690
552969
553309
553586
553886
554226
554628
554949
555300
555669
556010
558670
558966
559226
559605
559936
560271
560708
561233
561520
562024
562715
563545
563952
564810
567809
568119
568397
568653
569173
569542
569822
570162
570474
570685
571048
571433
571747
573340
573689
574062
574435
574801
575011
575342
575636
575944
576286
576605
576919
578860
579202
579870
580191
580654
581594
581914
582321
583183
584135
584528
584893
587756
588038
588473
588909
589245
589517
589796
590086
590777
591097
591478
591843
592329
594826
595101
595496
595694
595952
596261
596495
596779
597236
597648
598482
599070
599859
604672
604924
605384
605610
606059
606459
606914
607322
607727
608160
608520
608759
609055
610799
610962
611306
611823
612144
612505
612782
613080
613413
613786
614110
614424
614792
617306
617640
618291
619010
619643
620110
620925
621700
622107
622580
622974
623273
623525
625191
625405
625618
625970
626330
626750
627008
627340
627611
628061
628520
629071
631635
631872
632208
632542
632980
633466
633934
634641
635448
635759
636330
637261
638172
638802
640768
641113
641501
641861
642245
642535
642911
643240
643547
643879
644223
644640
647010
647222
647572
647882
648230
648535
648832
649175
649693
650346
650544
651064
651775
652629
654716
655116
655746
656351
656611
656930
657228
657547
657863
658207
658587
658974
660572
660813
661165
661530
661790
662088
662462
662862
663365
663651
663998
664458
664936
668427
668719
669240
669924
670165
670452
670685
670976
671318
671730
672071
672368
674854
675206
675617
675947
676268
676516
676893
677304
677692
678044
678379
678813
680976
681358
681806
682357
682631
683236
683958
684716
685566
686261
686791
687104
687451
687857
690139
690326
690854
691328
691723
692076
692427
692851
693283
693706
694058
694341
696020
696334
696604
696996
697400
697858
698214
698568
699110
699635
700215
700885
703000
703285
703800
704193
704616
704916
705173
705522
705979
706416
707011
707334
707700
710177
710409
710741
711067
711575
711979
712257
712682
712969
713304
713664
713913
714234
716572
716787
717129
717766
718281
718597
719041
719511
719918
720333
720621
721030
722930
723275
723589
723991
724305
724694
725057
725484
725707
726017
726362
726828
727311
731492
731627
732034
732465
732997
733584
734059
734413
734756
735083
735437
735837
737523
737773
738119
738451
738826
739241
739658
740015
740362
740805
741213
741546
741944
744550
744911
745567
745913
746414
747126
747815
748563
748978
749559
749908
750295
750704
752454
752750
752987
753362
753700
753932
754277
754644
754959
755520
755958
757659
758027
758320
758774
759235
759671
760093
760547
761249
761989
762584
762946
763317
765734
766084
766487
767180
767615
768645
768916
769310
769609
769867
770262
770513
770809
772830
773077
773657
773897
774280
774652
774881
775212
775574
775909
776411
776529
776917
779428
779724
780082
780414
780668
781177
781629
782114
782455
782735
783010
785246
785413
785713
786092
786421
786747
787111
787394
787742
788140
788477
788882
789227
791644
791897
792272
792746
793070
793435
793992
794476
794866
795437
795955
796480
798707
798942
799281
799724
800199
800596
800907
801128
801539
801835
802205
802551
802949
804912
805208
805755
806228
806737
807119
807316
807569
807946
808315
808811
809343
809776
813208
813424
813895
814329
814661
814962
815298
815620
815974
816317
816628
816951
817205
820260
820567
820911
821388
821888
822439
822958
823405
823831
824234
824592
824927
827453
827721
828190
828608
829092
829724
830176
830635
831103
831654
832175
832494
832884
835982
836560
836995
837325
837666
837953
838278
838612
838923
839185
839538
839882
840099
841843
842080
842347
842702
842917
843244
843713
844078
844414
844752
845068
845479
845821
847645
847843
848121
848381
848645
848937
849297
849550
849966
850397
850671
850984
853640
853880
854153
854637
854986
855285
855724
856017
856426
856719
856997
857492
860405
860649
860917
861217
861737
862059
862423
862765
863178
863639
864033
864393
864696
865003
866828
867017
867341
867634
868021
868288
868618
868917
869258
869735
870372
870798
875739
876265
876888
877450
878231
878605
879062
879482
879896
880363
880606
881067
883536
883797
884206
884535
884811
885122
885578
885868
886121
886397
886625
887040
887519
889554
889895
890536
890999
891498
892144
893041
893814
894525
894987
895302
895553
897890
898058
898312
898604
898920
899192
899616
899936
900371
900682
901001
901370
903005
903376
903651
903996
904281
904477
904823
905234
905835
906188
906627
907017
907631
909668
909878
910183
910457
910748
911221
911452
911815
912165
912493
912892
913282
915717
915987
916389
916725
917135
917497
917872
918290
918664
919157
919663
920016
920587
926354
926511
926749
927105
927545
928003
928716
929511
930236
930647
931133
931538
934530
934840
935264
935686
936025
936382
936722
937076
937481
937995
938416
938867
939191
940860
941109
941345
941576
941859
942107
942386
942708
943068
943659
944032
944380
944806
946507
946734
947140
947518
947804
948103
948475
948876
949191
949531
949964
950505
953875
954348
954668
955091
955519
955829
956071
956368
956659
956960
957326
957648
959633
960110
960284
960530
960835
961260
961612
961924
962308
962642
963004
963264
963601
966250
966487
966907
967279
967731
968185
968393
968751
969162
969459
969878
970195
972192
972526
972916
973485
974236
974864
975515
976240
977003
977896
978617
978932
979307
981430
981704
982010
982291
982555
983270
983463
983856
984333
984656
985100
985484
985864
988448
988643
988911
989345
989807
990280
990707
991096
991436
991912
992257
992678
995477
995891
996419
996862
997114
997476
997943
998203
998519
998824
999145
999494
999915
1001862
1002219
1002523
1003206
1003886
1004228
1004593
1005052
1005628
1006238
1006951
1007575
1008321
1012622
1013054
1013746
1014436
1015059
1015572
1015966
1016341
1016727
1017108
1017489
1017939
1021108
1021388
1021799
1022350
1022686
1023017
1023358
1023700
1024025
1024382
1024718
1025262
1027921
1028170
1028501
1028849
1029306
1029751
1030487
1031420
1031767
1032428
1032745
1033110
1033410
1035843
1036012
1036244
1036516
1036863
1037240
1037504
1037842
1038172
1038505
1038856
1039367
1041817
1042202
1042894
1043254
1043663
1043885
1044197
1044524
1045031
1045326
1045793
1046149
1046644
1047323
1050043
1050297
1050647
1050984
1051400
1051740
1052150
1052607
1052983
1053231
1053534
1053899
1056349
1056602
1056989
1057264
1057640
1058075
1058499
1058907
1059294
1059784
1060404
1060906
1063755
1063948
1064407
1064790
1065276
1065604
1065981
1066567
1066895
1067240
1067697
1068012
1068357
1070870
1071142
1071434
1072122
1072554
1073153
1073481
1073761
1073999
1074363
1074770
1075026
1075420
1078209
1078690
1078913
1079373
1079875
1080338
1080727
1081099
1081460
1081819
1082103
1082438
1082714
1085226
1085544
1085870
1086316
1086545
1086908
1087175
1087388
1087699
1088019
1088271
1088567
1090367
1090689
1091131
1091487
1092026
1092388
1092689
1093122
1093561
1093732
1093970
1094194
1094511
1096945
1097254
1097824
1098273
1098676
1099033
1099366
1099686
1100100
1100425
1100777
1101112
1103472
1103685
1104038
1104417
1104749
1105108
1105538
1105794
1106373
1107121
1107845
1108314
1108832
1111446
1111718
1112314
1112634
1112958
1113290
1113561
1113859
1114125
1114458
1114826
1115262
1118693
1118953
1119315
1119799
1120255
1120670
1120972
1121403
1121980
1122622
1122992
1123581
1125567
1125840
1126417
1126884
1127588
1128381
1129287
1129498
1130044
1130879
1131428
1131871
1132280
1132692
1133093
1135438
1135677
1136135
1136567
1137403
1137922
1138268
1138726
1139065
1139301
1139589
1139948
1141628
1142069
1142385
1142772
1143123
1143419
1143926
1144473
1145138
1145604
1146012
1146469
1146909
1149184
1149457
1149947
1150342
1150726
1150973
1151234
1151606
1151933
1152228
1152529
1152884
1155825
1156216
1156782
1157506
1158080
1158469
1158837
1159117
1159610
1159964
1160474
1160826
1161495
1161913
1164176
1164325
1164871
1165230
1165679
1165977
1166362
1166702
1166971
1167307
1167677
1168032
1170522
1170812
1171080
1171559
1172116
1172622
1173018
1173328
1173679
1174089
1174493
1174871
1175466
1177723
1178373
1178818
1179294
1180070
1180780
1181296
1181908
1182987
1183262
1183846
1184052
1186524
1186823
1187672
1188011
1188402
1188919
1189242
1189840
1190272
1190583
1190921
1191198
1191590
1193433
1193663
1193986
1194354
1194768
1195219
1195589
1196153
1197090
1197907
1198383
1199052
1199902
1206001
1206209
1206871
1207354
1207702
1208024
1208350
1208757
1209023
1209360
1209813
1210128
1210542
1215036
1215237
1215498
1215941
1216337
1216746
1217161
1217506
1217885
1218284
1218673
1219076
1219551
1225624
1226004
1226828
1226992
1227356
1227543
1227997
1228534
1228779
1229109
1229467
1229843
1230331
1232734
1232940
1233258
1233725
1234117
1234484
1234907
1235212
1235503
1235859
1236088
1236345
1236586
1238349
1238545
1238876
1239152
1239533
1240039
1240336
1240667
1240915
1241523
1241877
1242331
1242753
1245000
1245184
1245461
1245857
1246196
1246433
1246755
1247157
1247547
1247914
1248363
1248669
1249023
1251415
1251756
1252100
1252517
1252801
1253139
1253632
1254093
1254391
1254749
1255075
1255416
1255682
1257625
1258206
1258472
1258780
1259035
1259280
1259609
1259932
1260259
1260578
1260876
1261187
1263974
1264157
1264552
1264868
1265270
1265528
1265931
1266336
1266683
1267230
1267781
1268407
1273022
1273258
1273654
1274075
1274341
1274641
1274970
1275247
1275499
1275716
1275922
1276283
1276666
1278759
1279096
1279587
1279956
1280253
1280545
1280987
1281284
1281624
1282153
1282461
1282904
1289193
1289681
1289862
1290407
1291014
1291489
1292046
1292669
1293250
1293788
1294043
1294376
1294753
1297268
1297544
1298032
1298540
1298899
1299276
1299654
1299896
1300276
1300751
1301036
1301384
1303839
1304024
1304451
1304888
1305385
1306007
1306519
1306789
1307417
1308085
1308807
1309790
1310816
1314986
1315158
1315480
1315773
1316055
1316663
1317019
1317446
1317759
1318108
1318519
1318853
1319256
1321721
1321963
1322535
1322879
1323246
1323710
1324027
1324445
1324953
1325325
1325737
1326022
1326436
1328928
1329134
1329523
1330091
1330407
1330958
1331264
1331685
1332077
1332499
1332785
1333287
1335684
1335814
1336072
1336406
1336769
1337041
1337372
1337640
1337961
1338646
1339302
1340457
1340749
1344044
1344233
1344576
1345128
1345456
1345757
1346161
1346447
1346890
1347366
1347796
1347921
1348339
1351146
1351430
1351812
1352098
1352401
1352730
1353060
1353427
1353707
1354041
1354463
1354848
1356586
1356826
1357229
1357494
1357754
1358035
1358310
1358636
1359061
1359543
1359855
1360302
1360730
1365062
1365463
1365945
1366194
1366684
1367187
1367686
1367975
1368375
1368980
1369270
1369787
1370464
1370947
1372623
1372819
1373073
1373308
1373583
1374029
1374392
1374766
1375058
1375273
1375581
1375936
1378506
1378741
1379308
1379862
1380240
1380463
1380907
1381190
1381461
1382153
1382509
1382905
1383323
1385852
1386120
1386490
1386930
1387398
1387748
1388203
1388613
1388914
1389255
1389594
1390083
1390437
1392840
1393156
1393640
1393987
1394331
1394734
1395141
1395916
1396530
1397261
1397894
1398170
1399925
1400156
1400507
1400843
1401175
1401476
1401810
1402089
1402409
1402673
1402996
1403568
1403949
1405835
1406063
1406370
1406683
1406970
1407241
1407675
1408047
1408362
1408697
1409563
1409899
1410280
1410642
1413334
1413556
1414035
1414389
1414721
1414985
1415315
1415937
1416451
1416899
1417188
1417564
1417881
1420545
1420744
1421161
1421449
1422064
1422552
1423121
1423366
1423859
1424193
1424561
1425133
1425820
1426760
1431475
1431878
1432552
1432949
1433452
1433824
1434137
1434622
1434942
1435364
1435759
1436086
1438663
1438844
1439163
1439412
1439835
1440183
1440615
1441040
1441385
1441779
1442025
1442330
1444716
1444944
1445394
1445724
1446041
1446416
1446837
1447261
1447662
1447959
1448529
1448735
1448982
1449460
1452357
1452824
1453442
1453853
1454304
1454611
1454953
1455257
1455621
1455887
1456172
1456547
1459193
1459450
1459779
1460089
1460484
1460927
1461328
1461716
1462120
1462577
1462952
1463504
1464039
1467613
1468007
1468457
1468946
1469434
1469725
1470085
1470522
1471006
1471475
1471867
1472221
1473908
1474081
1474481
1474802
1475100
1475456
1475885
1476297
1476692
1477111
1477396
1477748
1478149
1479950
1480365
1480621
1481054
1481453
1481758
1482208
1482626
1483233
1483894
1484233
1484798
1485156
1487665
1487951
1488310
1488665
1489112
1489396
1489853
1490336
1490827
1491217
1491556
1491866
1493648
1493920
1494327
1494570
1494951
1495397
1495681
1496041
1496427
1496865
1497098
1497467
1497713
1498121
1500146
1500359
1500548
1500890
1501339
1501876
1502189
1502549
1502957
1503378
1503706
1504015
1505835
1506057
1506460
1507102
1507982
1508370
1508753
1509309
1509892
1510692
1510933
1511462
1511958
1514643
1514867
1515288
1515727
1516121
1516526
1516872
1517318
1517756
1518047
1518385
1518756
1520504
1520980
1521245
1521611
1521870
1522204
1522563
1522941
1523318
1523694
1523999
1524348
1524797
1529128
1529319
1529768
1529881
1530669
1531227
1531382
1531546
1531727
1532035
1532502
1532900
1533228
1533513
1533832
1536441
1536662
1537004
1537387
1537763
1538131
1538579
1538882
1539280
1539941
1540348
1540427
1540873
1543471
1543629
1543947
1544405
1544730
1545337
1545576
1546016
1546190
1546459
1546859
1547144
1549660
1549899
1550316
1550562
1550901
1551306
1551650
1552076
1552338
1552760
1553198
1553616
1556093
1556338
1556710
1556962
1557240
1557499
1557955
1558295
1558714
1559035
1559505
1560192
1560561
1563105
1563373
1563723
1564129
1564628
1564962
1565318
1565904
1566563
1567157
1567580
1567845
1568259
1570894
1571111
1571303
1571702
1572070
1572311
1572792
1573168
1573526
1573944
1574435
1574792
1575185
1575796
1577950
1578492
1579007
1579482
1580031
1580348
1580637
1580916
1581138
1581468
1581846
1583647
1583816
1584099
1584311
1584508
1584739
1585078
1585398
1585916
1586468
1587004
1587781
1588246
1594796
1595081
1595187
1595660
1596239
1596900
1597675
1598202
1598723
1599452
1599779
1600140
1602026
1602573
1602886
1603207
1603444
1603746
1604118
1604722
1605115
1605441
1605823
1606197
1606446
1608527
1608847
1609216
1609653
1610030
1610551
1611131
1611457
1611814
1612346
1613113
1613675
1614295
1616637
1616942
1617315
1617690
1618099
1618410
1618827
1619318
1619712
1620213
1620629
1620952
1622711
1622908
1623201
1623459
1623762
1624018
1624372
1624737
1625149
1625673
1626165
1626553
1627217
1630332
1630911
1631064
1631581
1632139
1632488
1633021
1633437
1633826
1634195
1634495
1634866
1635325
1635657
1638153
1638394
1638792
1639160
1639629
1639800
1640107
1640608
1640875
1641461
1642079
1642487
1643041
1648207
1648879
1649269
1649653
1650482
1650927
1651292
1651647
1652155
1652432
1652801
1653054
1654725
1654924
1655180
1655443
1655780
1656154
1656514
1657090
1657199
1657537
1657753
1658162
1658662
1660605
1660924
1661173
1661574
1662026
1662627
1663404
1664144
1664947
1665590
1665938
1666536
1667557
1671164
1671377
1671688
1672136
1672435
1672847
1673165
1673412
1674154
1674491
1674817
1675278
1677133
1677381
1677792
1678002
1678317
1678715
1679006
1679445
1679821
1680110
1680412
1680686
1680958
1682582
1682872
1683188
1683521
1683799
1684078
1684358
1684596
1684801
1685306
1685685
1685881
1687703
1687853
1688101
1688409
1688739
1688981
1689319
1689734
1690051
1690424
1690721
1691102
1692816
1693117
1693744
1693989
1694294
1694503
1694715
1695125
1695550
1695780
1696150
1696567
1696925
1699568
1699773
1700143
1700574
1701040
1701676
1702280
1702857
1703436
1703832
1704091
1704364
1704851
1708387
1708709
1709158
1709814
1710506
1710922
1711538
1712177
1712677
1713465
1714227
1714770
1717644
1718093
1718618
1718977
1719325
1719629
1719942
1720302
1720636
1720987
1721313
1721689
1721942
1724407
1724674
1725018
1725323
1725788
1726118
1726448
1726745
1727234
1728139
1728867
1729189
1729906
1734966
1735097
1735152
1735529
1735952
1736376
1736757
1737116
1737412
1737764
1738094
1738593
1738894
1739336
1741901
1742107
1742507
1742932
1743164
1743548
1743967
1744315
1745037
1745778
1746336
1746807
1747107
1752098
1752573
1752810
1753297
1753816
1754537
1755184
1755626
1755980
1756379
1756783
1757181
1757437
1757697
1759797
1760093
1760312
1760655
1760958
1761247
1761487
1761807
1762113
1762469
1762819
1763210
1764967
1765372
1765675
1766025
1766424
1767089
1767667
1768257
1768829
1769605
1770248
1771011
1771757
1772405
1777734
1777899
1778067
1778393
1778818
1779192
1779403
1779652
1779945
1780483
1780889
1781293
1783893
1784078
1784400
1784883
1785332
1785772
1786175
1786506
1786857
1787208
1787519
1787766
1788207
1793746
1794348
1795129
1795951
1796955
1797303
1798302
1798636
1799197
1799562
1799759
1800207
1800671
1800948
1801282
1802948
1803285
1803576
1803877
1804308
1804731
1804994
1805295
1805617
1805977
1806203
1806501
1806786
1808515
1808700
1808963
1809314
1809725
1810353
1810707
1811145
1811735
1812649
1812936
1813429
1813813
1816289
1816579
1817086
1817543
1817900
1818182
1818440
1818829
1819204
1819553
1819964
1820367
1820688
1822670
1822941
1823267
1823625
1823894
1824343
1824714
1825038
1825719
1826052
1826481
1826871
1829800
1830054
1830571
1830884
1831313
1831683
1832049
1832397
1832702
1832987
1833395
1833825
1834208
1836764
1837309
1837670
1838351
1838867
1839258
1839556
1839871
1840196
1840549
1840859
1841234
1841903
1846897
1847315
1847652
1848148
1848843
1849280
1849701
1850142
1850505
1850857
1851407
1851747
1854440
1854712
1855099
1855562
1855874
1856187
1856471
1856762
1857110
1857418
1857903
1858363
1860281
1860501
1860891
1861261
1861597
1861869
1862367
1862847
1863272
1863851
1864386
1864802
1865497
1870390
1870944
1871098
1871655
1872183
1872657
1873525
1873799
1874176
1874657
1874874
1875160
1875549
1877205
1877499
1877873
1878124
1878572
1878893
1879367
1879832
1880180
1880630
1880987
1881303
1881681
1883451
1883732
1884182
1884878
1885581
1886343
1886425
1886728
1887091
1887437
1887786
1888080
1888434
1890219
1890473
1890676
1890992
1891332
1891620
1891945
1892484
1892928
1893423
1893921
1894181
1894490
1896120
1896351
1896810
1897103
1897527
1897921
1898229
1898513
1898926
1899244
1899706
1900158
1900514
1902945
1903181
1903603
1904001
1904300
1904617
1905405
1905696
1906063
1906382
1906695
1907053
1909447
1909694
1909930
1910307
1910867
1911130
1911586
1912027
1912648
1913269
1913879
1914631
1917161
1917397
1917726
1918043
1918315
1918622
1918894
1919176
1919489
1919860
1920642
1921444
1921895
1924500
1924839
1925231
1925680
1926049
1926430
1926726
1927041
1927279
1927515
1927798
1928222
1931693
1932148
1932470
1932656
1933202
1933596
1933989
1934253
1934606
1934866
1935223
1935462
1935823
1938212
1938400
1938744
1939220
1939728
1940141
1940523
1940959
1941270
1941659
1942006
1942268
1944331
1944693
1944992
1945202
1945464
1945730
1946121
1946541
1946833
1947308
1947518
1947914
1948229
1950643
1950912
1951308
1951720
1952184
1952484
1952966
1953389
1953837
1954238
1954558
1954958
1956782
1956973
1957379
1957841
1958314
1958920
1959590
1960220
1960826
1961869
1962534
1963021
1963361
1965512
1965726
1965936
1966197
1966557
1966853
1967157
1967474
1967745
1968042
1968381
1968725
1971327
1971568
1971827
1972164
1972519
1972848
1973278
1973653
1974448
1974583
1974899
1975334
1975837
1976472
1980520
1980636
1980907
1981314
1981667
1982043
1982351
1982620
1982967
1983459
1983769
1984132
1984596
1986643
1986790
1987131
1987439
1987782
1988126
1988454
1988688
1989038
1989432
1989777
1990339
1990966
1996763
1997068
1997457
1997918
1998635
1999051
1999486
1999869
2000121
2000455
2000681
2001063
2002765
2002991
2003314
2003746
2004025
2004400
2004763
2005101
2005353
2005693
2006033
2006703
2007263
2008019
2009802
2010057
2010268
2010586
2010990
2011466
2012104
2012623
2013085
2013341
2013895
2014278
2014541
2016257
2016558
2017011
2017361
2017792
2018056
2018443
2018892
2019207
2019679
2020011
2020399
2022707
2022941
2023206
2023547
2024078
2024615
2025082
2025901
2026308
2026747
2027422
2028018
2028288
2028693
2030671
2031245
2031665
2032103
2032725
2033111
2033495
2033816
2034256
2034798
2035189
2035740
2038153
2038451
2038782
2039149
2039429
2039706
2040090
2040371
2040760
2041097
2041522
2042223
2042687
2044783
2045173
2045825
2046469
2047056
2047821
2048077
2048432
2048772
2049018
2049273
2049580
2052209
2052424
2052717
2052952
2053313
2053680
2053963
2054364
2054775
2055122
2055476
2055790
2056121
2058700
2058915
2059421
2059809
2060340
2060811
2061157
2061522
2062174
2063098
2063876
2064410
2065115
2067987
2068375
2068749
2069028
2069365
2069762
2070084
2070384
2070707
2071145
2071468
2071845
2072222
2074536
2074751
2075201
2075862
2076388
2076997
2077361
2077836
2078299
2078733
2079193
2080066
2080921
2083154
2083382
2083658
2084012
2084527
2084788
2085088
2085480
2085865
2086160
2086500
2086941
2090667
2090836
2091156
2091632
2092101
2092618
2093257
2093701
2094311
2094825
2095282
2095832
2097470
2097694
2098064
2098389
2098822
2099217
2099894
2100713
2101425
2101749
2102253
2103117
2103886
2104423
2105190
2107051
2107326
2107652
2108009
2108381
2108680
2109035
2109341
2109592
2109940
2110190
2110551
2112326
2112576
2113155
2113584
2113846
2114166
2114504
2114926
2115321
2115860
2116535
2117112
2121711
2122012
2122617
2122832
2123328
2123647
2123981
2124423
2124620
2124822
2125099
2125597
2125734
2126043
2128064
2128503
2128940
2129229
2129594
2129882
2130138
2130479
2130863
2131246
2131687
2132114
2135439
2135600
2135921
2136613
2137693
2138209
2138864
2139465
2139755
2140195
2140488
2140869
2142647
2142832
2143177
2143531
2143897
2144219
2144662
2145018
2145354
2145782
2146092
2146431
2146775
2148685
2148920
2149337
2149776
2150170
2150497
2150844
2151285
2152081
2152491
2153406
2153909
2154295
2154896
2157621
2157912
2158309
2158641
2159005
2159311
2159665
2160088
2160408
2160858
2161282
2161622
2164220
2164509
2164838
2165145
2165623
2165876
2166229
2166621
2166856
2167329
2167783
2168254
2168684
2170771
2171329
2171625
2172250
2172677
2173105
2173425
2173694
2174003
2174566
2174913
2175285
2177012
2177284
2177659
2177952
2178193
2178597
2178822
2179080
2179308
2179631
2179999
2180584
2183624
2184059
2184538
2184939
2185393
2185737
2186074
2186523
2186921
2187354
2187685
2188014
2188373
2191054
2191323
2191669
2192022
2192265
2192656
2193044
2193275
2193616
2194001
2194185
2194453
2196351
2196674
2197130
2197470
2198096
2198724
2199153
2199885
2200574
2201620
2202312
2202706
2203075
2203440
2205154
2205454
2205676
2205862
2206094
2206378
2206744
2207169
2207540
2207797
2208108
2208555
2212054
2212894
2213202
2213642
2214070
2214594
2215176
2215748
2216490
2217061
2217894
2218289
2218976
2219808
2227000
2227359
2227784
2228387
2229140
2229681
2230148
2230605
2230978
2231249
2231573
2232003
2234414
2234745
2235207
2235598
2235994
2236391
2236677
2237070
2237392
2237806
2238296
2238574
2238983
2240797
2241032
2241669
2242097
2242435
2242776
2243095
2243480
2244151
2244650
2244956
2245482
2246094
2247956
2248133
2248543
2248848
2249133
2249414
2249634
2249993
2250355
2250618
2251003
2251375
2253067
2253352
2253623
2253979
2254264
2254527
2254877
2255529
2256047
2256633
2256861
2257250
2257707
2259542
2259713
2260078
2260359
2260673
2261066
2261311
2261712
2262142
2262645
2263080
2263594
2264002
2266154
2266413
2266703
2267154
2267574
2267936
2268333
2268631
2268947
2269453
2269720
2270119
2272203
2272569
2273171
2273781
2274228
2274882
2275566
2275868
2276187
2276803
2277155
2277559
2277936
2280378
2280646
2280977
2281350
2281890
2282215
2282552
2282883
2283369
2283902
2284260
2284497
2284817
2286567
2286757
2287064
2287619
2288225
2288876
2289905
2290512
2291188
2291535
2291988
2294505
2294734
2295175
2295794
2296128
2296499
2296840
2297206
2297754
2298878
2299421
2300228
2301102
2301540
2303288
2303511
2303663
2304022
2304362
2304745
2305037
2305550
2306029
2306548
2307083
2307545
2308068
2312623
2312845
2313312
2314325
2314656
2315090
2315498
2315815
2316203
2316538
2316827
2317177
2318988
2319202
2319475
2319857
2320113
2320431
2320624
2320849
2321189
2321645
2321968
2322290
2325606
2326231
2326789
2327263
2327807
2328266
2328654
2328977
2329457
2329637
2329928
2330257
2330628
2332503
2332731
2333111
2333472
2333666
2335099
2335255
2335823
2336249
2336738
2338843
2339028
2339400
2339815
2340223
2340970
2341623
2342068
2342686
2343279
2343872
2344501
2345423
2347413
2347842
2348332
2348630
2348877
2349130
2349466
2349747
2350100
2350471
2350850
2351253
2353850
2354025
2354277
2354563
2354839
2355175
2355539
2355905
2356242
2356540
2357017
2357341
2357520
2359907
2360322
2360453
2360777
2361137
2361440
2361776
2362106
2362395
2362690
2363016
2363275
2365049
2365419
2365755
2366139
2366560
2366952
2367426
2367733
2368085
2368450
2368919
2369339
2372501
2372811
2373140
2373651
2374240
2374583
2375357
2375735
2376132
2376597
2377227
2377980
2378437
2380828
2381078
2381305
2381640
2381877
2382191
2382459
2382985
2383164
2383579
2383995
2384245
2384551
2384899
2387597
2387923
2388384
2388727
2389034
2389260
2389588
2389940
2390451
2391100
2391923
2392392
2397553
2397968
2398339
2398588
2399002
2399268
2399588
2399952
2400249
2400629
2401076
2401429
2401814
2402213
2402771
2405326
2405600
2405817
2406142
2406530
2406784
2407202
2407639
2408018
2408241
2408555
2408894
2411700
2412164
2412618
2413190
2413661
2414056
2414724
2415223
2415699
2416108
2416569
2416910
2417260
2419670
2419873
2420128
2420399
2420652
2420843
2421036
2421331
2421672
2421970
2422266
2422571
2422756
2424466
2424635
2424971
2425417
2425730
2426086
2426444
2426726
2427093
2427504
2427875
2428245
2430670
2430871
2431188
2431503
2431797
2432158
2432451
2432731
2433114
2433397
2433713
2434052
2436295
2436487
2436795
2437007
2437350
2437800
2438097
2438524
2439369
2439939
2440665
2440997
2441482
2442192
2444532
2444785
2444994
2445293
2445626
2446097
2446543
2446885
2447282
2447602
2447908
2448373
2448672
2451107
2451361
2451865
2452311
2452727
2453002
2453404
2453780
2454084
2454664
2455210
2455840
2459322
2459532
2459808
2460064
2460434
2461120
2461929
2462429
2462890
2463177
2463576
2463978
2464423
2466207
2466538
2466770
2467089
2467448
2467872
2468193
2468740
2469124
2469481
2469950
2470527
2473962
2474337
2474881
2476005
2476417
2477222
2478224
2479159
2480070
2480394
2480864
2481168
2481500
2483916
2484184
2484636
2485030
2485375
2485940
2486308
2486739
2487030
2487409
2487711
2487985
2488303
2490381
2490609
2490905
2491281
2491646
2491957
2492350
2492741
2493298
2493699
2494176
2494538
2496490
2496679
2497002
2497394
2497708
2497921
2498180
2498466
2499035
2499273
2499815
2500221
2500604
2502336
2502639
2502960
2503533
2504264
2504890
2505258
2505868
2506382
2506483
2506910
2507403
2507887
2510976
2511165
2511422
2511810
2512140
2512547
2512920
2513275
2513703
2514032
2514362
2514702
2516493
2516726
2517054
2517401
2517718
2517994
2518332
2518626
2518864
2519198
2519699
2520225
2520775
2523908
2524218
2524835
2525234
2525481
2525837
2526128
2526362
2526744
2527197
2527742
2528538
2531402
2531679
2532040
2532432
2532742
2533068
2533340
2533660
2533934
2534202
2534540
2534996
2535322
2537308
2537645
2538060
2538412
2538631
2538893
2539231
2539496
2539795
2540129
2540383
2540780
2541045
2542692
2542952
2543263
2543627
2543890
2544207
2544586
2544964
2545338
2545636
2545973
2546312
2548134
2548403
2548803
2549158
2549510
2549985
2550481
2550983
2551444
2552010
2552373
2553199
2554180
2556418
2556624
2556968
2557306
2557525
2557827
2558166
2558478
2558892
2559251
2559582
2559831
2561869
2562143
2562458
2562691
2562993
2563290
2563632
2563928
2564250
2564605
2564896
2565434
2565990
2566397
2568215
2568533
2568892
2569157
2569404
2569713
2569968
2570247
2570502
2570846
2571338
2573508
2573751
2574124
2574516
2574904
2575280
2575612
2575938
2576268
2576589
2576893
2577354
2578111
2582637
2583323
2583977
2584446
2584842
2585175
2585404
2585726
2586118
2586445
2586851
2587202
2589635
2590030
2590521
2590880
2591229
2591584
2591905
2592170
2592410
2592648
2592950
2593196
2593620
2596202
2596649
2596963
2597239
2597621
2597897
2598261
2598651
2599014
2599302
2599714
2600066
2601765
2602024
2602216
2602483
2602751
2602990
2603249
2603540
2603954
2604272
2604595
2604878
2605239
2607186
2607434
2607815
2608542
2609301
2610051
2610704
2611528
2612036
2612551
2613052
2613436
2615797
2616023
2616376
2616830
2617160
2617464
2617782
2618092
2618486
2618835
2619260
2619708
2620136
2621878
2622174
2622561
2622866
2623223
2623666
2624163
2624534
2624795
2625089
2625454
2625836
2627581
2627741
2628076
2628315
2628592
2628898
2629132
2629548
2629903
2630338
2630831
2631346
2631773
2633953
2634439
2634581
2635055
2635598
2635983
2636395
2636708
2637051
2637445
2637651
2638048
2638599
2639160
2644566
2644810
2645247
2645729
2646286
2646968
2647452
2647837
2648283
2648556
2649058
2649375
2651704
2651929
2652263
2652626
2652909
2653218
2653608
2654028
2654358
2654713
2654990
2655593
2658215
2658384
2658692
2659319
2659940
2660269
2660670
2661042
2661500
2661941
2662406
2662776
2663068
2665221
2665474
2665707
2666053
2666451
2666803
2667189
2667589
2667961
2668245
2668588
2669044
2670742
2670963
2671233
2671511
2671865
2672242
2672545
2672825
2673022
2673759
2674439
2674844
2675449
2678094
2678313
2678735
2679117
2679351
2679688
2680023
2680426
2680754
2681134
2681507
2681727
2683461
2683692
2683984
2684319
2684608
2684901
2685327
2685634
2685978
2686296
2686621
2686909
2687307
2689570
2689819
2690179
2690536
2690856
2691223
2691700
2692029
2692452
2692866
2693236
2693632
2693899
2696051
2696362
2696683
2696932
2697246
2697597
2698020
2698814
2699334
2699760
2700145
2700542
2702942
2703190
2703472
2703830
2704190
2704567
2704956
2705471
2705840
2706173
2706480
2706812
2708860
2709051
2709393
2709809
2710224
2710523
2710947
2711415
2711759
2712146
2712595
2713195
2713799
2718996
2719227
2719759
2720232
2720634
2721003
2721374
2721810
2722286
2722527
2722839
2723181
2725736
2725961
2726284
2726729
2727284
2727656
2728034
2728432
2728860
2729145
2729514
2729779
2730148
2732481
2732752
2733198
2733551
2733888
2734485
2735078
2735720
2736205
2736848
2737448
2737786
2739566
2739866
2740456
2741027
2741390
2741627
2742174
2742548
2742940
2743276
2743602
2743946
2744319
2746290
2746449
2746730
2747038
2747349
2747678
2747897
2748146
2748523
2748942
2749459
2749893
2753573
2753830
2754316
2754662
2755120
2755440
2755880
2756256
2756570
2756944
2757330
2757660
2758022
2760665
2760877
2761315
2761634
2762008
2762367
2762614
2763165
2763608
2763897
2764386
2764865
2765425
2769447
2769790
2770127
2770640
2771123
2771609
2772078
2772398
2772629
2772956
2773261
2773554
2775483
2775691
2776008
2776288
2776662
2777124
2777487
2777983
2778379
2778795
2779039
2779512
2782098
2782320
2782628
2783101
2783549
2784422
2784948
2785619
2786443
2787220
2788019
2788684
2789266
2791738
2792018
2792456
2792780
2793032
2793418
2794358
2794706
2795006
2795424
2795722
2796031
2797875
2798170
2798476
2798742
2799031
2799424
2799700
2799946
2800202
2800556
2800913
2801296
2801739
2804403
2804629
2804958
2805293
2805717
2806001
2806385
2806811
2807074
2807394
2807794
2808072
2808409
2810691
2810934
2811211
2811541
2811972
2812375
2812691
2813107
2813446
2813997
2814085
2814642
2820612
2821479
2821842
2822363
2822906
2823237
2823547
2823902
2824262
2824880
2825309
2825618
2825990
2827713
2827950
2828255
2828565
2828899
2829241
2829576
2829949
2830285
2830748
2830998
2831335
2831891
2835443
2835810
2836160
2836700
2837018
2837716
2838100
2838474
2838768
2839070
2839468
2839970
2842443
2842721
2843049
2843462
2843818
2844154
2844490
2844845
2845345
2845620
2845990
2846391
2846716
2848863
2849407
2849698
2850022
2850599
2851024
2851901
2852265
2852914
2853250
2853617
2854076
2856609
2856910
2857239
2857562
2857823
2858099
2858482
2858899
2859284
2859653
2860019
2860434
2862904
2863145
2863443
2863842
2864229
2864786
2865208
2865652
2865998
2866405
2866852
2867138
2867486
2869252
2869514
2869836
2870046
2870436
2870784
2871094
2871513
2871775
2872109
2872551
2872945
2873208
2874866
2875065
2875360
2875732
2876013
2876423
2876965
2877547
2878043
2878702
2879326
2879621
2880194
2882570
2882935
2883385
2883844
2884158
2884427
2885100
2885605
2886018
2886367
2886788
2887077
2887518
2890816
2891104
2891419
2891795
2892247
2892596
2892926
2893277
2893563
2893903
2894317
2894769
2895282
2898900
2899282
2899724
2900174
2900546
2900893
2901637
2902070
2902456
2902827
2903306
2903661
2906275
2906481
2906831
2907063
2907362
2907640
2908039
2908430
2908764
2909013
2909374
2909879
2911593
2911977
2912222
2912625
2913010
2913464
2913798
2914256
2914695
2915028
2915372
2915558
2915910
2918599
2918730
2919017
2919502
2919814
2920098
2920456
2920982
2921679
2921963
2922297
2922605
2925091
2925348
2925630
2925918
2926453
2927456
2927754
2928437
2929078
2929459
2929786
2930147
2930663
2932316
2932550
2932776
2933008
2933316
2933588
2933957
2934287
2934642
2935129
2935557
2936090
2936590
2939085
2939362
2939741
2940257
2940526
2940941
2941432
2942273
2942916
2943592
2944453
2945036
2947012
2947313
2947828
2948219
2948654
2949034
2949403
2949767
2950215
2950671
2950962
2951432
2953956
2954225
2954656
2955034
2955402
2955939
2956209
2956601
2957120
2957548
2957952
2958391
2959020
2964076
2964311
2964459
2964980
2965484
2966216
2966490
2966810
2967182
2967563
2967885
2968165
2968628
2971202
2971352
2971680
2972018
2972307
2972690
2973038
2973507
2973975
2974408
2974937
2975366
2977787
2977976
2978341
2978833
2979091
2979487
2979960
2980336
2980678
2981049
2981374
2981961
2983849
2984220
2984599
2984911
2985265
2985513
2985810
2986315
2986804
2987016
2987367
2987784
2988262
2990993
2991287
2991667
2992213
2992556
2992856
2993148
2993549
2993918
2994392
2994839
2995183
2995578
2998733
2998975
2999292
2999578
2999822
3000137
3000436
3000767
3001093
3001431
3001793
3002189
3003849
3004196
3004633
3004944
3005295
3005753
3006141
3006470
3006914
3007266
3007896
3008459
3011879
3012348
3012895
3013442
3014297
3014750
3015040
3015377
3015760
3016003
3016341
3016734
3017050
3018840
3019067
3019428
3019838
3020283
3020603
3020889
3021263
3021556
3021904
3022374
3022734
3025174
3025432
3025862
3026204
3026621
3027077
3027407
3027864
3028534
3029099
3029785
3030458
3030876
3032679
3032835
3033245
3033697
3033978
3034369
3034654
3034994
3035603
3036172
3036675
3037175
3037747
3040099
3040357
3040636
3041057
3041346
3041686
3041972
3042251
3042735
3043454
3044044
3044382
3050021
3050316
3050797
3051324
3051971
3052509
3053130
3053871
3054172
3054565
3054886
3055236
3055680
3058137
3058406
3058811
3059162
3059608
3059971
3060273
3060611
3061074
3061398
3061739
3062071
3063641
3063917
3064554
3065116
3065601
3066206
3066949
3067716
3068476
3069310
3069835
3070395
3070828
3072668
3072912
3073269
3073608
3073964
3074395
3074638
3075013
3075374
3075697
3076021
3076428
3078814
3079026
3079365
3079631
3079967
3080339
3080783
3081240
3081985
3082678
3083503
3084245
3086973
3087171
3087596
3087987
3088416
3088874
3089343
3089658
3090094
3090554
3090855
3091252
3091607
3093886
3094112
3094444
3094886
3095214
3095520
3095819
3096097
3096429
3096956
3097436
3097961
3098597
3101796
3102261
3102671
3103040
3103399
3103718
3104103
3104578
3104891
3105245
3105491
3105816
3108584
3108695
3109001
3109315
3109590
3109934
3110301
3110677
3110905
3111278
3111574
3111823
3112220
3115129
3115366
3115578
3116121
3116679
3117120
3117539
3117893
3118178
3118448
3118818
3119308
3120919
3121215
3121767
3122336
3122823
3123170
3123535
3123989
3124455
3124812
3125177
3125584
3125938
3128413
3128773
3129226
3129550
3129938
3130412
3130760
3131205
3131832
3132447
3133005
3133361
3135834
3136020
3136400
3136717
3137078
3137330
3137649
3137898
3138250
3138554
3139089
3139333
3139786
3142253
3142537
3142850
3143250
3143601
3143984
3144270
3144603
3145011
3145355
3145693
3146149
3152245
3152532
3153267
3153706
3154511
3154985
3155277
3155787
3156051
3156443
3156819
3157089
3157393
3157757
3159652
3159905
3160276
3160625
3161004
3161404
3161712
3162032
3162274
3162672
3163059
3163296
3165946
3166140
3166467
3166898
3167451
3168036
3168542
3168791
3169381
3169852
3170169
3170776
3171489
3171810
3174361
3174665
3174945
3175274
3175604
3175824
3176138
3176473
3176895
3177161
3177493
3177844
3178231
3180712
3181031
3181370
3181845
3182431
3183074
3183559
3183946
3184237
3184544
3184936
3185175
3187603
3187796
3188114
3188584
3188957
3189313
3189731
3189981
3190376
3190716
3190996
3191330
3194859
3195042
3195329
3195917
3196160
3196461
3196845
3197565
3198204
3198546
3199028
3199674
3200345
3206070
3206745
3207447
3208079
3208359
3208767
3209169
3209409
3209910
3210257
3210586
3210957
3212722
3212964
3213340
3213771
3214040
3214471
3214800
3215104
3215456
3215791
3216150
3216474
3217023
3220581
3220765
3221023
3221712
3222280
3222971
3223186
3223808
3224298
3224565
3224905
3225390
3225866
3226199
3228141
3228303
3228672
3229176
3229540
3229945
3230463
3230788
3231249
3231652
3231916
3232227
3234319
3234639
3234932
3235160
3235448
3235782
3236340
3236835
3237627
3237895
3238405
3238838
3239192
3239477
3241391
3241582
3241881
3242079
3242346
3242751
3242941
3243379
3243739
3243970
3244260
3244525
3244797
3246641
3246834
3247198
3247468
3247818
3248257
3249192
3249713
3250651
3251050
3251391
3252185
3252932
3255157
3255454
3255762
3256103
3256454
3256784
3257087
3257482
3257823
3258707
3259039
3259388
3261238
3261691
3262060
3262456
3262796
3263057
3263404
3263655
3263832
3264140
3264585
3265151
3265614
3270332
3270574
3271009
3271509
3271999
3272554
3273291
3273727
3274101
3274519
3274911
3275230
3277075
3277348
3277698
3278008
3278302
3278691
3279192
3279457
3279866
3280238
3280538
3281052
3281378
3283144
3283540
3283820
3284206
3284714
3285455
3285908
3286461
3286914
3287267
3287886
3288580
3289222
3291139
3291557
3291982
3292352
3292679
3293098
3293337
3293637
3294041
3294397
3294742
3295097
3295431
3297852
3298112
3298477
3298843
3299208
3299583
3299967
3300381
3301064
3301443
3301768
3302111
3302595
3304718
3304896
3305293
3305648
3305951
3306352
3306633
3306962
3307372
3307812
3308142
3308456
3310310
3310616
3310968
3311241
3311668
3311976
3312614
3313235
3313807
3314154
3314588
3314930
3318040
3318280
3318706
3319161
3319624
3320381
3321084
3321709
3322293
3322943
3323565
3324068
3324606
3326993
3327322
3327667
3328061
3328375
3328810
3329238
3329631
3330015
3330412
3330709
3331019
3332821
3333136
3333530
3333985
3334380
3334807
3335261
3335617
3335987
3336372
3336694
3337258
3337920
3343935
3344150
3344508
3344821
3345305
3345648
3345941
3346223
3346488
3346708
3347040
3347476
3347855
3350462
3350694
3351063
3351441
3351733
3352191
3352496
3353008
3353443
3353722
3354062
3354304
3354545
3356438
3356644
3357047
3357566
3357994
3358380
3358815
3359037
3359434
3359857
3360221
3360614
3360934
3363606
3363775
3364119
3364538
3364893
3365380
3365696
3366170
3366481
3366784
3367557
3368213
3370416
3370639
3371098
3371788
3372488
3373196
3373966
3374528
3375096
3375542
3375958
3376203
3378617
3378900
3379160
3379498
3379979
3380353
3380741
3381064
3381419
3381740
3382045
3382418
3382879
3384581
3384823
3385139
3385406
3385965
3386390
3386693
3387031
3387268
3387722
3388146
3388514
3388898
3390668
3390917
3391320
3391912
3392367
3392778
3393177
3393495
3393980
3394361
3394620
3395071
3396773
3397049
3397451
3397793
3398072
3398430
3398706
3399049
3399644
3400443
3401280
3401651
3402074
3403639
3403905
3404473
3405053
3405715
3406025
3406377
3406826
3407211
3407648
3407943
3408303
3410721
3410960
3411252
3411634
3411937
3412279
3412691
3413206
3413727
3414320
3415116
3416017
3419725
3419914
3420288
3420608
3420947
3421291
3421598
3422005
3422307
3422704
3423110
3423341
3423700
3426472
3426717
3427144
3427428
3427876
3428346
3428692
3429140
3429489
3429955
3430529
3431013
3431445
3434860
3435067
3435482
3435991
3436420
3437048
3437680
3437979
3438384
3438723
3439053
3439355
3441061
3441260
3441782
3442081
3442475
3442856
3443397
3444034
3444479
3444855
3445378
3445787
3446137
3447743
3448065
3448379
3448768
3449333
3449565
3450060
3450586
3451053
3451597
3452063
3452384
3454263
3454519
3454925
3455394
3455908
3456343
3456653
3456988
3457395
3457716
3458096
3458517
3461121
3461401
3461854
3462225
3463123
3463427
3463727
3464128
3464668
3464926
3465268
3465757
3466121
3468421
3468624
3468968
3469330
3469901
3470187
3470630
3470843
3471012
3471318
3471683
3471978
3472336
3474111
3474313
3474765
3475138
3475324
3475564
3475817
3475982
3476200
3476541
3477029
3477533
3478085
3483187
3483420
3483750
3484265
3484707
3485133
3485800
3486659
3486997
3487334
3487716
3488017
3489971
3490237
3490582
3490819
3491147
3491421
3491740
3492124
3492475
3492813
3493316
3493851
3496977
3497193
3497458
3497882
3498417
3499109
3499426
3499848
3500324
3501064
3501898
3502317
3502722
3504652
3504897
3505162
3505404
3505766
3506116
3506496
3506947
3507461
3507819
3508270
3508722
3511159
3511474
3511898
3512163
3512427
3512688
3513146
3513518
3514009
3514322
3514727
3515245
3515720
3516528
3518356
3518629
3519162
3519594
3519951
3520422
3520922
3521316
3521782
3522212
3522593
3522902
3524735
3524924
3525336
3525629
3525928
3526227
3526478
3526857
3527271
3527537
3528033
3528500
3528989
3534220
3534634
3535340
3538146
3538503
3538917
3539454
3542056
3542319
3542619
3542913
3543167
3543582
3543902
3544244
3544640
3545086
3545415
3545744
3548149
3548396
3548822
3549219
3549599
3550064
3550446
3550945
3551476
3551976
3552423
3553061
3553466
3556214
3556524
3556863
3557303
3557711
3558055
3558531
3559025
3559714
3560481
3560932
3561330
3563722
3563965
3564346
3564837
3565274
3565634
3566021
3566366
3566670
3567005
3567470
3567906
3568203
3570115
3570306
3570959
3571399
3571827
3572196
3572448
3572848
3573225
3573581
3573888
3574350
3576608
3576917
3577227
3577650
3578119
3578575
3578941
3579191
3579511
3579816
3580132
3580609
3581322
3584537
3585158
3585868
3586307
3586691
3587221
3587602
3587806
3588147
3588542
3588906
3589262
3589748
3592343
3592589
3592930
3593329
3593732
3594148
3594500
3594699
3594940
3595225
3595445
3595767
3596027
3598079
3598294
3598759
3599198
3599615
3600269
3601025
3601635
3602380
3603121
3603705
3604007
3605718
3605924
3606239
3606524
3606765
3607083
3607488
3607811
3608124
3608421
3608877
3609272
3609601
3611526
3611884
3612263
3612634
3613124
3613440
3613913
3614412
3614878
3615552
3616302
3616927
3617710
3618517
3624443
3625179
3625403
3625845
3626680
3627098
3627706
3628063
3628362
3628661
3628935
3629334
3629682
3632181
3632387
3633044
3633382
3633787
3634168
3634412
3634682
3635008
3635310
3635758
3636117
3636492
3639346
3639612
3639906
3640334
3640931
3641194
3641599
3642007
3642322
3642692
3643013
3643464
3645974
3646223
3646630
3647056
3647389
3647814
3648252
3648544
3648820
3649185
3649718
3650167
3650334
3652252
3652423
3652722
3653013
3653414
3653957
3654574
3655022
3656020
3656350
3656743
3657063
3659421
3659601
3659934
3660330
3660778
3661155
3661484
3661852
3662161
3662584
3662930
3663309
3663659
3666454
3666809
3667139
3667516
3667792
3668013
3668434
3668762
3669082
3669442
3670007
3670743
3672872
3673368
3673748
3674438
3675119
3676091
3676615
3677039
3677582
3678085
3678544
3678881
3679197
3680850
3681164
3681501
3681863
3682211
3682455
3682864
3683256
3683556
3683987
3684369
3684626
3687144
3687443
3687672
3688090
3688911
3689330
3690058
3690823
3691426
3692225
3692438
3692686
3692968
3694914
3695212
3695615
3695912
3696258
3696713
3697065
3697360
3697705
3698101
3698438
3698737
3699142
3702031
3702357
3703015
3703631
3704198
3704610
3705150
3705707
3706148
3706638
3707109
3707671
3708454
3710204
3710457
3710710
3710987
3711368
3711775
3712223
3713024
3713507
3713888
3714404
3714866
3718779
3718988
3719394
3719702
3720056
3720328
3720632
3721020
3721408
3721708
3722100
3722557
3725677
3726086
3726511
3726817
3727434
3727840
3728194
3728591
3728919
3729257
3729619
3729987
3730422
3733121
3733397
3733722
3734107
3734477
3734796
3735183
3735544
3735853
3736248
3736579
3736840
3739308
3739589
3739948
3740694
3741103
3741544
3742133
3742552
3743099
3743422
3743766
3744130
3744430
3744688
3744946
3746627
3746784
3747082
3747362
3747588
3747907
3748302
3748581
3748988
3749432
3749776
3750128
3752129
3752365
3752785
3753098
3753569
3754023
3754369
3754726
3754981
3755409
3755773
3756098
3756581
3759152
3759402
3759845
3760110
3760473
3760817
3761129
3761518
3761951
3762302
3762734
3763129
3763604
3766290
3766498
3766861
3767310
3767613
3767960
3768263
3768682
3769580
3770098
3770470
3770923
3773295
3773390
3773691
3774085
3774536
3774891
3775316
3775819
3776288
3776700
3777225
3777535
3777793
3779477
3779675
3779971
3780330
3780562
3780908
3781301
3781462
3781804
3782196
3782542
3782981
3786015
3786470
3787530
3787936
3788627
3789054
3789699
3790031
3790386
3790719
3791156
3791620
3791875
3793980
3794179
3794422
3794741
3795079
3795349
3795755
3796180
3796554
3796902
3797381
3797676
3800186
3800436
3800693
3801143
3801605
3802309
3802789
3803381
3804012
3804666
3805447
3806113
3806613
3808369
3808611
3808936
3809169
3809420
3809667
3809845
3810056
3810322
3810597
3810912
3811236
3812917
3813093
3813466
3813896
3814218
3814612
3814987
3815520
3815860
3816310
3816786
3817528
3818281
3825318
3825975
3826396
3827189
3827608
3827971
3828530
3828974
3829540
3830075
3830605
3831288
3832068
3834545
3834809
3835764
3836392
3836871
3837185
3837403
3837753
3838231
3838705
3839203
3839540
3840038
3843630
3843879
3844293
3844676
3845005
3845572
3846227
3847008
3847632
3848705
3849577
3850420
3852378
3852835
3853087
3853480
3854283
3854735
3855195
3855537
3855934
3856356
3856791
3857328
3857711
3860116
3860449
3860933
3861194
3861634
3862052
3862450
3862842
3863356
3863883
3864537
3865431
3868185
3868446
3868791
3869105
3869475
3869906
3870243
3870691
3871096
3871423
3871891
3872296
3872661
3874419
3874619
3874926
3875244
3875532
3875776
3876223
3876575
3876889
3877315
3877829
3878149
3882890
3883193
3883464
3883853
3884453
3884853
3885167
3885547
3885917
3886259
3886587
3886984
3887171
3888983
3889235
3889560
3889887
3890286
3890652
3890986
3891396
3891856
3892161
3892545
3892867
3893310
3896031
3896268
3896774
3897287
3897559
3897995
3898415
3898742
3899076
3899317
3899665
3900055
3901806
3902032
3902430
3902747
3903111
3903480
3903965
3904296
3904650
3905081
3905483
3905873
3908312
3908589
3908953
3909279
3909722
3910321
3911023
3911746
3912488
3913166
3913609
3913973
3914298
3916125
3916577
3916876
3917132
3917435
3917716
3918134
3918415
3918690
3918965
3919342
3919921
3921644
3921909
3922208
3922562
3922948
3923326
3923718
3924161
3924690
3925201
3925577
3925968
3926371
3929417
3929657
3929985
3930335
3930621
3930941
3931251
3931500
3931809
3932142
3932385
3932696
3935530
3935849
3936305
3936823
3937274
3937609
3938080
3938507
3938853
3939156
3939567
3939921
3940354
3945065
3945458
3945509
3946058
3946358
3946757
3947082
3947361
3947641
3947981
3948359
3948786
3949042
3951468
3951941
3952540
3952900
3953290
3953626
3953986
3954392
3954745
3955143
3955576
3956047
3958603
3958880
3959361
3959797
3960568
3961318
3961673
3962076
3962483
3962786
3963152
3963576
3963896
3965809
3965996
3966412
3966866
3967091
3967402
3967684
3968098
3968437
3968796
3969134
3969434
3971924
3972208
3972446
3972984
3973422
3973893
3974252
3974592
3975083
3975711
3976083
3976518
3976916
3978561
3978884
3979085
3979477
3980005
3980483
3980987
3981303
3981677
3982055
3982385
3982707
3983109
3985842
3986076
3986355
3986738
3987133
3987459
3987795
3988097
3988531
3989062
3989335
3989764
3992216
3992432
3992702
3993019
3993397
3993760
3994353
3994711
3995484
3995991
3996409
3996776
3997218
4000459
4000715
4001169
4001584
4001983
4002751
4003591
4003974
4004323
4004681
4005076
4005480
4009562
4010165
4010836
4011420
4011942
4012509
4013116
4013647
4014065
4014578
4014938
4015277
4016937
4017212
4017675
4017976
4018401
4018805
4018969
4019606
4019930
4020277
4020654
4020971
4021443
4024264
4024497
4024905
4025342
4025859
4026440
4026927
4027310
4027807
4028306
4028896
4029369
4030313
4032327
4032651
4033072
4033428
4033704
4034134
4034536
4034806
4035276
4035503
4035867
4036157
4037726
4038046
4038290
4038532
4038974
4039247
4039593
4039965
4040257
4040591
4040900
4041175
4041469
4044339
4044724
4045277
4045491
4046065
4046501
4046805
4047046
4047365
4047649
4047945
4048216
4050884
4051139
4051483
4052127
4052475
4052831
4053060
4053425
4053845
4054265
4054719
4055252
4055798
4056275
4061928
4062199
4062829
4063689
4064204
4064505
4064867
4065310
4065754
4066095
4066429
4066804
4068659
4068905
4069272
4069585
4070014
4070452
4070778
4071178
4071624
4071960
4072184
4072468
4074442
4074710
4075084
4075538
4076145
4076617
4077036
4077628
4078374
4079000
4079654
4080288
4080803
4082861
4083091
4083429
4083779
4084158
4084568
4084838
4085231
4085546
4086019
4086374
4086808
4089391
4089611
4089954
4090280
4090616
4090978
4091443
4091915
4092250
4092595
4093072
4093761
4094171
4094830
4096733
4096884
4097256
4097537
4097795
4098171
4098514
4098806
4099251
4099526
4099904
4100293
4102780
4103062
4103501
4103899
4104139
4104572
4104838
4105217
4105398
4105774
4106153
4106571
4107621
4110513
4110835
4111306
4111811
4112194
4112604
4112912
4113335
4113662
4114055
4114476
4114928
4115277
4117006
4117308
4117562
4117969
4118392
4118653
4118975
4119282
4119644
4120101
4120464
4120787
4123399
4123724
4124359
4124837
4125280
4125653
4126205
4126709
4127177
4127544
4127886
4128124
4130498
4130813
4131078
4131393
4131791
4132068
4132529
4132849
4133270
4133522
4133776
4134266
4134682
4136728
4136928
4137317
4137766
4138262
4138849
4139098
4139419
4139829
4140179
4140386
4140718
4142446
4142785
4143272
4143602
4144093
4144599
4145095
4145275
4145685
4146085
4146392
4146733
4147084
4148695
4149187
4149516
4149789
4150213
4150654
4151303
4152036
4152780
4153682
4154571
4155422
4156275
4158450
4158664
4159034
4159406
4159760
4159946
4160184
4160417
4160740
4161100
4161574
4161854
4162273
4164699
4164976
4165297
4165527
4165769
4166137
4166663
4166985
4167433
4168198
4168807
4169429
4173843
4174234
4174293
4174888
4175493
4175997
4176463
4176831
4177265
4177696
4178205
4178715
4179077
4179597
4181901
4182232
4182671
4183016
4183386
4183879
4184305
4184616
4185002
4185405
4186020
4186457
4186901
4190071
4190551
4190998
4191762
4192386
4193054
4193298
4193915
4194456
4194947
4195587
4195866
4196216
4198164
4198348
4198679
4199017
4199293
4199672
4199930
4200223
4200484
4200735
4201036
4201494
4201726
4204216
4204456
4204924
4205368
4205788
4206471
4206919
4207277
4207804
4208394
4209138
4210014
4212126
4212412
4212810
4213228
4213475
4213825
4214077
4214357
4214705
4214974
4215296
4215530
4215833
4217868
4218157
4218468
4218938
4219366
4219960
4220325
4220698
4221203
4221747
4222575
4223307
4224333
4231065
4231445
4232010
4232124
4232975
4233474
4234207
4234704
4235287
4235663
4236036
4236401
4236648
4236877
4238619
4239053
4239370
4239711
4240082
4240406
4240799
4241080
4241406
4241684
4241927
4242190
4243905
4244198
4244646
4245108
4245491
4245918
4246208
4246561
4246949
4247306
4247609
4247946
4249733
4250021
4250386
4250788
4251213
4251675
4252125
4252507
4252927
4253183
4253446
4253811
4254038
4256511
4256720
4257196
4257704
4258486
4258794
4259213
4259767
4260445
4261056
4262251
4262572
4263347
4264156
4266412
4266753
4267182
4267598
4267943
4268321
4268678
4268988
4269348
4269811
4270199
4270642
4273195
4273420
4273859
4274151
4274460
4274852
4275300
4275611
4276059
4276724
4277113
4277680
4282168
4282745
4283622
4284125
4284476
4284799
4285277
4285622
4285931
4286358
4286729
4287138
4287607
4288079
4290547
4290835
4291128
4291390
4291655
4291960
4292314
4292590
4292917
4293282
4293617
4294057
4298334
4298432
4298655
4299379
4299741
4300124
4300745
4301275
4301857
4302293
4302840
4303416
4304192
4304691
4305062
4307994
4308392
4308785
4309176
4309673
4310045
4310411
4310742
4311152
4311461
4311919
4312219
4314685
4314919
4315292
4315631
4316095
4316598
4317373
4318143
4318276
4318575
4319264
4320002
4320552
4321143
4322961
4323276
4323551
4323897
4324202
4324436
4324557
4324798
4325149
4325550
4325854
4326239
4326641
4328427
4328797
4329150
4329433
4329785
4330064
4330305
4330573
4331085
4332089
4332711
4333485
4337396
4337524
4338015
4338625
4338986
4339370
4339737
4340124
4340455
4340660
4341016
4341304
4343083
4343370
4343565
4343877
4344202
4344427
4344660
4344873
4345226
4345449
4345821
4346368
4348085
4348388
4348994
4349471
4350156
4350830
4351515
4351734
4352132
4352465
4352807
4353099
4353433
4356017
4356313
4356545
4356923
4357246
4357588
4358028
4358445
4359236
4359654
4359979
4360382
4362221
4362529
4362872
4363316
4363760
4364176
4364506
4365085
4365578
4365851
4366269
4366665
4366965
4369452
4369622
4369896
4370297
4370623
4370951
4371389
4371670
4371991
4372271
4372552
4372865
4374921
4375151
4375427
4375916
4376525
4377108
4377375
4377733
4378150
4378633
4379147
4379921
4380778
4384128
4384389
4384742
4385282
4385744
4386138
4386374
4386859
4387282
4387535
4387845
4388114
4388466
4390877
4391082
4391392
4391796
4392184
4392585
4393074
4393557
4394131
4394721
4395520
4401894
4402238
4402719
4403609
4404545
4405211
4405565
4405924
4406324
4406737
4407199
4407563
4408007
4410684
4410895
4411222
4411570
4412011
4412408
4412818
4413229
4413652
4414176
4414504
4414848
4415221
4417160
4417591
4418149
4418656
4419214
4419504
4420237
4420520
4421125
4421820
4422247
4422502
4422816
4423193
4425511
4425817
4426225
4426489
4426698
4427115
4427455
4427870
4428161
4428479
4428944
4429187
4431713
4432013
4432367
4432770
4433228
4433805
4434383
4434777
4435268
4435584
4435940
4436749
4439480
4440060
4440529
4441012
4441425
4441884
4442392
4442919
4443292
4443619
4444136
4444412
4444697
4447697
4448043
4448367
4448709
4448934
4449360
4449694
4449971
4450246
4450483
4450787
4451166
4451565
4454499
4454634
4454871
4455206
4455508
4455996
4456378
4456856
4457168
4457611
4457920
4458283
4462246
4462450
4462796
4463135
4463573
4463987
4464297
4464701
4464998
4465335
4465664
4466045
4466329
4469162
4469565
4469908
4470391
4470975
4471541
4472267
4472817
4473528
4473896
4474339
4475226
4475728
4476167
4477955
4478199
4478548
4478782
4479140
4479543
4479833
4480150
4480585
4480870
4481202
4481531
4483986
4484252
4484650
4485075
4485497
4486104
4486534
4486920
4487555
4487984
4488470
4488970
4489494
4493459
4493816
4494307
4494772
4495606
4496062
4496334
4496752
4497039
4497398
4497756
4498218
4500887
4501166
4501641
4502135
4502581
4502984
4503374
4503697
4504008
4504341
4504656
4505039
4507583
4507861
4508219
4508601
4509116
4509778
4510733
4511091
4511584
4511943
4512271
4512614
4512951
4515409
4515652
4516023
4516498
4516889
4517242
4517524
4517862
4518107
4518360
4518732
4519054
4520971
4521167
4521464
4521740
4522114
4522542
4522942
4523586
4524230
4524860
4525576
4526535
4527201
4527935
4530304
4530575
4530994
4531429
4531850
4532214
4532608
4533037
4533452
4533732
4534160
4534653
4537113
4537404
4537730
4538101
4538550
4539076
4539465
4539819
4540330
4540710
4541275
4541894
4542448
4548539
4549314
4549839
4549987
4550801
4551300
4551752
4552110
4552452
4552839
4553098
4553341
4553677
4554082
4556806
4556988
4557471
4557801
4558147
4558445
4558783
4559112
4559466
4559881
4560235
4560575
4563159
4563408
4564156
4564504
4565130
4565723
4566433
4567234
4567670
4568076
4568456
4568798
4569277
4571753
4571972
4572395
4572686
4573074
4573529
4573855
4574220
4574688
4574999
4575345
4575647
4578129
4578313
4578687
4579295
4579831
4580620
4581192
4581786
4582524
4583276
4584008
4584853
4585366
4585965
4587669
4587954
4588195
4588539
4588962
4589368
4589781
4590302
4590714
4591119
4591508
4591930
4592213
4593926
4594174
4594411
4594675
4595060
4595305
4595679
4596151
4596557
4596889
4597270
4597844
4600820
4601104
4601567
4602176
4602755
4603289
4603678
4603946
4604256
4604623
4604903
4605573
4606047
4608835
4609051
4609418
4609848
4610276
4610598
4611112
4611489
4612032
4612545
4612940
4613404
4615099
4615383
4615785
4616253
4616633
4617097
4617313
4617743
4618313
4618790
4619198
4619541
4619863
4621690
4622163
4622456
4622806
4623165
4623458
4623727
4624134
4624449
4624756
4625195
4625620
4625989
4628473
4628813
4629090
4629417
4629762
4630019
4630372
4630862
4631639
4631982
4632622
4633417
4633991
4635007
4638191
4638513
4638932
4639225
4639618
4640152
4640394
4640760
4641202
4641453
4641790
4642134
4644574
4644786
4645131
4645644
4645919
4646409
4646919
4647190
4647563
4647976
4648522
4649028
4655239
4655543
4655867
4656405
4657207
4657789
4658030
4658409
4658750
4659076
4659388
4659674
4660095
4662634
4662899
4663283
4663669
4663976
4664340
4664781
4665081
4665444
4665828
4666155
4666922
4668712
4669007
4669396
4669761
4670218
4670852
4671389
4671738
4672248
4672545
4672975
4673821
4674295
4674601
4676805
4677107
4677516
4677946
4678257
4678696
4679124
4679566
4679930
4680337
4680777
4681031
4681303
4683232
4683500
4683917
4684168
4684411
4684764
4685252
4685773
4686488
4687246
4687595
4688028
4688475
4688867
4694629
4695270
4695642
4696037
4696451
4696845
4697334
4697684
4697968
4698232
4698556
4698878
4701009
4701210
4701494
4701772
4702086
4702357
4702756
4703044
4703398
4703717
4704103
4704463
4704823
4706840
4707159
4707667
4708275
4708693
4709259
4709589
4710002
4710523
4710778
4711301
4711609
4714125
4714320
4714692
4715083
4715521
4715818
4716136
4716554
4716900
4717288
4717721
4717996
4718314
4720820
4721022
4721395
4721970
4722658
4722987
4723501
4724218
4724754
4725044
4725388
4725648
4726009
4728858
4729060
4729442
4729736
4730060
4730354
4730752
4731155
4731427
4731765
4732133
4732426
4736249
4736445
4736763
4737089
4737489
4737959
4738359
4738976
4739633
4740255
4740777
4741363
4741530
4742116
4747786
4748027
4748424
4748787
4749508
4749846
4750161
4750510
4751198
4751704
4752067
4752461
4752871
4753110
4755739
4755830
4756074
4756480
4756812
4757154
4757586
4757896
4758250
4758733
4759196
4759529
4763700
4764516
4764847
4765410
4766116
4766440
4766974
4767731
4768176
4768606
4768948
4769369
4769766
4770152
4772560
4772832
4773082
4773527
4773860
4774255
4774668
4775107
4775535
4775876
4776208
4776594
4776936
4779658
4779948
4780288
4780673
4781289
4781679
4782355
4782782
4783185
4783614
4784200
4784664
4785387
4785810
4787509
4787841
4788165
4788530
4789072
4789367
4789666
4790018
4790310
4790675
4791058
4791362
4793912
4794210
4794613
4795107
4795410
4795682
4796148
4796775
4797176
4797562
4797910
4798518
4798892
4800725
4800973
4801449
4801819
4802215
4802585
4802967
4803297
4803660
4803903
4804293
4804594
4807047
4807205
4807499
4807861
4808181
4808564
4808966
4809314
4809825
4810229
4810683
4811338
4811794
4816550
4816781
4817054
4817574
4817948
4818309
4818724
4819270
4819627
4820081
4820412
4820853
4823354
4823558
4823869
4824314
4824683
4825056
4825539
4825843
4826211
4826533
4826846
4827196
4828826
4829117
4829473
4830144
4830520
4831064
4831589
4832072
4832564
4833025
4833231
4833637
4834035
4836536
4836748
4837089
4837461
4837740
4838123
4838628
4838913
4839404
4839742
4840064
4840408
4842752
4843034
4843333
4843617
4843837
4844191
4844791
4845400
4846116
4846446
4847036
4847834
4848822
4850452
4850686
4851094
4851554
4851816
4852211
4852532
4852902
4853166
4853431
4853699
4853953
4854324
4856808
4856990
4857261
4857639
4857946
4858391
4858659
4859107
4859598
4860059
4860740
4860916
4861111
4863917
4864101
4864351
4864723
4865000
4865327
4865661
4866093
4866417
4866763
4867048
4867452
4870162
4870322
4870550
4870815
4871094
4871433
4871636
4872010
4872333
4872744
4873055
4873407
4873700
4875506
4875683
4876275
4876519
4876871
4877157
4877348
4877626
4878012
4878387
4878633
4878973
4880803
4881017
4881438
4881811
4882270
4882714
4883005
4883440
4883830
4884087
4884501
4884974
4885273
4888306
4888651
4889101
4889538
4889992
4890362
4890749
4891123
4891435
4891804
4892197
4892460
4892756
4894470
4894769
4895080
4895380
4895732
4896114
4896346
4896629
4896891
4897146
4897466
4897759
4900243
4900584
4900797
4901136
4901529
4901910
4902414
4902844
4903263
4903571
4903845
4904164
4906251
4906472
4906777
4907235
4907609
4908002
4908341
4908592
4908875
4909098
4909334
4909742
4910030
4911721
4911991
4912315
4912774
4913009
4913414
4913787
4914250
4915012
4915272
4915580
4915829
4916116
4918475
4918706
4918957
4919248
4919476
4919786
4920309
4920550
4921121
4921399
4921806
4922262
4924717
4924951
4925277
4925639
4926107
4926436
4926793
4927027
4927634
4928714
4929510
4930396
4933031
4933247
4933628
4933899
4934219
4934497
4934918
4935239
4935558
4935848
4936125
4936463
4936690
4938436
4938640
4938914
4939167
4939508
4939909
4940443
4940995
4941563
4941740
4942284
4942586
4942956
4946102
4946456
4946821
4947252
4947557
4947951
4948386
4948668
4949052
4949401
4949717
4950063
4952617
4952876
4953304
4953743
4954127
4954495
4954840
4955140
4955550
4956094
4956374
4956664
4956966
4959081
4959558
4959846
4960179
4960722
4961116
4961422
4961777
4962069
4962452
4962886
4963271
4965745
4966063
4966392
4966850
4967292
4967615
4967912
4968236
4968704
4968966
4969376
4969762
4973332
4973745
4974379
4975130
4975817
4976519
4977392
4978408
4979369
4980296
4981391
4981976
4982334
4985246
4985586
4986118
4986507
4986867
4987381
4987719
4987992
4988253
4988457
4988718
4989107
4989527
4991197
4991378
4991744
4992101
4992474
4992769
4993165
4993485
4993999
4994460
4994782
4995411
4999534
4999607
5000142
5000475
5000817
5001244
5001526
5001963
5002327
5002624
5003084
5003450
5003706
5005464
5005741
5006059
5006403
5006737
5007147
5007425
5007662
5007931
5008205
5008487
5008830
5011244
5011441
5011721
5012115
5012570
5012844
5013225
5013613
5013910
5014380
5014755
5014994
5015272
5017815
5017970
5018301
5018671
5018923
5019378
5019722
5019984
5020347
5020670
5020940
5021369
5023242
5023512
5023851
5024406
5024846
5025410
5025766
5026219
5026670
5027119
5027428
5027772
5028090
5030541
5030840
5031223
5031487
5031889
5032239
5032557
5032954
5033234
5033535
5033869
5034185
5034549
5039493
5039759
5040245
5041164
5041455
5041917
5042486
5043183
5043998
5044818
5045546
5046368
5048406
5048709
5049135
5049647
5049900
5050171
5050488
5050787
5051090
5051418
5051731
5052199
5053860
5054214
5054511
5054933
5055210
5055521
5055875
5056698
5057094
5057461
5058003
5058608
5059038
5062305
5062466
5062946
5063360
5063736
5064010
5064516
5064860
5065213
5065508
5065789
5066001
5066396
5068691
5069018
5069320
5069600
5070028
5070361
5070941
5071409
5071831
5072198
5072532
5072831
5075391
5075564
5075825
5076243
5076750
5077093
5077366
5077627
5077906
5078299
5078786
5079075
5079522
5081754
5081988
5082405
5082918
5083448
5084556
5085138
5085774
5086402
5087008
5087758
5088300
5088931
5093033
5093299
5093609
5094123
5094825
5095145
5095436
5095728
5095994
5096257
5096508
5098218
5098424
5098914
5099524
5100179
5100327
5100364
5100870
5101441
5101921
5102567
5102989
5103432
5104020
5104414
5106852
5107070
5107490
5107845
5108212
5108655
5108971
5109282
5109522
5109941
5110349
5110536
5110786
5112864
5113100
5113510
5114134
5114563
5114971
5115591
5116229
5116876
5117536
5117815
5118147
5120695
5120983
5121307
5121576
5121947
5122346
5122731
5123366
5123794
5124174
5124624
5125361
5125781
5127811
5127956
5128241
5128559
5128883
5129277
5129858
5130372
5130851
5131155
5131574
5131956
5133996
5134186
5134656
5134870
5135224
5135538
5135924
5136250
5136563
5136859
5137169
5137510
5137991
5140103
5140341
5140777
5141398
5141933
5142405
5142950
5143204
5143497
5143802
5144173
5144581
5147374
5147571
5147843
5148240
5148697
5149182
5149577
5149957
5150469
5150785
5151260
5151517
5151876
5153707
5153861
5154224
5154462
5154776
5155096
5155373
5155813
5156119
5156387
5156695
5156938
5159570
5159925
5160391
5160954
5161579
5162181
5162948
5163210
5163445
5163732
5164118
5164716
5165318
5167044
5167275
5167527
5167848
5168220
5168529
5168806
5169186
5169494
5169831
5170130
5170385
5170723
5172556
5172732
5173039
5173284
5173683
5174020
5174322
5174664
5175310
5176275
5176946
5177026
5177686
5178331
5180303
5180569
5180853
5181179
5181497
5181803
5182099
5182369
5182625
5182896
5183140
5183308
5185032
5185209
5185501
5185783
5186178
5186484
5186832
5187176
5187686
5188280
5188714
5189158
5189869
5195307
5195900
5196144
5196673
5197136
5197537
5198017
5198402
5198665
5198987
5199517
5199867
5200294
5200707
5205511
5205746
5206096
5206467
5206918
5207300
5207656
5208005
5208452
5208784
5209099
5209451
5211195
5211343
5211822
5212669
5213221
5213865
5214433
5214967
5215529
5216068
5216727
5217062
5217499
5220151
5220479
5220818
5221272
5221694
5222027
5222425
5222881
5223286
5223687
5224062
5224396
5226854
5227139
5227482
5227840
5228297
5228748
5229106
5229657
5230732
5231177
5231684
5232176
5232740
5233322
5236241
5236481
5236781
5237077
5237277
5237596
5238098
5238488
5238800
5239050
5239410
5239819
5242273
5242497
5242801
5243173
5243457
5243661
5244175
5244627
5245023
5245424
5245755
5246319
5250550
5250976
5251100
5251524
5251970
5252295
5252627
5253018
5253344
5253709
5254090
5254431
5254809
5255090
5257564
5257804
5258218
5258495
5258829
5259162
5259474
5259868
5260195
5260543
5260976
5261305
5261857
5266820
5266980
5267369
5268354
5268718
5268791
5269566
5270163
5270545
5270832
5271157
5271585
5271915
5272291
5275313
5275505
5275868
5276176
5276388
5276724
5277078
5277436
5277712
5277986
5278354
5278619
5281086
5281304
5281555
5281953
5282829
5283439
5284090
5284721
5285220
5285831
5286386
5287049
5287473
5290159
5290421
5290777
5291120
5291588
5292063
5292510
5292963
5293320
5293920
5294415
5294754
5295114
5297733
5298062
5298444
5298804
5299284
5299577
5299935
5300227
5300602
5300954
5301263
5301819
5306934
5307205
5307635
5308159
5308631
5309003
5309363
5309847
5310146
5310425
5310677
5310903
5311185
5313193
5313448
5313746
5314051
5314361
5314789
5315108
5315424
5315784
5316067
5316327
5316643
5318603
5318923
5319527
5320121
5320770
5321532
5321908
5322216
5322516
5322819
5323172
5323549
5324247
5326079
5326296
5326716
5327013
5327247
5327474
5327788
5328449
5328980
5329396
5329647
5330029
5330361
5332432
5332625
5333086
5333370
5333800
5334206
5334553
5335176
5335971
5336299
5336640
5337030
5339524
5339792
5340085
5340381
5340643
5340998
5341358
5341685
5342118
5342474
5342922
5343284
5345804
5346006
5346290
5346694
5347055
5347776
5348040
5348480
5349021
5349529
5350174
5350590
5350840
5353691
5353967
5354313
5354682
5354993
5355397
5355730
5356146
5356596
5357040
5357443
5357901
5359584
5359799
5360075
5360462
5360839
5361114
5361502
5361830
5362072
5362374
5362756
5363176
5363590
5366846
5367043
5367372
5367716
5368049
5368482
5368890
5369187
5369516
5369856
5370193
5370520
5373000
5373267
5373515
5373848
5374379
5374694
5375048
5375441
5375667
5376089
5376422
5376760
5377169
5379553
5379857
5380357
5380950
5381445
5381966
5382588
5383055
5383494
5383697
5384044
5384452
5386189
5386525
5386835
5387160
5387574
5388000
5388214
5388494
5388771
5389079
5389434
5389857
5390114
5392057
5392242
5392480
5392955
5393246
5393694
5394058
5394351
5394890
5395479
5396138
5396627
5397282
5401071
5401403
5401893
5402281
5402614
5402942
5403217
5403622
5403981
5404335
5404643
5404958
5407346
5407568
5407878
5408193
5408512
5408845
5409186
5409525
5409939
5410368
5410684
5410974
5413475
5413757
5414337
5414769
5415198
5415799
5416727
5417198
5417715
5418031
5418376
5418657
5419092
5419484
5421570
5421921
5422220
5422533
5422838
5423140
5423456
5423766
5424159
5424474
5424791
5425195
5427183
5427456
5427645
5428042
5428448
5428670
5429078
5429443
5429912
5430247
5430699
5430992
5431413
5433994
5434215
5434525
5434971
5435298
5435742
5436182
5436526
5436900
5437174
5437539
5437903
5440366
5440562
5441042
5441460
5442258
5442419
5442790
5443308
5444045
5444440
5444959
5445522
5447738
5448389
5448684
5449041
5449305
5449670
5449958
5450283
5450870
5451404
5451813
5452214
5452622
5454408
5454611
5454959
5455248
5455587
5455932
5456181
5456718
5457062
5457523
5457945
5458226
5458663
5461154
5461458
5461770
5462178
5462398
5462758
5463169
5463643
5464012
5464466
5464794
5465280
5467720
5468029
5468313
5468661
5468981
5469257
5469635
5469968
5470509
5471160
5471224
5471840
5472135
5472664
5473293
5475386
5475613
5476055
5476333
5476596
5477002
5477263
5477513
5477815
5478071
5478436
5478920
5480679
5481043
5481265
5481643
5482051
5482357
5482915
5483334
5483581
5483925
5484411
5485467
5485801
5486379
5493086
5493660
5494386
5495148
5495568
5496002
5496821
5497323
5497967
5498362
5498839
5501450
5501772
5502110
5502441
5502831
5503262
5503542
5503797
5504220
5504425
5504754
5505191
5505503
5507374
5507608
5507953
5508428
5509063
5509606
5509879
5510207
5510619
5511144
5511526
5511907
5513730
5513946
5514325
5514625
5515021
5515413
5515951
5516223
5516655
5517121
5517363
5517740
5518152
5519721
5520066
5520484
5520818
5521245
5521617
5522335
5523259
5523721
5524206
5524833
5526067
5526505
5527065
5529198
5529528
5529916
5530326
5530656
5531014
5531516
5531965
5532399
5532672
5532972
5533225
5534979
5535302
5535561
5535862
5536221
5536744
5537147
5537553
5537865
5538143
5538493
5538969
5539578
5540183
5545481
5546009
5546460
5546969
5547304
5547668
5548083
5548413
5548801
5549188
5549550
5549879
5552525
5552802
5553123
5553410
5553807
5554106
5554430
5554804
5555213
5555571
5555806
5556112
5558237
5558551
5559114
5559664
5560383
5560941
5561413
5562037
5562800
5563223
5563489
5563904
5565655
5565948
5566246
5566633
5566925
5567305
5567779
5568140
5568486
5568783
5569128
5569619
5569966
5572477
5572867
5573739
5574337
5574800
5575182
5575584
5575962
5576287
5576716
5577163
5577611
5578038
5580407
5580703
5580952
5581481
5581869
5582222
5582510
5582837
5583190
5583708
5584174
5584625
5587063
5587340
5587723
5587984
5588308
5588764
5589041
5589463
5589856
5590252
5590641
5590964
5592692
5593045
5593405
5593777
5594087
5594412
5594753
5595079
5595424
5595709
5595999
5596207
5596464
5598544
5598760
5599032
5599268
5599646
5600040
5600428
5600974
5601296
5601922
5602589
5602684
5603369
5603613
5604127
5606627
5606812
5607137
5607511
5607956
5608219
5608500
5608820
5609106
5609370
5609719
5610132
5610688
5613564
5613922
5614238
5614589
5614900
5615182
5615515
5615904
5616201
5616611
5617025
5617570
5620447
5620835
5621613
5622191
5622369
5622698
5622887
5623226
5623668
5623983
5624268
5624583
5624850
5626777
5627016
5627294
5627672
5627929
5628175
5628521
5628858
5629211
5629635
5630053
5630309
5630590
5632548
5632833
5633249
5633892
5634319
5634844
5635509
5636137
5636517
5637061
5637705
5638251
5638634
5641211
5641461
5642123
5642748
5643180
5643509
5643896
5644317
5644648
5645059
5645432
5645718
5648146
5648368
5648673
5649049
5649428
5649745
5650206
5650819
5651461
5651960
5652461
5652700
5653469
5656884
5657063
5657308
5657654
5658124
5658407
5658824
5659283
5659672
5659923
5660247
5660899
5661224
5661513
5663967
5664145
5664530
5664887
5665246
5665601
5665979
5666202
5666450
5666765
5667149
5667534
5668053
5671238
5671516
5672481
5672907
5673665
5674275
5674597
5674911
5675269
5675589
5675831
5676016
5676411
5679624
5679917
5680290
5680742
5681187
5681434
5681741
5681988
5682214
5682549
5682873
5683098
5683453
5686664
5687160
5687871
5688383
5688837
5689366
5690232
5690534
5690840
5691379
5692006
5692450
5692690
5693059
5695703
5695954
5696349
5696769
5697177
5697505
5698025
5698483
5698775
5699006
5699255
5699547
5701164
5701457
5701734
5701967
5702282
5702781
5703195
5703583
5703909
5704229
5704559
5704898
5705220
5707752
5707944
5708135
5708507
5708815
5709124
5709707
5710100
5710457
5710819
5711146
5711530
5713818
5714091
5714252
5714584
5714856
5715167
5715530
5715953
5716749
5717305
5717825
5718347
5724700
5725021
5725455
5726271
5727168
5727630
5727992
5728383
5728885
5729265
5729542
5729851
5730149
5730361
5730716
5732382
5732632
5733058
5733531
5733896
5734303
5734699
5735041
5735610
5736125
5736379
5740694
5741515
5741812
5742205
5742779
5743514
5744302
5744936
5745516
5746031
5746411
5746852
5747307
5749650
5749884
5750124
5750472
5750826
5751205
5751629
5752132
5752525
5752858
5753315
5753681
5754094
5758916
5759251
5759620
5759938
5760333
5760682
5761036
5761460
5761836
5762414
5763208
5763848
5768607
5768785
5769068
5769334
5769630
5769846
5770082
5770365
5770721
5771251
5771479
5771884
5772161
5773781
5774032
5774334
5774674
5775053
5775409
5775722
5776086
5776487
5776972
5777373
5777864
5782304
5782941
5783322
5783873
5784441
5785070
5785341
5785754
5786617
5786874
5787215
5787632
5787911
5788307
5788565
5790912
5791188
5791657
5791983
5792410
5793052
5793537
5793833
5794168
5794566
5794889
5795207
5797649
5797953
5798299
5798765
5799043
5799463
5799816
5800166
5800679
5800914
5801369
5801844
5802470
5804545
5804900
5805098
5805386
5805703
5806027
5806392
5806823
5807112
5807493
5807849
5808127
5808491
5810337
5810588
5810969
5811184
5811530
5811828
5812104
5812517
5813120
5813299
5813515
5814001
5819427
5819865
5820323
5821090
5821381
5821835
5822395
5822692
5822941
5823303
5823615
5824080
5826681
5826940
5827195
5827571
5828075
5828480
5828905
5829178
5829453
5829734
5830048
5830476
5830936
5834548
5834888
5835649
5836106
5836462
5836995
5837551
5838188
5839613
5839984
5840587
5841076
5841437
5841890
5843558
5843901
5844266
5844587
5844999
5845398
5845668
5845987
5846317
5846630
5847084
5847447
5847802
5849877
5850076
5850275
5850636
5850891
5851222
5851548
5851958
5852357
5852830
5853154
5853522
5855237
5855501
5855763
5856015
5856508
5856900
5857311
5857609
5858030
5858423
5858785
5859224
5859560
5861993
5862208
5862506
5862852
5863219
5863449
5863752
5864060
5864348
5864815
5865138
5865580
5871706
5872015
5872300
5872844
5873341
5873971
5874354
5874654
5875135
5875505
5875763
5876047
5876714
5878413
5878690
5879012
5879393
5879755
5880141
5880501
5880889
5881315
5881599
5881912
5882312
5884830
5885163
5885539
5885844
5886372
5886918
5887648
5888614
5889124
5889827
5890382
5890828
5891160
5892852
5893110
5893437
5893888
5894355
5894826
5895290
5895717
5896182
5896512
5896898
5897251
5897660
5899374
5899752
5900236
5900776
5901598
5901878
5902358
5902733
5903250
5903637
5904034
5904576
5905246
5911227
5911351
5911491
5911987
5912431
5912700
5913074
5913459
5913919
5914197
5914627
5914977
5916824
5917123
5917411
5917738
5918291
5918736
5919188
5919566
5919976
5920220
5920542
5920928
5922653
5922906
5923282
5924010
5924627
5924896
5925567
5926029
5926603
5927251
5928174
5928930
5929473
5931828
5932306
5932733
5933007
5933284
5933972
5934575
5934933
5935313
5935622
5935995
5936348
5938847
5939071
5939560
5939841
5940146
5940435
5940809
5941266
5941642
5942156
5942660
5942885
5943314
5943638
5945430
5945699
5946060
5946423
5946775
5947119
5947529
5947838
5948154
5948467
5948736
5949062
5950899
5951097
5951415
5951679
5951879
5952238
5952580
5953008
5953423
5954163
5954801
5955523
5956121
5960990
5961172
5961448
5961787
5962222
5962891
5963223
5963497
5963727
5964077
5964400
5964751
5965106
5966963
5967279
5967704
5968054
5968378
5968783
5969069
5969412
5969795
5970106
5970506
5971026
5975147
5975555
5976038
5976561
5977212
5977542
5978018
5978396
5978808
5979193
5979619
5979983
5982412
5982697
5983072
5983464
5983774
5984179
5984676
5985068
5985423
5985977
5986347
5986755
5987143
5988945
5989259
5989630
5990077
5990454
5991106
5991748
5992125
5992464
5992775
5993037
5993294
5995022
5995264
5995610
5995815
5996187
5996575
5996938
5997293
5997555
5998031
5998369
5998834
5999232
6001680
6001951
6002290
6003030
6003227
6003533
6003849
6004125
6004575
6005094
6005384
6005795
6008310
6008504
6008955
6009177
6009537
6009904
6010309
6010712
6011191
6011606
6012075
6012807
6013319
6015925
6016244
6016495
6016887
6017279
6017697
6018196
6018540
6018920
6019289
6019545
6020027
6022941
6023247
6023546
6023896
6024343
6024878
6025232
6025693
6026005
6026476
6026846
6027163
6027536
6030098
6030278
6030566
6030918
6031216
6031606
6031845
6032184
6032617
6032978
6033394
6033698
6037394
6037649
6038121
6038601
6039103
6039537
6039863
6040253
6040592
6040898
6041208
6041647
6042025
6044630
6044962
6045176
6045468
6045811
6046073
6046451
6046764
6046996
6047301
6047744
6048124
6050387
6050727
6051236
6051757
6052189
6052382
6052697
6053102
6053364
6053728
6054096
6054385
6054732
6056866
6057116
6057438
6057879
6058328
6058629
6058928
6059274
6059716
6060098
6060506
6060933
6064398
6064655
6065079
6065672
6066315
6067221
6067664
6068489
6068931
6069056
6069690
6070087
6070615
6070922
6071282
6073712
6073949
6074282
6074654
6075086
6075499
6075773
6076167
6076486
6076723
6077058
6077532
6077978
6080421
6080706
6081037
6081460
6081970
6082412
6082856
6083223
6083684
6084126
6084553
6085126
6085595
6086008
6088098
6088342
6088608
6089004
6089431
6089691
6090057
6090467
6090784
6091092
6091465
6091835
6094252
6094485
6094724
6095079
6095338
6095665
6096052
6096534
6097082
6097428
6097734
6097967
6098380
6100331
6100663
6100977
6101270
6101512
6101876
6102295
6102679
6103072
6103576
6103919
6104554
6105062
6108050
6108369
6108908
6109506
6110052
6110621
6111217
6111660
6112037
6112482
6112889
6113393
6115708
6115934
6116460
6117486
6117796
6118518
6118787
6119511
6120117
6120469
6120758
6121183
6121573
6121878
6124405
6124668
6124958
6125291
6125638
6125955
6126352
6126719
6126974
6127340
6127653
6127906
6128324
6130072
6130279
6130673
6130901
6131208
6131522
6132063
6132520
6132861
6133174
6133757
6134125
6134520
6136264
6136448
6136740
6137103
6137354
6137621
6137910
6138223
6138632
6139132
6139485
6139825
6140138
6142541
6142757
6143012
6143321
6143606
6144042
6144491
6145003
6145726
6146152
6148139
6149868
6150237
6150970
6151359
6151750
6152192
6152571
6152977
6153470
6153756
6154056
6154364
6154556
6154816
6156594
6156760
6157219
6157623
6157883
6158295
6158793
6159200
6159547
6159821
6160248
6160579
6161075
6164034
6164391
6164817
6165229
6165565
6165884
6166149
6166380
6166751
6167165
6167538
6170079
6170381
6170701
6171038
6171596
6171961
6172268
6172664
6172937
6173214
6173497
6173827
6174150
6176751
6177080
6177401
6177842
6178245
6178827
6179374
6180106
6180305
6180675
6181055
6181399
6181780
6184062
6184316
6184627
6184940
6185277
6185620
6186014
6186492
6186788
6187227
6187610
6187873
6188127
6189910
6190148
6190561
6190949
6191346
6191713
6192137
6192542
6192892
6193335
6193782
6194328
6201043
6201131
6201763
6202319
6202511
6202831
6203168
6203600
6203874
6204168
6204646
6205008
6205278
6207982
6208137
6208382
6208660
6209115
6209445
6209841
6210153
6210505
6210959
6211367
6211677
6212132
6214909
6215364
6216245
6216500
6216815
6217384
6218128
6218971
6220007
6220518
6221005
6221365
6221893
6223889
6224176
6224553
6224821
6225214
6225576
6226020
6226331
6226639
6227064
6227430
6228015
6230622
6230869
6231080
6231410
6231759
6232178
6232610
6233049
6233439
6233831
6234276
6234620
6234896
6237604
6237798
6238033
6238438
6238832
6239232
6239551
6239921
6240251
6240645
6240956
6241433
6244237
6244455
6244795
6245188
6245697
6246087
6246366
6246647
6247034
6247495
6247794
6248209
6248791
6252572
6253050
6253180
6253275
6253627
6253971
6254254
6254590
6254986
6255273
6255657
6256090
6256347
6256647
6258450
6258573
6258859
6259313
6259657
6260075
6260457
6260770
6261207
6261593
6261937
6262451
6267524
6267696
6268072
6268423
6268804
6269040
6269329
6269791
6270145
6270559
6270996
6271291
6271684
6274480
6274681
6275167
6275607
6275960
6276314
6276695
6277068
6277385
6277819
6278118
6278481
6281043
6281407
6281795
6282257
6282660
6282980
6283329
6283730
6284089
6284422
6284735
6285055
6285331
6287527
6287771
6288151
6288602
6288959
6289478
6289801
6290173
6290568
6290862
6291416
6291944
6295039
6295344
6295831
6296384
6296840
6297205
6297583
6297900
6298171
6298491
6298895
6299495
6299830
6305445
6305817
6306595
6307012
6307583
6308265
6309188
6309515
6309832
6310191
6310449
6310720
6311078
6311476
6313851
6314045
6314464
6314940
6315387
6315929
6316292
6316949
6317569
6317995
6318357
6318823
6319278
6321510
6321769
6322106
6322584
6322876
6323409
6323569
6323816
6324347
6324763
6325100
6325432
6325675
6327563
6327800
6328136
6328527
6328737
6329051
6329349
6329631
6330014
6330417
6330719
6331087
6331454
6333905
6334193
6334570
6334891
6335313
6335945
6336737
6337456
6338333
6339420
6340222
6340784
6342645
6342812
6343238
6343604
6343891
6344170
6344496
6344863
6345166
6345466
6345853
6346109
6346489
6348169
6348515
6348771
6349164
6349491
6349777
6350062
6350404
6351105
6351726
6351935
6352671
6358968
6359715
6360147
6360854
6361122
6361440
6361850
6362173
6362498
6362860
6363307
6363681
6364162
6366816
6366995
6367269
6367584
6367886
6368108
6368347
6368602
6368860
6369110
6369502
6369884
6370324
6374125
6374277
6374658
6375186
6375303
6375569
6375875
6376204
6376583
6376940
6377393
6377720
6380430
6380650
6381054
6381441
6381772
6382028
6382363
6382780
6383105
6383419
6383765
6384142
6384511
6386497
6386855
6387406
6388009
6388635
6389267
6390224
6390540
6391293
6391664
6392282
6392687
6393103
6393508
6395929
6396209
6396689
6396978
6397321
6398133
6398823
6399410
6399824
6400146
6400580
6401050
6403007
6403214
6403579
6403921
6404191
6404438
6404726
6405502
6406453
6406647
6406993
6407427
6407921
6410061
6410294
6410582
6410816
6411282
6411587
6411966
6412313
6412662
6413134
6413839
6414303
6416153
6416500
6416888
6417260
6417496
6417810
6418094
6418418
6418798
6419163
6419384
6419670
6420069
6423175
6423594
6423661
6423913
6424339
6424703
6425031
6425301
6425963
6426567
6426957
6427270
6427570
6429252
6429494
6429747
6430182
6430370
6430685
6431048
6431350
6431697
6432089
6432418
6432818
6435513
6435692
6435907
6436183
6436626
6437057
6437514
6437864
6438308
6438660
6439116
6439438
6439760
6441564
6441833
6442189
6442441
6442709
6443001
6443579
6443860
6444233
6444608
6444995
6445347
6445812
6449706
6449958
6450441
6451328
6451782
6452204
6452848
6453394
6453933
6454556
6454830
6455243
6455882
6458474
6458737
6459104
6459430
6459806
6460035
6460588
6460844
6461208
6461564
6461911
6462320
6463995
6464230
6464640
6465245
6465565
6465795
6466080
6466390
6466686
6467336
6467840
6468180
6468505
6470631
6470871
6471178
6471585
6471925
6472292
6472600
6472953
6473324
6473793
6474138
6474532
6477040
6477471
6477752
6478060
6478362
6478663
6479217
6479558
6479932
6480337
6480741
6481222
6481599
6485552
6485797
6486035
6486456
6486902
6487338
6487746
6488186
6488476
6488914
6489386
6489781
6492324
6492522
6492946
6493357
6493801
6494110
6494751
6495124
6495546
6495834
6496172
6496573
6497095
6499030
6499285
6499555
6499981
6500370
6501209
6501985
6502700
6503277
6503491
6503870
6504381
6504549
6506098
6506359
6506746
6507058
6507453
6507759
6508046
6508347
6508699
6509016
6509421
6509619
6509856
6511570
6511798
6512031
6512268
6512621
6512997
6513256
6513759
6514127
6514614
6514996
6515418
6518168
6518489
6519234
6519614
6519837
6520190
6520514
6520710
6521019
6521406
6521649
6521974
6523876
6524111
6524566
6524873
6525188
6525474
6525688
6526085
6526533
6526903
6527298
6527726
6528253
6530754
6531203
6531805
6532350
6532619
6533298
6533867
6534245
6534655
6535156
6535483
6535875
6536246
6536571
6536893
6539365
6539575
6539964
6540399
6540762
6541042
6541396
6541624
6541924
6542281
6542561
6542886
6545355
6545674
6546024
6546497
6547052
6547616
6548310
6549084
6549609
6550404
6551254
6552185
6554846
6555205
6555667
6556164
6556635
6557060
6557434
6557808
6558321
6558987
6559335
6559889
6560366
6562822
6563135
6563458
6563792
6564124
6564530
6564849
6565238
6565635
6565978
6566400
6566847
6567737
6569945
6570213
6570563
6571027
6571368
6571768
6572103
6572353
6572729
6573145
6573585
6573915
6575640
6575869
6576302
6576559
6576986
6577284
6577683
6577939
6578334
6578581
6578895
6579108
6579416
6581054
6581208
6581608
6582219
6582613
6582980
6583307
6583630
6583997
6584408
6585238
6585661
6587355
6587601
6587882
6588109
6588388
6588804
6589092
6589314
6589617
6590074
6590251
6590621
6592358
6592577
6593019
6593310
6593585
6593871
6594395
6595041
6595610
6595881
6596412
6596870
6597229
6599365
6599693
6599890
6600206
6600592
6600868
6601111
6601471
6601689
6602006
6602302
6602535
6602855
6605219
6605420
6605732
6606068
6606368
6606699
6607072
6607438
6607812
6608102
6608569
6608934
6611804
6612555
6613095
6613507
6613844
6614164
6614486
6614762
6615187
6615617
6615855
6616220
6616477
6618516
6618707
6619081
6619423
6619602
6619904
6620126
6620350
6620673
6621094
6621417
6621779
6624170
6624634
6624879
6625338
6625968
6626357
6626672
6626988
6627255
6627611
6628079
6628489
6628829
6631424
6631605
6631911
6632287
6632606
6632865
6633263
6633692
6634009
6634371
6634770
6635126
6637772
6638227
6638614
6639007
6639430
6639884
6640229
6640617
6640952
6641434
6641750
6642253
6644013
6644327
6644615
6644857
6645246
6645567
6645895
6646368
6646599
6646915
6647222
6647538
6647982
6650952
6651101
6651469
6651979
6652325
6652800
6653468
6654065
6654511
6655040
6655340
6655628
6655915
6657510
6657841
6658247
6658652
6659238
6659462
6659884
6660244
6660616
6661003
6661329
6661677
6663482
6663682
6664045
6664256
6664654
6665210
6665543
6665866
6666196
6666440
6666807
6667260
6669591
6669882
6670374
6670694
6671181
6671549
6671915
6672476
6673368
6673732
6674121
6674524
6674930
6676862
6677149
6677377
6677733
6678241
6678774
6679335
6680069
6680662
6681620
6682493
6682934
6683464
6685118
6685475
6685852
6686087
6686359
6686756
6687114
6687453
6687783
6688061
6688285
6688568
6690190
6690428
6690795
6691089
6691434
6691759
6692198
6692779
6693300
6693903
6694620
6694773
6695212
6695655
6698148
6698377
6698807
6699195
6699499
6699831
6700137
6700578
6700849
6701192
6701509
6703614
6703806
6704254
6704583
6704978
6705371
6705718
6706068
6706476
6706856
6707246
6707705
6708180
6710702
6711128
6711502
6711794
6712240
6712519
6712856
6713238
6713482
6713827
6714111
6714474
6717038
6717339
6717660
6717905
6718210
6718510
6718884
6719426
6719808
6720115
6720520
6720818
6721215
6724432
6724624
6725015
6725272
6725754
6726000
6726307
6726580
6726886
6727197
6727555
6727979
6728342
6730106
6730340
6730728
6731078
6731516
6731948
6732348
6732652
6732937
6733319
6733832
6737085
6737455
6737794
6738068
6738492
6738767
6739094
6739425
6739613
6739949
6740220
6740481
6740808
6742607
6742836
6743128
6743407
6743762
6744154
6744320
6744629
6745121
6745493
6745842
6746308
6746636
6749934
6750235
6750585
6750965
6751492
6752072
6752401
6752690
6753079
6753363
6753794
6754171
6756628
6756784
6757243
6757755
6758101
6758578
6759050
6759372
6759703
6760071
6760432
6760744
6761126
6762953
6763206
6763482
6763784
6764270
6764670
6764991
6765490
6765831
6766345
6766812
6767172
6769661
6769846
6770326
6770605
6770960
6771393
6771719
6771988
6772306
6772599
6772938
6773204
6773509
6775193
6775601
6775929
6776227
6776633
6777125
6777972
6778899
6779282
6779809
6780529
6781236
6781530
6781765
6783733
6783997
6784273
6784591
6784932
6785409
6785681
6786075
6786509
6786800
6787228
6787555
6789996
6790322
6790721
6791212
6791536
6791894
6792257
6792470
6792808
6793227
6793682
6794076
6794542
6797833
6798101
6798731
6799377
6799681
6800086
6800457
6800817
6801187
6801490
6801725
6801938
6803757
6804083
6804434
6804839
6805159
6805526
6805829
6806147
6806625
6807020
6807410
6808139
6808549
6812303
6812563
6813289
6813784
6814238
6814653
6814885
6815174
6815515
6815776
6816101
6816464
6816722
6818495
6818731
6819057
6819428
6819736
6820071
6820422
6820811
6821346
6821755
6822176
6822563
6825398
6825583
6825767
6826126
6826520
6826768
6827001
6827233
6827516
6827919
6828289
6828500
6828882
6830552
6830831
6831127
6831431
6832039
6832351
6832688
6833158
6833641
6834025
6834334
6834846
6840116
6840228
6840426
6840842
6841156
6841458
6841979
6842391
6842715
6842971
6843357
6843828
6844228
6844692
6846498
6846674
6847036
6847758
6848162
6848555
6848979
6849329
6849813
6850247
6850694
6851113
6851462
6853877
6854190
6854656
6855083
6855519
6855811
6856241
6856557
6856983
6857285
6857597
6857951
6860257
6860479
6860815
6861134
6861424
6861782
6862131
6862441
6862783
6863256
6863638
6864046
6864410
6867077
6867417
6867825
6868215
6868665
6869193
6869466
6869865
6870354
6870779
6871402
6872009
6874535
6874883
6875286
6875766
6876224
6876618
6876917
6877323
6877691
6877912
6878272
6878574
6878902
6882021
6882469
6882831
6883197
6883631
6884051
6884372
6885070
6885415
6885865
6886251
6886727
6887241
6889988
6890194
6890588
6890914
6891374
6891662
6892054
6892409
6892788
6893093
6893383
6893779
6896131
6896305
6896608
6896974
6897427
6897758
6898123
6898542
6899001
6899428
6899986
6900461
6902641
6902848
6903745
6904229
6904915
6905387
6905844
6906574
6907321
6907663
6908028
6908747
6909557
6912235
6912509
6912953
6913240
6913608
6913903
6914234
6914596
6914863
6915142
6915380
6915680
6917404
6917664
6918144
6918744
6919645
6920069
6920789
6921805
6922703
6923519
6924022
6924689
6925101
6925586
6926014
6928462
6928780
6929145
6929417
6929730
6930074
6930415
6930810
6931170
6931473
6931783
6932042
6933709
6933981
6934211
6934526
6934901
6935203
6935602
6935975
6936741
6937437
6937892
6938282
6940752
6941056
6941416
6941756
6942082
6942449
6942802
6943134
6943517
6944047
6944389
6944696
6945038
6947567
6947808
6948169
6948520
6948832
6949228
6949886
6950697
6950983
6951516
6951801
6952170
6953003
6953434
6953717
6955905
6956126
6956357
6956689
6957017
6957380
6957688
6957915
6958218
6958570
6958876
6959361
6959811
6961589
6961840
6962151
6962443
6962743
6962961
6963456
6963791
6964273
6964699
6965239
6965438
6965729
6968224
6968503
6968738
6969124
6969379
6969734
6970214
6970593
6970995
6971370
6971820
6972222
6972499
6974232
6974454
6974632
6974966
6975239
6975572
6975898
6976263
6976665
6976982
6977389
6977926
6978208
6978607
6981006
6981378
6981996
6982374
6983136
6983650
6983976
6984394
6984751
6985108
6985519
6985928
6988410
6988676
6989026
6989323
6989686
6989985
6990196
6990566
6990870
6991083
6991389
6991770
6994781
6995593
6996092
6996576
6996894
6997315
6997908
6998558
6998935
6999379
6999606
6999883
7000182
7002624
7002895
7003187
7003542
7003923
7004349
7004729
7005128
7005502
7005837
7006257
7006788
7009376
7009639
7010108
7010480
7010885
7011410
7011838
7012300
7012765
7013489
7013934
7014672
7015300
7016086
7021173
7021597
7022047
7022738
7023349
7023745
7024079
7024528
7024799
7025460
7025832
7028533
7028862
7029557
7029830
7030146
7030470
7030855
7031057
7031424
7031711
7031965
7032212
7032589
7034412
7034626
7034889
7035507
7036205
7036825
7037613
7038532
7038981
7039785
7040634
7040946
7041306
7041774
7043506
7043831
7044221
7044440
7044790
7045075
7045481
7045714
7046101
7046506
7046775
7047058
7048762
7048999
7049287
7049543
7049875
7050234
7050816
7051140
7051444
7051970
7052462
7053397
7053777
7056291
7056566
7056961
7057290
7057605
7057942
7058277
7058710
7059064
7059371
7059765
7060028
7060330
7062931
7063093
7063303
7063659
7064116
7064406
7064776
7065141
7065765
7066298
7067083
7068006
7073060
7073387
7074175
7075546
7076067
7076374
7076879
7077332
7077695
7078151
7078450
7078900
7079222
7080868
7081116
7081413
7081706
7082020
7082251
7082567
7082960
7083192
7083517
7083860
7084357
7084687
7087580
7087824
7088362
7088878
7089700
7090437
7091202
7091864
7092726
7093131
7093595
7093924
7094232
7094494
7096922
7097161
7097490
7097892
7098162
7098622
7099015
7099299
7099547
7099866
7100184
7102521
7102748
7103052
7103312
7103703
7104290
7104773
7105461
7106125
7106627
7107215
7108238
7108739
7111159
7111363
7111753
7112168
7112524
7112792
7113119
7113389
7113764
7114256
7114621
7115128
7117741
7117920
7118272
7118772
7119169
7119509
7119991
