16852
74534
74645
75224
75497
75902
76282
76525
76742
76948
77168
77475
77652
77867
78155
78352
78711
78908
79196
79491
79703
80023
80281
80421
80713
80909
81163
81448
81715
81966
82214
82454
82753
83016
83367
83624
83787
84049
84383
84594
84834
85248
85535
85860
86078
86392
86715
87081
87538
87890
88298
88669
88975
89376
89653
89976
90303
90692
91074
91263
91591
92080
92487
92874
93340
93630
93965
94243
94592
95109
95709
96356
97019
97304
97658
97972
98143
98533
98819
99220
99379
99633
99860
100190
100638
101239
101783
102080
102357
102621
102842
103077
103305
103612
103927
104184
104606
104656
104882
105172
105459
105717
106010
106250
106500
106736
107019
107221
107428
107716
107929
108196
108495
108721
108965
109261
109556
109681
109936
110242
110677
111149
111669
112128
112580
113015
113542
114041
114457
114838
115083
115439
115718
116219
116718
116972
117171
117441
117744
118113
118374
118689
118975
119327
119685
119830
119995
120219
120465
120722
121105
121792
121873
122241
122918
123030
123268
123656
124072
124559
125351
125675
126205
126717
127188
127635
127965
128340
128753
129112
129437
129846
130210
130385
130658
130927
131220
131450
131649
131859
132091
132320
132533
132791
133008
133330
133708
134039
134314
134605
134922
135246
135561
135807
135972
136205
136459
136726
137057
137216
137487
137869
138150
138380
138631
138903
139181
139395
139687
139929
140173
140419
140644
140964
141346
141598
141916
142108
142322
142853
143150
143357
143597
143808
144060
144392
144715
145070
145288
145509
145794
146123
146283
146592
146875
147122
147454
147744
148195
148736
149107
149550
149866
150254
150737
151133
151647
151985
152335
153242
153411
153920
154650
155120
155641
155800
155965
156167
156387
156551
156801
157075
157319
157510
157755
158052
158370
158553
158897
159254
159487
159730
159990
160338
160678
160865
161698
161880
162387
163073
163660
164264
164544
164837
165117
165376
165727
166000
166241
166464
166942
167254
167498
167792
168148
168409
168648
168906
169208
169517
169701
169967
170209
170647
170947
171312
171895
171980
172493
172997
173503
173967
174027
174776
175011
175315
175818
176221
176628
177131
177506
177721
177998
178338
178887
179305
179604
179994
180242
180537
180742
180938
181298
181599
181786
181998
182253
182641
183035
183420
183670
183908
184270
184605
185055
185354
185768
186009
186187
186487
186814
187088
187326
187668
188111
188498
188920
189140
189406
189678
189874
190165
190474
190717
191001
191330
191625
192090
192552
192996
193372
193827
194201
194565
194801
194996
195240
195423
195618
195923
196144
196386
196699
197041
197451
197668
197981
198216
198487
198733
198943
199092
199371
199712
200072
200412
200789
201287
201896
202307
202584
202975
203255
203793
204164
204404
204631
204894
205123
205342
205580
206014
206350
206641
206951
207175
207423
207724
208008
208330
208638
209050
209494
209714
210205
210682
211139
211793
212226
212603
212935
213244
213541
213868
214165
214379
214710
214959
215220
215604
216047
216326
216572
216923
217196
217539
217844
218173
218445
218787
219442
219649
219982
220515
221266
221398
221757
222136
222415
222722
223255
223516
223893
224270
224600
224810
225032
225278
225570
225786
225985
226216
226497
226773
226965
227204
227488
227676
227917
228135
228416
228885
229330
229689
230112
230632
230970
231572
231810
232074
232323
232602
232890
233222
233515
233733
234033
234303
234576
234850
235233
235705
236065
236392
236797
237093
237380
237766
238159
238544
238879
239279
239369
239633
242172
242393
242810
243086
243474
243899
244242
244678
245045
245309
245678
246128
248033
248321
248774
249123
249517
250086
250401
250910
251310
252045
252362
252851
253321
259283
260080
260144
260832
261332
261669
262218
262592
262892
263340
263564
263955
264361
266081
266707
267404
267789
268210
268552
268884
269317
269734
270102
270436
270967
273834
274107
274582
274909
275159
275492
275891
276321
276658
277014
277396
277665
277956
279570
279968
280260
280613
281022
281408
281876
282276
282982
283433
283822
284278
286875
287220
287552
287845
288186
288638
289299
289928
293910
294074
294725
296529
296698
296992
297331
297566
297854
298202
298431
298762
299111
299326
299718
301646
301927
302211
302477
302722
303071
303363
303754
304118
304366
304743
305171
305686
308506
308696
308921
309249
309610
310067
310394
310750
311061
311451
311847
312315
314800
315014
315400
315634
315896
316173
316495
316773
317146
317611
317901
318555
319083
323301
323639
324596
324800
325217
325587
326063
326359
326649
326979
327187
327513
330093
330279
330707
331012
331403
331767
332042
332417
332686
333031
333463
333737
334073
336589
336809
337269
337813
338193
338449
338862
339314
339744
340130
340488
340752
342439
342754
343113
343482
343770
343973
344329
344646
344867
345131
345419
345720
347856
348076
348502
348868
349337
349779
350127
350326
350736
351164
351451
351743
352124
353845
354075
354513
354978
355255
355545
355855
356128
356415
356664
356846
357210
357562
359157
359447
359848
360281
360730
361070
361371
361800
362370
362633
363003
363289
365784
366021
366345
366672
367081
367505
368016
368652
369063
369370
369693
370009
373408
373675
374064
374552
375126
375499
375857
376259
376944
377610
378283
378666
379357
380060
384744
384975
385395
385764
386150
386516
386980
387427
387922
388326
388724
388986
392276
392468
392831
393135
393582
393860
394252
394690
394974
395291
395650
396101
396650
399318
399528
400417
400808
401103
401648
402320
403110
403461
403883
404346
404900
405253
405571
405865
407542
407799
408093
408448
408771
409217
409544
409798
410136
410460
410824
411114
411508
414056
414361
414617
415089
415704
416200
416700
417148
417705
418133
418493
418779
420487
420757
421087
421345
421730
422168
422439
422905
423425
423671
423963
424326
424672
428051
428296
428679
429156
429484
429816
430249
430752
431174
431536
431899
432181
433102
433510
435473
435675
435948
436264
436767
437337
437697
438123
438517
438905
439347
441790
442032
442452
442896
443363
443728
444202
444631
445030
445397
445787
446197
446544
449795
449992
450462
451045
451747
452165
452699
453395
454010
454324
454778
455264
455589
457786
458023
458309
458657
458910
459246
459493
459819
460059
460382
460648
460918
462546
462830
463034
463471
463837
464077
464448
464940
465367
466179
466552
467021
467330
467611
468188
470946
471354
471769
471995
472320
472689
473061
473252
473577
474008
474382
474921
476982
477251
477611
477914
478232
478560
478869
479255
479724
480021
480567
481349
481874
485415
485533
485554
485907
486125
486519
486859
487177
487518
488034
488381
488791
489215
491941
492224
492555
492879
493491
493834
494197
494750
495180
495530
495873
496169
496635
499900
500182
500552
500894
501327
501749
502031
502317
502660
503034
503282
503635
503959
506433
506736
507020
507431
507781
508166
508514
508901
509295
509662
510038
510552
513181
513430
513744
514143
514637
515269
515529
515891
516631
517058
517545
518324
518894
519531
521168
521428
521788
522104
522359
522713
523055
523385
523613
524028
524351
524701
526303
526482
526855
527188
527635
527923
528176
528509
528787
529082
529437
529796
530581
535077
535447
535700
536055
536388
536739
537059
537287
537699
537983
538318
538695
539020
539532
541294
541519
541881
542142
542533
542964
543287
543631
543987
544310
544707
545097
545422
547680
548047
548607
549300
549387
550168
550966
551301
551788
552386
553363
553759
554211
554632
555038
557140
557412
557801
558104
558442
558817
559152
559496
559890
560242
560617
561075
563599
563890
564272
564630
564999
565345
565728
566288
566707
567225
567414
567828
568020
568483
568820
570424
570755
571257
571562
571890
572200
572569
573022
573444
573775
574228
574533
577159
577456
577870
578314
578649
578929
579205
579709
580088
580476
580882
581239
581692
583486
583826
584292
584667
584984
585336
585621
585964
586203
586512
586941
587223
590000
590330
590731
591099
591557
591753
592201
592621
592989
593453
593939
594462
594955
600612
600937
601283
601679
602009
602334
602665
603039
603553
603912
604316
604790
605099
606763
606960
607315
607646
607831
608108
608429
608736
609041
609365
609664
610016
610451
616514
616829
617277
617509
617829
618160
618524
618873
619136
619500
619795
620062
620456
620808
621193
623740
623971
624335
624623
624980
625364
625800
626201
626600
626909
627300
627719
630332
630522
630953
631400
631928
632273
632504
632941
633631
634223
634604
634892
635155
636718
636942
637194
637593
638101
638391
638740
639098
639483
639857
640186
640516
643049
643251
643677
644095
644441
644971
645433
645690
646025
646695
647409
647741
648211
648603
651198
651616
651987
652422
652833
653227
654060
654973
655528
655982
656531
656821
657159
658811
658988
659362
659634
660004
660343
660649
660953
661327
661855
662018
662342
665034
665255
665558
665972
666298
666642
666985
667219
667480
667782
668107
668361
669953
670169
670385
670682
670918
671186
671527
671956
672316
672784
673321
673728
674108
679044
679747
679835
679914
680419
681165
681454
681740
681946
682268
682642
682870
683200
683508
685209
685463
685743
686071
686518
686816
687158
687475
687858
688251
688700
689106
689417
692606
693102
693581
694132
694724
695274
695955
696503
696981
697262
697628
698084
700723
700985
701415
701874
702259
702639
702903
703292
703618
704107
704492
704919
705249
707751
708050
708644
709093
709456
710103
710217
710628
711265
711695
712312
712933
714088
716160
716429
716726
717212
717496
717855
718305
718570
718873
719338
719928
720369
720707
722997
723179
723485
723846
724414
724810
725150
725655
725969
726413
726731
726993
727331
729668
729959
730294
730743
731154
731674
731943
732424
732763
733123
733600
734014
736471
736793
737141
737490
737931
738314
738758
739127
739519
739887
740202
740728
741198
743784
744009
744319
744716
745079
745339
745723
746037
746368
746687
747137
747511
751391
751606
752041
752509
752876
753218
753644
754023
754393
754754
755153
755541
755873
757727
758201
758425
758783
759331
759801
760408
760873
761410
761845
762292
762578
762936
765348
765686
765999
766299
766732
767012
767516
767819
768294
768560
768924
769358
771043
771330
771573
771871
772293
772786
773404
774153
775016
775912
776265
776774
777507
777756
778118
780635
780872
781191
781519
781776
782016
782611
782866
783186
783547
783891
784271
784496
786187
786463
786842
787240
787513
787862
788177
788478
788857
789305
789701
790242
796104
796413
797414
797960
798774
799745
800420
801009
801363
801610
801921
802244
802581
803078
804862
805183
805576
806032
806445
806841
807025
807432
807838
808230
808489
808788
810347
810667
811085
811378
811789
812104
812484
812928
813427
813751
814224
814577
814917
816659
816888
817216
817654
817885
818143
818472
818859
819257
819638
819932
820382
823013
823225
823616
824144
824605
824865
825279
825429
825818
826112
826513
826857
827174
828884
829129
829360
829643
829943
830230
830542
830828
831188
831515
831773
832106
832444
834086
834282
834567
834993
835536
835735
836101
836297
836628
836812
837142
837593
839499
839733
839952
840214
840621
840973
841233
841471
841738
841975
842356
842707
844693
844974
845366
845826
846131
846584
847195
847464
848029
848239
848717
849032
849378
849679
852252
852592
852943
853204
853566
853969
854394
854714
855137
855466
855828
856268
858616
858885
859351
859655
860090
860464
860655
860928
861310
861749
861984
862230
864351
864570
864969
865391
865610
866048
866578
867000
867539
867873
868332
868780
869525
872023
872278
872718
873030
873423
873727
874086
874365
874759
875069
875449
876106
876356
876799
882267
882736
883134
883908
884252
884879
885491
886333
886771
887419
887766
888139
888573
889027
891545
891815
892142
892477
892806
893200
893646
894001
894277
894584
894960
895461
897963
898170
898502
898848
899228
899582
900101
900388
901128
901377
901753
902243
902616
902923
905510
905762
906107
906533
906900
907179
907539
907866
908156
908576
908944
909240
910990
911225
911643
911990
912329
912679
913013
913351
913741
914124
914589
915101
915423
917346
917625
917976
918533
918908
919335
919627
920024
920365
920776
921042
921416
923110
923391
923843
924282
924774
925272
925666
925966
926359
926665
927034
927403
927948
931221
931287
931784
932100
932545
932942
933327
933749
934166
934520
934848
935331
937767
938091
938336
938706
939079
939488
939856
940275
940563
940896
941187
941594
941906
945613
945942
946546
947600
948007
948743
949426
950010
951059
951217
951836
952110
953744
954086
954380
954736
955091
955338
955637
955889
956260
956555
957156
957629
958051
960521
960848
961108
961459
961761
962126
962471
962886
963373
963616
963995
964297
964707
966818
966946
967306
967586
969013
969835
970147
970477
970965
971375
971654
973164
973489
973785
974055
974480
974977
975371
975656
975999
976293
976790
977313
977715
978025
980642
980882
981242
981590
982001
982323
982716
983055
983346
983780
984260
984667
985236
987625
987835
988166
988484
988816
989488
989630
990045
990358
990747
991026
991372
993036
993381
993632
994091
994362
994636
994953
995303
995748
996076
996362
996789
997185
999928
1000187
1000564
1000986
1001398
1001795
1002207
1002680
1003134
1004164
1004569
1004678
1005386
1005863
1010043
1010461
1011052
1011428
1011770
1012139
1012348
1012614
1012999
1013355
1013783
1014232
1016818
1017150
1017509
1017852
1018155
1018524
1018916
1019173
1019473
1019938
1020306
1020656
1021078
1024862
1025598
1025916
1026479
1027204
1027777
1028238
1028958
1029327
1029748
1030224
1030569
1030956
1032823
1033066
1033348
1033650
1033922
1034210
1034497
1034727
1034987
1035283
1035548
1035853
1037711
1037867
1038165
1038475
1038733
1039109
1039875
1040430
1040883
1041885
1042183
1042751
1043014
1043423
1045070
1045243
1045516
1045876
1046142
1046492
1046747
1047097
1047543
1047880
1048386
1048812
1049118
1051648
1051929
1052163
1052494
1052782
1053093
1053477
1054026
1054622
1055276
1055962
1056482
1062025
1062599
1062984
1063758
1064107
1064520
1064982
1065249
1065642
1066056
1066373
1066792
1067199
1067613
1067964
1070449
1070703
1071061
1071407
1071821
1072140
1072532
1072804
1073046
1073340
1073604
1073967
1076985
1077243
1077753
1078191
1078714
1079208
1079618
1080142
1080562
1081039
1081422
1081933
1082308
1084898
1085111
1085519
1085953
1086276
1086675
1086938
1087418
1087810
1088306
1088676
1089019
1090991
1091192
1091580
1092325
1093100
1093586
1093893
1094215
1094557
1094849
1095179
1095631
1095949
1096357
1098837
1099269
1099636
1100086
1100643
1101049
1101517
1101860
1102326
1102703
1103057
1103469
1106047
1106230
1106501
1106941
1107278
1107723
1108161
1108565
1108920
1109460
1110172
1111390
1111887
1112533
1114748
1115067
1115431
1116023
1116324
1116625
1116831
1117113
1117381
1117815
1118175
1118581
1120432
1120853
1121047
1121327
1121989
1122363
1122935
1123212
1123560
1123788
1124183
1124570
1129917
1130389
1130734
1131410
1131576
1131823
1132154
1132487
1132913
1133238
1133679
1134053
1134444
1134863
1136531
1136882
1137117
1137425
1137818
1138234
1138524
1138866
1139268
1139524
1139833
1140161
1140459
1143094
1143662
1144396
1144998
1145584
1145846
1146317
1146763
1147069
1147441
1147831
1148233
1148844
1149160
1150919
1151174
1151638
1152029
1152334
1152655
1153023
1153393
1153763
1154110
1154440
1154800
1157425
1157744
1158190
1158632
1159091
1159404
1159676
1160213
1161082
1161746
1162168
1162499
1162850
1165308
1165585
1165981
1166267
1166710
1167095
1167442
1167904
1168222
1168533
1168924
1169302
1171810
1172061
1172350
1172873
1173314
1173883
1174407
1175096
1175736
1176075
1176827
1177328
1177868
1180064
1180365
1180656
1180860
1181159
1181551
1181748
1182078
1182559
1183059
1183437
1183813
1184068
1186635
1186802
1187095
1187451
1187811
1188128
1188464
1188842
1189387
1189772
1190361
1190506
1190676
1191043
1192896
1193253
1193684
1193982
1194315
1194629
1194976
1195343
1195637
1195938
1196329
1196719
1197068
1198650
1198988
1199436
1199682
1200064
1200441
1200795
1201368
1201753
1202632
1202956
1203303
1208544
1208917
1209502
1209981
1210536
1210867
1211187
1211527
1211828
1212069
1212409
1212802
1213151
1214980
1215256
1215559
1215836
1216306
1216579
1216984
1217483
1217760
1218172
1218574
1218896
1220918
1221245
1221520
1221833
1222207
1222659
1223326
1223960
1224255
1224627
1224981
1225333
1225679
1228314
1228591
1228921
1229342
1229719
1230138
1230546
1230969
1231298
1231634
1231908
1232187
1232597
1235242
1235445
1235741
1236107
1236548
1236794
1237150
1237409
1237806
1238055
1238321
1238709
1240639
1240928
1241174
1241469
1241765
1242129
1242353
1242694
1242937
1243207
1243475
1243773
1244044
1246328
1246539
1246791
1247125
1247496
1247849
1248176
1248572
1248839
1249159
1249636
1250249
1250987
1256121
1256408
1257254
1257576
1258093
1258493
1258848
1259551
1260066
1260580
1260985
1261350
1264062
1264304
1264683
1265073
1265620
1266198
1266557
1267040
1267368
1267888
1268303
1268660
1271137
1271513
1271869
1272337
1272870
1273737
1274154
1274639
1275372
1276017
1276555
1277096
1277790
1280437
1280655
1281063
1281500
1281906
1282324
1282770
1283102
1283478
1283812
1284142
1284452
1287095
1287255
1287627
1287949
1288227
1288449
1288745
1288964
1289142
1289592
1290126
1290279
1293313
1293699
1294061
1294462
1294781
1295201
1295636
1295987
1296344
1296821
1297165
1297604
1297908
1300349
1300597
1300930
1301321
1301656
1301953
1302237
1302547
1302805
1303168
1303507
1303885
1305729
1305808
1305836
1306189
1306547
1306829
1307174
1307521
1307819
1308161
1308444
1308837
1309195
1309599
1312203
1312438
1312871
1313241
1313513
1313961
1314411
1314676
1315156
1315576
1316022
1316870
1317536
1318002
1321898
1322128
1322530
1322800
1323123
1323386
1323653
1324004
1324333
1324809
1325121
1325470
1327218
1327473
1327806
1328135
1328406
1328822
1329187
1329725
1330087
1330339
1330675
1331054
1331520
1538336
1538567
1538840
1539159
1539538
1539907
1540209
1540625
1540921
1541334
1541595
1541855
1542166
1543673
1543969
1544198
1544705
1545221
1545476
1545764
1546094
1546556
1546923
1547176
1547440
1549153
1549439
1549879
1550544
1551185
1551748
1552247
1552893
1553305
1553815
1554169
1554512
1554935
1556747
1557023
1557356
1557703
1558116
1558437
1558742
1559076
1559435
1559715
1560111
1560550
1563183
1563496
1563824
1564157
1564634
1565507
1566088
1566531
1567178
1567750
1568327
1568809
1569331
1569896
1571701
1572109
1572588
1572934
1573312
1573625
1573896
1574153
1574394
1574639
1574906
1575156
1576820
1577149
1577498
1577958
1578336
1578647
1579000
1579386
1579786
1580076
1580380
1580886
1583274
1583518
1583858
1584329
1584766
1585178
1585685
1586167
1586480
1586849
1587491
1587902
1588399
1591092
1591314
1591713
1592070
1592411
1592725
1593079
1593477
1593936
1594466
1594814
1595248
1595831
1596302
1601362
1601841
1602234
1602791
1603571
1604160
1604660
1605510
1605822
1606187
1606568
1607151
1609168
1609729
1610004
1610324
1610795
1611091
1611485
1611879
1612120
1612486
1612747
1613046
1614860
1615110
1615442
1615697
1616165
1616884
1617554
1617910
1618482
1618686
1619020
1619543
1620096
1620560
1622418
1622605
1622992
1623376
1623588
1623869
1624219
1624543
1624846
1625186
1625576
1625875
1628316
1628535
1628811
1629211
1629714
1630143
1630541
1631022
1631394
1631780
1632748
1633301
1634193
1638856
1639026
1639313
1639723
1640256
1640782
1641251
1641530
1641885
1642404
1642864
1643269
1645331
1645592
1645974
1646395
1646600
1646850
1647246
1647510
1647890
1648456
1648780
1649188
1651091
1651482
1651676
1652073
1652476
1652880
1653169
1653455
1653851
1654210
1654548
1654895
1655250
1657880
1658172
1658525
1658851
1659413
1659856
1660279
1660758
1661247
1661658
1661984
1662315
1664250
1664477
1664965
1665268
1665636
1666024
1666434
1667056
1667625
1668197
1668924
1669472
1669988
1674891
1675170
1675477
1675730
1676070
1676368
1676744
1677268
1677682
1678058
1678492
1678876
1681321
1681615
1681916
1682218
1682513
1682965
1683283
1683620
1683956
1684440
1684885
1685293
1685547
1688663
1689010
1689521
1689866
1690260
1690571
1691032
1691474
1691923
1692316
1692735
1693126
1695281
1695686
1695933
1696252
1696634
1696911
1697228
1697641
1697931
1698320
1698637
1698950
1699235
1701802
1701962
1702408
1702824
1703184
1703676
1704295
1705194
1706234
1706594
1707186
1707653
1709752
1710038
1710379
1710818
1711150
1711499
1711952
1712410
1712796
1713309
1713703
1714006
1714393
1716948
1717181
1717596
1717909
1718313
1718728
1718971
1719280
1719661
1720194
1720702
1720849
1725459
1725627
1725871
1726183
1726550
1726977
1727434
1727798
1728180
1728513
1728782
1729081
1729379
1732137
1732442
1732826
1733170
1733653
1734035
1734393
1734684
1735003
1735427
1735822
1736213
1738656
1738871
1739222
1739953
1740492
1741195
1741645
1742270
1742921
1743622
1744781
1745674
1746120
1746589
1748775
1749118
1749593
1749981
1750522
1750802
1751263
1751723
1752130
1752544
1752839
1753142
1755701
1755937
1756386
1756774
1757148
1757746
1758131
1758574
1758912
1759648
1760132
1760656
1761131
1764134
1764453
1764751
1765208
1765455
1765803
1766188
1766499
1766817
1767302
1767698
1768086
1770799
1771008
1771465
1771849
1772197
1772491
1772868
1773245
1773658
1774194
1774501
1774734
1775072
1778181
1778307
1778556
1778934
1779753
1780237
1780856
1781383
1781752
1782477
1782805
1783241
1785898
1786126
1786389
1786873
1787514
1787774
1788188
1788478
1788920
1789392
1789846
1790219
1790709
1792338
1792693
1793006
1793331
1793844
1794204
1794622
1795162
1795938
1796521
1796958
1797662
1800372
1800681
1801147
1801525
1801946
1802268
1802626
1803043
1803426
1803652
1804097
1804447
1804765
1806858
1807041
1807421
1807652
1807958
1808254
1808562
1808868
1809213
1809580
1810032
1810661
1814509
1814677
1814938
1815517
1815997
1816400
1816609
1816937
1817206
1817596
1818024
1818344
1818644
1820307
1820703
1820977
1821296
1821537
1821852
1822247
1822669
1822990
1823335
1823595
1823908
1824272
1826086
1826401
1826814
1827429
1827879
1828367
1828917
1829491
1830286
1830712
1831196
1831870
1832205
1834734
1834994
1835484
1835784
1836069
1836432
1836747
1837203
1837585
1837867
1838270
1838658
1838937
1840676
1840966
1841317
1841629
1841811
1842125
1842432
1842855
1843330
1843735
1844109
1844644
1849937
1850070
1850437
1850770
1851114
1851423
1851829
1852254
1852705
1853085
1853562
1853960
1856551
1856714
1857042
1857456
1857790
1858289
1858639
1859051
1859320
1859759
1860128
1860393
1860714
1861119
1863741
1863954
1864262
1864697
1865053
1865549
1866256
1866713
1867167
1867474
1867718
1869381
1869578
1869791
1870023
1870408
1870868
1871332
1871812
1872482
1873017
1873512
1873994
1874516
1876242
1876503
1877248
1877776
1878220
1878881
1879303
1879803
1880307
1881065
1882014
1882980
1883844
1889089
1889473
1889721
1890095
1890389
1890726
1890991
1891133
1891330
1891569
1892034
1892380
1892752
1895327
1895580
1895970
1896394
1896853
1897297
1897769
1898018
1898419
1898827
1899199
1899588
1901480
1901690
1902259
1902769
1903095
1903364
1903844
1904402
1904794
1905086
1905418
1905812
1906256
1908598
1908823
1909133
1909447
1909717
1910091
1910415
1910787
1911165
1911471
1911773
1912197
1914650
1914842
1915287
1915635
1916043
1916481
1916689
1917134
1917649
1918033
1919000
1919564
1920120
1922702
1922892
1923212
1923578
1923867
1924093
1924438
1924814
1925145
1925603
1925982
1926187
1927921
1928191
1928560
1928860
1929173
1929537
1929883
1930199
1930559
1930960
1931238
1931563
1931963
1934771
1934971
1935366
1935792
1936105
1936538
1936907
1937256
1937639
1938431
1938723
1939113
1941381
1941691
1941992
1942339
1943075
1943373
1943703
1944143
1944386
1944783
1945315
1945756
1946192
1949475
1949822
1950349
1951068
1951688
1952349
1952646
1953099
1953429
1954085
1954471
1954877
1957510
1957689
1958047
1958380
1958770
1959250
1959606
1960069
1960397
1960703
1961013
1961273
1961579
1963283
1963441
1963772
1964135
1964463
1964846
1965524
1966173
1966560
1966905
1967255
1967593
1969106
1969442
1969746
1969998
1970391
1970774
1971101
1971439
1971763
1972197
1972578
1972963
1973351
1975995
1976291
1976695
1977096
1977930
1978389
1979156
1979676
1980474
1981102
1981745
1982397
1982624
1984937
1985182
1985462
1985887
1986231
1986637
1987078
1987449
1987756
1988196
1988523
1989025
1990643
1991002
1991365
1991698
1992102
1992360
1992782
1993241
1993672
1994256
1994925
1995549
1996172
2000254
2000402
2000831
2001301
2001744
2002162
2002448
2002774
2003092
2003422
2003846
2004226
2004655
2007260
2007618
2007876
2008243
2008529
2008780
2009269
2009604
2009889
2010222
2010548
2010797
2013780
2014102
2014485
2014862
2015129
2015394
2015646
2015910
2016118
2016671
2016986
2017340
2017748
2019330
2019533
2019842
2020064
2020444
2020891
2021155
2021483
2021717
2022074
2022269
2022527
2024591
2024918
2025362
2025554
2025915
2026376
2026762
2027223
2027479
2027814
2028162
2028408
2028809
2031366
2031693
2032376
2032867
2033320
2033646
2033956
2034418
2034699
2035023
2035335
2035650
2035957
2039037
2039344
2039810
2040342
2040832
2041148
2041493
2041907
2042341
2042788
2043113
2043479
2045897
2046128
2046434
2046764
2047149
2047582
2047952
2048386
2048742
2049123
2049454
2049780
2052439
2052685
2052962
2053321
2053863
2053978
2054344
2054958
2055295
2055638
2056081
2056389
2056777
2057217
2058810
2059081
2059292
2059610
2059987
2060451
2060881
2061436
2061803
2062231
2062572
2062973
2065504
2065719
2066039
2066459
2066845
2067216
2067583
2067921
2068445
2069005
2069761
2070201
2070711
2072432
2072906
2073501
2074289
2075022
2075358
2075960
2076782
2077255
2077647
2078100
2078343
2080846
2081035
2081363
2081714
2081985
2082387
2082804
2083201
2083605
2083960
2084266
2084610
2085156
2086735
2087076
2087422
2087898
2088415
2089098
2089629
2090161
2090930
2091636
2092155
2092572
2095575
2095841
2096186
2096659
2096912
2097188
2097522
2097784
2098179
2098622
2098953
2099256
2099572
2102142
2102469
2103027
2103346
2103754
2104047
2104460
2104866
2105673
2106043
2106484
2106870
2107180
2110394
2110602
2110784
2111118
2111438
2111777
2112182
2112526
2112989
2113319
2113656
2114008
2114341
2116602
2116863
2117174
2117494
2117908
2118263
2118746
2119243
2119737
2120246
2120956
2121386
2125372
2125532
2126066
2126167
2126589
2127386
2128037
2128807
2129067
2129509
2129931
2130179
2130493
2130955
2131244
2133895
2134245
2134628
2135117
2135495
2135918
2136365
2136779
2137097
2137405
2137866
2138264
2138665
2141256
2141483
2141911
2142289
2142685
2143076
2143417
2143778
2144134
2144411
2144783
2145220
2146929
2147143
2147554
2147850
2148170
2148553
2148932
2149268
2149700
2149988
2150353
2150661
2150942
2152545
2152773
2153087
2153543
2153949
2154228
2154622
2155122
2155775
2156288
2157020
2157649
2162396
2162728
2163398
2163712
2164089
2164501
2164805
2165168
2165461
2165817
2166129
2166475
2167001
2168665
2168987
2169380
2169798
2170149
2170557
2170999
2171411
2171852
2172147
2172491
2172758
2174832
2175088
2175651
2175985
2176658
2177415
2178279
2178837
2179523
2180280
2180920
2181547
2181965
2182320
2185173
2185479
2185789
2186174
2186513
2186877
2187192
2187608
2187996
2188414
2188708
2188980
2191684
2191890
2192201
2192526
2192869
2193329
2193966
2194456
2195013
2195669
2196341
2196494
2196862
2201148
2201320
2201594
2201978
2202365
2202641
2203020
2203640
2203869
2204295
2204786
2205159
2205556
2208128
2208320
2208729
2209098
2209427
2209801
2210208
2210374
2210687
2211193
2211563
2211879
2213962
2214376
2214808
2215094
2215433
2215819
2216311
2216781
2217120
2217535
2217970
2218256
2218640
2220596
2220809
2221137
2221404
2221774
2222141
2222515
2222845
2223255
2223502
2224058
2224643
2229133
2229424
2229967
2230666
2231717
2232175
2233006
2233600
2234331
2235285
2235932
2236581
2236899
2237266
2239823
2240033
2240313
2240600
2240822
2241114
2241507
2241944
2243150
2243365
2243759
2246432
2246846
2247276
2247652
2248240
2248708
2249081
2249622
2250021
2250487
2250830
2251167
2251710
2252112
2254486
2254690
2254973
2255553
2255855
2256261
2256600
2256973
2257395
2257766
2258146
2258629
2261069
2261332
2261712
2262015
2262406
2262982
2263626
2264400
2265151
2265907
2266613
2267117
2267503
2270511
2270734
2271066
2271517
2271895
2272296
2272587
2272934
2273300
2273657
2274088
2274413
2276397
2276600
2276879
2277271
2277644
2277935
2278321
2278720
2279007
2279384
2279724
2280150
2283415
2283685
2284031
2284651
2285119
2285465
2285871
2286220
2286674
2286975
2287289
2287627
2288051
2292046
2292253
2292529
2292906
2293367
2293754
2294321
2294866
2295594
2296220
2296717
2297081
2297466
2299312
2299583
2299917
2300322
2300869
2301573
2302242
2302964
2303813
2304549
2305052
2305423
2307863
2308081
2308449
2309027
2309348
2309800
2310149
2310600
2310887
2311158
2311839
2312177
2312604
2316467
2316723
2317064
2317384
2317887
2318529
2318970
2319377
2319792
2320207
2320840
2321514
2327484
2328087
2328195
2328660
2329656
2330014
2330636
2331469
2332047
2332569
2333011
2333371
2333775
2334213
2334486
2335028
2337409
2337682
2337981
2338459
2338811
2339117
2339446
2339780
2340112
2340386
2340666
2341059
2343145
2343543
2343871
2344228
2344690
2344935
2345347
2345694
2346294
2346975
2347393
2347669
2347894
2348252
2349892
2350102
2350511
2350768
2351033
2351325
2351676
2351897
2352185
2352417
2352688
2353009
2354806
2355002
2355312
2355547
2356021
2356495
2357050
2357556
2358098
2358770
2359529
2359863
2360294
2363867
2364101
2364426
2364956
2365499
2365927
2366238
2366560
2366884
2367247
2367551
2367895
2368201
2369944
2370163
2370447
2370765
2371099
2371536
2371895
2372235
2372640
2373116
2373931
2374686
2375415
2379428
2379804
2380239
2380968
2381422
2381858
2382457
2383245
2383578
2383936
2384410
2384779
2386739
2387059
2387430
2387749
2388048
2388444
2388715
2389041
2389324
2389644
2389971
2390274
2390883
2393094
2393557
2394140
2394787
2395512
2396217
2396788
2397648
2398304
2398715
2399170
2399494
2402258
2402458
2402931
2403218
2403557
2403968
2404434
2404741
2405128
2405543
2405934
2406198
2406558
2408258
2408551
2408934
2409282
2409587
2409897
2410361
2410958
2411069
2411463
2412211
2413192
2413475
2413979
2420332
2420476
2420780
2421177
2421541
2421754
2422145
2422539
2422816
2423169
2423458
2423793
2424177
2427784
2427980
2428268
2428821
2429211
2429595
2430018
2430437
2430770
2431102
2431400
2431811
2433868
2434176
2434410
2434734
2435266
2436092
2436899
2437104
2437606
2438011
2438379
2438763
2439065
2441641
2441863
2442243
2442706
2443100
2443480
2443880
2444169
2444591
2445008
2445390
2445679
2446099
2447794
2448090
2448397
2448842
2449341
2449910
2450367
2450860
2451196
2451504
2451748
2452083
2455033
2455354
2455651
2456034
2456506
2456905
2457283
2457641
2458137
2458545
2459028
2459427
2459867
2461538
2461821
2462077
2462458
2462786
2463112
2463559
2464000
2464574
2465196
2465815
2466194
2467996
2468270
2468655
2468975
2469327
2469717
2470025
2470390
2470887
2471418
2471878
2472216
2474782
2475047
2475302
2475648
2475996
2476346
2476732
2477071
2477370
2477698
2478155
2478502
2479015
2479461
2483996
2484358
2484674
2485160
2485682
2486095
2486352
2486840
2487144
2487529
2487870
2489702
2489894
2490201
2490523
2490807
2491139
2491495
2491841
2492124
2492418
2492726
2493201
2493492
2495963
2496205
2496560
2497040
2497701
2498293
2499056
2499395
2499821
2500086
2500522
2501084
2501687
2502117
2504416
2504577
2504881
2505330
2505567
2505949
2506314
2506677
2506993
2507300
2507747
2508106
2508510
2511034
2511270
2511699
2512013
2512439
2512864
2513230
2513617
2514200
2514526
2514933
2515344
2517958
2518157
2518480
2518767
2519099
2519451
2519966
2520289
2520624
2520994
2521376
2521799
2522142
2524578
2524804
2525069
2525500
2525942
2526157
2526447
2526825
2527019
2527386
2527968
2528278
2530695
2530980
2531460
2531721
2532032
2532345
2532633
2533160
2533640
2534003
2534432
2534770
2535139
2536847
2537036
2537347
2537611
2538012
2538279
2538633
2538956
2539317
2539610
2539923
2540376
2544939
2545637
2546241
2547061
2548105
2548751
2549875
2550723
2551301
2551633
2552044
2552393
2552581
2554270
2554487
2554818
2555128
2555531
2555927
2556220
2556558
2556914
2557286
2557648
2557967
2559602
2559869
2560287
2560652
2561210
2561753
2562429
2562761
2563205
2563910
2564836
2565452
2565880
2569225
2569437
2569669
2570016
2570364
2571009
2571482
2571915
2572233
2572724
2573189
2573540
2576028
2576226
2576526
2576908
2577429
2577680
2578062
2578348
2578750
2579108
2579496
2579983
2580313
2584784
2584961
2585269
2586229
2586816
2587252
2587825
2588119
2588442
2588773
2589040
2589351
2591885
2592122
2592423
2592816
2593193
2593629
2593950
2594277
2594717
2594868
2595349
2595669
2596059
2598952
2599285
2599868
2600664
2601550
2602752
2603302
2604093
2604723
2605523
2605993
2606813
2609998
2610278
2610645
2611146
2611534
2611898
2612246
2612552
2612998
2613328
2613713
2614042
2614496
2616783
2616954
2617263
2617498
2617877
2618270
2618622
2618943
2619308
2619740
2620185
2620841
2621620
2627618
2627899
2628447
2629183
2629976
2630434
2630893
2631364
2631840
2632218
2632723
2632961
2634591
2634789
2635153
2635551
2635820
2636032
2636450
2636795
2637086
2637367
2637710
2638020
2640483
2640794
2641094
2641366
2641838
2642232
2642697
2643032
2643441
2643781
2644074
2644419
2644788
2646392
2646608
2646854
2647463
2647881
2648271
2648605
2649014
2649402
2649676
2650125
2650381
2652930
2653110
2653440
2653940
2654430
2655086
2655497
2656164
2656822
2657545
2658386
2659134
2659622
2661790
2662125
2662421
2662830
2663102
2663447
2663908
2664319
2664674
2664963
2665277
2665631
2666100
2668559
2668794
2669134
2669481
2669854
2670265
2670650
2671180
2671738
2672259
2672804
2673169
2673448
2678647
2678947
2679333
2679683
2680162
2680547
2681107
2681345
2681777
2682058
2682423
2682751
2685373
2685728
2686043
2686420
2686838
2687287
2687837
2688407
2688997
2689331
2689671
2690073
2690484
2692331
2692591
2693048
2693666
2693931
2694470
2695240
2695833
2696326
2696748
2697437
2698280
2698597
2700996
2701217
2701525
2701892
2702257
2702567
2702996
2703444
2703924
2704260
2704636
2704917
2707402
2707665
2707998
2708435
2708795
2709096
2709398
2709827
2710110
2710532
2710925
2711286
2711748
2713386
2713637
2713920
2714236
2714648
2715026
2715455
2715877
2716199
2716545
2716982
2717375
2719970
2720163
2720471
2720846
2721236
2721614
2722020
2722364
2722675
2723173
2723622
2724182
2724870
2725546
2728743
2729143
2729572
2729982
2730437
2730781
2731166
2731442
2731865
2732203
2732581
2732956
2734757
2734986
2735355
2735770
2736106
2736411
2736661
2736972
2737415
2737822
2738138
2738495
2738969
2742094
2742515
2743029
2743800
2744423
2745016
2745521
2745910
2746275
2746705
2747231
2747649
2749418
2749714
2750076
2750408
2750771
2751180
2751519
2751962
2752433
2752905
2753309
2753573
2753903
2756419
2756661
2757072
2757542
2757898
2758340
2758898
2759787
2760450
2761280
2761550
2761980
2765557
2765945
2766287
2766614
2767046
2767335
2767700
2768019
2768485
2768714
2769105
2769436
2769823
2772337
2772558
2772943
2773248
2773566
2773961
2774323
2774635
2774927
2775312
2775753
2776158
2776607
2778238
2778451
2778850
2779175
2779407
2779886
2780381
2780710
2781061
2781519
2781937
2782439
2785939
2786177
2786509
2786896
2787338
2787639
2788007
2788512
2788834
2789242
2789695
2790146
2790445
2792608
2792810
2793223
2793675
2794335
2795013
2795835
2796184
2796740
2797044
2797506
2797834
2798178
2800526
2800724
2800990
2801311
2801702
2802102
2802549
2802947
2803256
2803645
2804056
2804381
2806879
2807117
2807385
2807742
2808025
2808317
2808895
2809321
2809791
2810227
2810701
2811056
2811575
2812008
2813679
2813824
2814103
2814438
2814693
2815064
2815481
2815749
2816039
2816370
2816621
2817047
2819579
2819780
2820018
2820388
2820633
2820941
2821231
2821494
2821771
2822196
2822740
2823248
2823786
2828850
2829041
2829438
2829878
2830513
2830868
2831283
2831613
2832104
2832441
2832871
2833078
2833296
2835970
2836145
2836500
2836898
2837283
2837733
2838153
2838464
2838745
2839088
2839449
2841445
2841672
2842334
2842561
2842845
2843483
2844125
2844543
2844908
2845277
2845703
2846020
2846332
2846734
2849186
2849409
2849779
2850194
2850504
2850825
2851148
2851462
2851909
2852319
2852643
2853012
2855709
2855984
2856318
2856732
2857145
2857609
2858312
2858790
2859286
2859770
2860343
2860796
2861264
2863712
2863900
2864257
2864690
2865027
2865382
2865665
2866171
2866603
2867015
2867428
2867796
2868256
2870984
2871246
2871595
2871992
2872333
2872688
2873162
2873524
2873820
2874147
2874702
2875362
2878506
2878574
2878592
2878938
2879386
2879885
2880237
2880712
2881043
2881445
2881858
2882309
2882968
2883365
2885204
2885473
2885726
2886010
2886530
2886715
2887087
2887437
2887780
2888181
2888607
2888980
2889307
2892250
2892394
2892736
2893071
2893558
2894154
2894558
2894866
2895134
2895417
2895814
2896079
2897732
2898010
2898320
2898615
2898983
2899204
2899527
2899916
2900383
2900707
2901173
2901511
2901849
2903711
2903870
2904152
2904471
2904842
2905137
2905459
2905853
2906325
2906666
2907017
2907441
2909881
2910116
2910504
2910833
2911122
2911534
2912022
2912543
2912844
2913111
2913483
2913799
2916165
2916394
2916724
2917036
2917386
2917816
2918188
2918404
2918922
2919188
2919629
2920111
2920850
2923947
2924158
2924609
2925019
2925506
2925953
2926304
2926631
2926912
2927250
2927603
2927875
2930259
2930544
2930839
2931241
2931568
2931832
2932147
2932556
2932884
2933388
2933769
2934137
2934525
2938596
2938744
2938807
2939398
2940335
2941037
2941618
2941924
2942343
2942678
2943041
2943384
2945991
2946154
2946504
2946869
2947174
2947580
2947898
2948321
2948683
2949114
2949355
2949696
2949999
2952742
2953025
2953360
2954269
2956100
2956672
2957169
2957573
2958037
2960500
2960796
2961161
2961612
2962015
2962402
2962829
2963251
2963579
2964025
2964345
2964676
2965151
2967912
2968246
2968696
2969045
2969510
2970212
2970662
2971194
2971832
2972737
2973349
2974077
2977125
2977366
2977789
2978249
2978669
2979067
2979635
2979994
2980407
2980670
2981080
2981468
2983958
2984229
2984657
2985019
2985340
2985867
2986254
2986577
2986838
2987095
2987399
2987892
2988124
2990235
2990598
2991194
2991820
2992530
2993274
2994369
2995022
2995467
2996111
2996631
2996954
2997332
3001092
3001360
3001616
3002022
3002304
3002683
3003012
3003466
3003827
3004138
3004551
3004826
3005186
3007003
3007305
3007680
3007991
3008301
3008732
3008966
3009350
3009738
3010275
3010898
3011754
3013501
3013772
3014033
3014377
3014774
3015181
3015366
3015736
3016050
3016386
3016570
3016922
3017079
3018663
3018838
3019125
3019432
3019707
3020041
3020271
3020617
3021063
3021498
3022184
3022663
3029395
3029730
3030177
3030805
3031639
3032116
3032559
3032967
3033280
3033687
3034225
3034662
3035039
3035403
3037910
3038197
3038574
3038907
3039334
3039801
3040306
3040620
3041102
3041471
3041952
3042357
3044793
3045000
3045324
3045738
3046179
3046532
3046842
3047165
3047553
3047993
3048652
3049045
3049494
3052523
3052924
3053236
3053686
3053960
3054390
3054707
3055018
3055410
3055802
3056068
3056443
3058175
3058379
3058766
3059079
3059499
3059964
3060450
3060965
3061414
3061734
3062251
3062904
3063516
3064076
3069913
3070800
3070990
3071043
3071904
3072750
3073457
3073860
3074241
3074583
3075002
3075356
3075860
3076281
3078830
3079032
3079389
3079762
3080077
3080482
3080919
3081306
3081659
3082077
3082541
3083042
3085557
3085799
3086264
3086471
3086880
3087404
3088019
3088542
3088802
3089283
3089970
3090545
3090959
3093527
3093791
3094187
3094525
3094906
3095333
3095707
3096107
3096358
3096725
3097161
3097477
3097874
3100080
3100333
3100622
3100863
3101214
3101894
3102432
3103049
3103546
3104059
3104527
3105243
3110339
3110555
3111224
3111577
3112306
3112784
3113287
3113500
3113765
3114075
3114396
3114707
3116413
3116666
3116965
3117277
3117675
3118048
3118408
3118621
3118921
3119321
3119833
3120302
3120505
3123195
3123288
3123532
3123855
3124245
3124727
3125061
3125469
3125820
3126213
3126597
3126867
3128388
3128660
3129047
3129419
3129782
3130240
3130696
3131078
3131478
3131800
3132160
3132529
3132914
3135862
3135999
3136224
3136741
3137408
3137936
3138321
3138574
3138878
3139319
3139599
3139934
3142439
3142772
3143019
3143408
3143716
3144178
3144529
3144694
3145086
3145390
3145691
3146035
3146354
3148304
3148628
3149179
3149606
3149943
3150490
3151048
3151715
3152198
3152592
3152999
3153428
3155479
3155852
3156387
3156949
3157386
3157766
3158200
3158567
3159067
3159536
3159855
3160299
3160595
3162298
3162568
3162773
3163056
3163312
3163589
3164053
3164524
3165040
3165552
3166281
3166652
3171145
3171502
3171780
3172295
3172434
3172755
3173104
3173491
3174022
3174279
3174535
3174839
3175158
3175434
3177873
3178149
3178537
3178888
3179388
3179668
3180043
3180435
3180716
3181095
3181462
3181707
3185898
3186151
3186641
3187073
3187600
3188232
3188838
3189564
3189929
3190357
3190842
3191269
3191683
3192194
3194769
3195060
3195514
3195951
3196307
3196609
3197028
3197337
3197759
3198102
3198379
3198783
3201221
3201510
3201850
3202141
3202490
3202847
3203449
3204151
3204726
3205174
3205556
3206194
3206636
3208542
3208745
3208999
3209308
3209650
3209881
3210151
3210456
3210697
3211026
3211555
3211873
3212253
3215789
3216030
3216363
3216699
3217201
3217581
3217972
3218340
3218907
3219437
3219922
3220449
3224535
3224713
3225263
3225848
3226248
3226672
3227386
3227915
3228409
3229054
3229534
3230082
3230546
3232495
3232754
3233094
3233374
3233667
3234086
3234538
3234950
3235253
3235618
3235960
3236286
3238065
3238362
3238769
3239071
3239419
3239847
3240249
3240677
3241100
3241561
3242075
3242869
3243365
3248494
3248629
3248919
3249268
3249709
3250018
3250211
3250559
3250893
3251133
3251437
3251775
3253336
3253640
3253983
3254400
3254840
3255273
3255522
3255812
3256149
3256424
3256708
3257036
3257263
3262562
3262907
3263487
3264192
3264687
3265143
3265522
3266012
3266367
3266665
3267022
3267306
3269160
3269420
3269780
3270326
3270788
3271318
3271696
3272060
3272509
3272888
3273283
3273489
3273715
3275417
3275613
3276044
3276476
3276768
3277100
3277410
3277854
3278567
3279335
3280064
3280763
3281571
3286837
3286979
3287592
3288139
3288590
3289328
3289657
3290033
3290312
3290683
3290984
3291271
3293873
3294120
3294512
3294975
3295377
3295786
3296268
3296586
3296942
3297280
3297672
3298126
3299829
3300042
3300611
3301364
3302009
3302295
3302971
3303630
3304230
3304765
3305702
3306129
3306592
3306956
3307379
3309146
3309462
3309690
3310010
3310324
3310690
3310887
3311148
3311647
3311852
3312190
3312644
3314408
3314727
3315055
3315371
