19555
130211
130292
131107
131502
132016
132727
133531
134036
134815
135117
135484
135890
136215
136465
136658
136871
137148
137550
137854
138089
138277
138508
138704
138917
139152
139392
139612
139854
140197
140611
140955
141373
141848
142179
142469
142900
143478
143909
144282
144802
145127
145582
146060
146398
146937
147299
147607
147869
148066
148320
148656
148830
149024
149293
149582
149910
150174
150497
150743
150998
151251
151622
151821
152097
152400
152619
153106
153281
153569
154015
154261
154664
155141
155689
156098
156446
156889
157530
158004
158500
158898
159158
159455
159754
159928
160365
160859
161381
161600
161812
162073
162345
162539
162801
163092
163359
163645
163970
164267
164696
165266
165721
166363
166846
167255
167896
168294
168457
168879
169314
169851
170064
170280
170507
170733
170955
171065
171298
171678
171969
172102
172328
172592
172774
173040
173230
173438
173693
173880
174147
174492
174889
175154
175570
176105
176337
176635
177196
177838
178273
178480
178674
178812
178968
179239
179543
179901
180176
180451
180681
180943
181404
181701
181918
182103
182418
182698
182965
183229
183476
183895
184264
184485
184676
184963
185138
185333
185559
185979
186150
186444
186822
187079
187277
187499
187882
188130
188312
188515
188763
188978
189336
189606
189925
190089
190384
190671
191035
191321
191477
191926
192228
192438
192847
193188
193293
193491
193650
194031
194177
194446
194694
194896
195250
195615
195935
196151
196415
196827
197064
197279
197677
197964
198236
198555
198829
199113
199285
199793
200263
200457
200612
200798
200976
201193
201492
201695
201966
202235
202505
202745
203088
203457
203740
204058
204340
204653
204923
205311
205684
205974
206321
206748
207081
207466
207838
208279
208770
209248
209809
210290
210668
210924
211130
211397
211624
211926
212179
212390
212637
212982
213396
213612
213960
214343
214517
214725
214952
215150
215378
215685
215821
216070
216599
216703
217088
217480
217967
218446
219024
219392
219722
219964
220297
220568
220784
220986
221238
221542
221755
222064
222450
222954
223336
223620
223833
224241
224578
224800
225101
225288
225524
225896
226157
226420
226754
227189
227559
227948
228388
228754
229168
229565
229791
230380
231096
231530
232209
232849
233545
233735
234018
234391
234615
234881
235149
235435
235792
236032
236295
236503
236750
237117
237566
237811
238254
238722
239223
239798
240381
241464
241681
241924
242249
242544
242980
243401
243756
244128
244433
244689
244926
245163
245343
245533
245738
246009
246397
246725
247076
247476
247709
248084
248488
248897
249339
249481
249753
250173
250627
250947
251286
251573
251923
252198
252477
252793
253511
253595
253844
254124
254423
254634
254888
255103
255306
255519
255786
255997
256188
256288
256612
256994
257410
257706
258045
258347
258806
259250
259560
259915
260099
260429
260568
260703
260984
261263
261575
261908
262172
262420
262840
263069
263246
263498
263697
263986
264262
264601
265195
265453
265752
265995
266177
266567
267007
267304
267771
268113
268381
268756
269419
270015
270286
270566
270815
271091
271282
271561
271759
272031
272417
272840
272982
273282
273657
273916
274262
274496
274941
275080
275480
275991
276250
276791
277171
277457
277694
277982
278311
278562
278919
279222
279547
279817
280114
280480
280846
281210
281475
281815
282133
282410
282627
282874
283144
283376
283573
283876
284224
284619
284845
285107
285553
285833
286257
286555
286779
287012
287480
288000
288344
288635
288902
289423
289691
290069
290459
290734
291150
291565
292077
292603
295591
295801
296237
296598
296956
297686
297964
298418
298960
299510
300142
300816
301478
301917
304500
304758
305052
305286
305595
306007
306318
306714
307054
307409
307730
308114
308403
310459
310673
311348
311760
312120
312433
312834
313251
313715
314423
314810
315184
319378
319592
319894
320045
320338
320767
321069
321298
321591
321804
322102
322267
322475
322789
325262
325479
325833
326384
326724
327041
327331
327609
327882
328197
328424
328970
332490
332615
333051
333596
334185
334528
335012
335294
335569
335909
336571
336942
337246
340202
340351
340631
341057
341466
342059
342431
342784
343376
343914
344464
344820
345228
347677
347859
348113
348495
349082
349784
350360
350933
351515
352028
352724
353158
355968
356428
356781
357032
357455
357860
358208
358530
358818
359152
359824
360106
360527
362125
362330
362712
362949
363269
363691
363973
364327
364796
365127
365260
365543
365987
367495
367799
368227
368643
368993
369235
369476
369736
370000
370391
370566
370828
372687
372951
373301
373652
373954
374315
374749
375082
375414
376085
376526
377042
377642
382301
382579
383321
383692
384213
384735
385207
385561
386024
386401
386743
387210
389614
389883
390243
390556
391068
391346
391769
392176
392800
393058
393447
393766
394166
396403
396619
396978
397436
397878
398522
399429
399871
400323
400618
401036
401467
403124
403389
403756
404088
404305
404604
405031
405260
405620
405993
406453
406787
407224
408934
409188
409705
410187
410545
410900
411352
411918
412346
412628
412982
413419
415864
416116
416535
416889
417446
417611
417967
418416
418762
419107
419461
419725
419931
421479
421637
421956
422247
422667
422931
423199
423474
423870
424217
424552
424947
426703
427013
427364
427680
427958
428309
428622
428879
429119
429457
429828
430155
430421
432095
432326
432573
432992
433335
433886
434121
434529
434905
435231
435774
436352
439564
439753
440257
440562
440998
441268
441633
441958
442245
442662
443172
443533
444152
445946
446182
446408
446740
446999
447237
447477
447820
448577
449013
449543
449947
455327
455867
456390
457210
458037
458420
458778
459114
459410
459693
459990
460487
460967
463373
463577
463895
464158
464419
464716
465067
465301
465576
465937
466266
466501
466882
469686
469973
470571
471023
471164
471320
471732
472107
472493
472751
473008
473280
473609
476079
476267
476644
477084
477341
477698
478114
478686
479056
479438
479924
480345
480818
481095
484989
485166
485502
485725
486099
486577
487038
487232
487536
487967
488316
488648
489097
490897
491078
491395
491790
492005
492351
492763
493118
493338
493802
494275
494958
497820
498017
498265
498642
499028
499396
499784
500110
500470
500787
501092
501373
501829
505191
505366
505763
506295
506896
507462
508052
508711
509155
509495
509820
510208
512713
512862
513103
513429
513746
514089
514401
514753
515125
515477
515987
516437
518882
519034
519307
519658
520030
520560
521167
521722
522180
522603
523085
523764
524442
527019
527259
527611
527850
528348
528834
529134
529411
529728
530055
530427
530779
533270
533433
533860
534323
534687
535063
535506
535845
536092
536421
536929
537422
537812
540431
540704
541164
541648
541966
542175
542620
543018
543357
543803
544196
544482
544813
547367
547552
547777
548089
548406
548765
549135
549433
549737
550113
550390
550885
554012
554290
554814
555230
555683
555874
556234
556579
556877
557238
557506
557775
558113
559763
560127
560452
560825
561402
561754
562264
562804
563212
563668
564043
564321
566215
566704
567195
567921
568343
569105
569622
570035
570293
570755
571181
571320
571484
573615
573907
574236
574549
574794
575203
575609
576030
576446
576832
577263
577555
579168
579520
579705
580071
580499
580735
581050
581387
581681
581936
582318
582831
588020
588503
588966
589393
589989
590577
590919
591216
591597
591916
592306
592682
592951
595431
595553
595837
596218
596504
596805
597069
597398
597877
598229
598505
598852
600803
601240
601801
602222
602898
603272
603755
604622
605173
605788
606389
606894
607234
609749
609954
610532
612813
613090
613431
613765
614071
614423
614755
616548
616808
617271
617570
617881
618271
618570
618933
619283
619600
620004
620409
622817
623109
623405
623705
623969
624328
624754
624984
625363
625665
625914
626302
626664
628398
628703
629254
629893
630320
630819
631446
632110
632823
633639
634762
635477
638810
639007
639399
640177
640407
640575
640874
641139
641421
641701
641987
642190
642566
644876
645163
645461
645892
646251
646683
646975
647412
647778
648066
648275
648853
651215
651647
651821
652179
652635
652883
653183
653467
653740
653976
654312
654661
654886
657119
657304
657636
657943
658337
658713
658993
659314
659822
660297
660678
661257
665266
665755
666348
666766
667098
667464
667816
668107
668402
668744
669100
669552
670029
671948
672170
672463
672724
672961
673253
673624
673923
674334
674641
675041
675647
676203
681877
682195
682815
683259
683784
684319
684728
685095
685507
685833
686165
686541
686864
689109
689371
690045
690308
690527
690798
691134
691418
691796
692105
692374
692683
695028
695254
695543
696087
696817
697366
698008
698556
699112
699249
699475
699777
700055
700451
700805
703541
703702
704028
704406
704934
705412
705675
706062
706422
706842
707234
707572
710614
710859
711605
712120
712506
712808
713144
713590
713871
714389
714830
715419
718267
718666
719124
719702
720372
720641
720934
721367
721769
722074
722396
722650
723003
723306
723661
726241
726499
726743
727021
727434
727679
727985
728354
728617
728927
729322
729550
729933
731654
731836
732160
732673
732930
733385
733872
734344
734718
735221
735936
736662
738412
738685
739025
739341
739733
740154
740498
741045
741520
741833
742275
742711
743151
744926
745298
745621
745972
746397
746796
747171
747474
747747
748162
748592
748964
754507
754745
755093
755702
756535
756868
757362
758018
758414
758629
758986
759336
761850
762010
762345
762767
763244
763593
764022
764431
764752
765134
765554
765930
766371
768721
768960
769459
769780
770142
770585
770957
771354
772366
772591
773006
773294
774227
774614
776611
776856
777109
777513
777861
778057
778654
779208
779470
779828
780117
780562
782980
783260
783634
783922
784347
784785
785138
785444
785779
786130
786533
787028
787432
790424
790573
790796
791138
791573
791799
792102
792366
792675
793013
793330
793671
793994
796620
796911
797329
797942
798181
798417
798733
798987
799221
799558
800115
800661
804709
804788
805137
805513
805900
806322
806731
806990
807257
807580
807969
808240
808562
810268
810567
810789
811137
811478
811945
812245
812569
812856
813241
813487
813745
815340
815540
815938
816318
816721
816838
817072
817632
818098
818454
818735
819114
819414
821829
821998
822307
822542
822878
823325
823753
823995
824271
824577
824903
825232
825616
828252
828450
828982
829278
829600
829918
830364
830918
831267
831599
831933
832193
832449
834046
834270
834612
834898
835228
835606
835979
836323
836579
836918
837152
837724
841445
841601
841930
842176
842413
842739
843094
843482
844120
844815
845283
845793
846325
848903
849134
849494
849761
850107
850477
850799
851123
851788
852073
852449
852920
853334
855785
856018
856447
856734
857051
857482
857900
858239
858646
859006
859695
860225
860724
865739
866110
866296
866789
867172
867410
867785
868087
868392
868651
868977
869440
871534
871821
872228
872587
872897
873193
873615
873943
874378
874824
875182
875453
875794
878461
878874
879200
879600
879869
880135
880864
881351
881723
882095
882519
882894
884872
885182
885502
885871
886652
886899
887228
887643
887937
888268
888725
889162
891598
891859
892194
892524
892876
893432
893933
894489
894867
895477
895713
895961
896675
897048
897364
899704
899977
900298
900621
900983
901299
901576
901931
902192
902501
902810
904611
904852
905127
905427
905785
906044
906342
906566
906864
907141
907461
908059
908451
913677
914103
914484
915143
916132
916867
917125
917638
918173
918457
918795
919128
921427
921727
922084
922417
922714
923139
923431
923681
924068
924330
924668
924818
925020
928061
928332
928641
928973
929406
930018
930350
930717
931084
931348
931583
931946
932239
933917
934118
934498
934752
935174
935561
935777
936043
936371
936862
937112
937423
939972
940330
940894
941614
942173
942592
943448
944055
944639
945251
945691
946234
946725
948366
948534
948846
949390
949636
949865
950156
950531
951000
951469
951910
952222
954646
954908
955176
955438
955790
956172
956498
956859
957336
957995
958325
958864
959448
965310
965575
965863
966477
966910
967235
967689
968203
968420
968844
969201
969443
971109
971382
971656
972041
972292
972545
972724
972946
973320
973689
973866
974100
975912
976213
976546
976861
977184
977422
977778
978095
978483
978745
978938
979135
979410
981015
981423
981659
981996
982266
982549
982948
983212
983519
983845
984350
984729
984983
988159
988448
989024
989703
990162
990620
990900
991619
991947
992309
992740
993208
995672
995993
996279
996582
996971
997318
997678
997916
998128
998413
998657
998961
999220
1000928
1001116
1001563
1001897
1002254
1002496
1002772
1003100
1003628
1004034
1004423
1004780
1006691
1006917
1007322
1007619
1007892
1008185
1008497
1009170
1009493
1009848
1010195
1010505
1012726
1012947
1013415
1013606
1013960
1014284
1014520
1014887
1015271
1015702
1015998
1016426
1016898
1018540
1018763
1019050
1019317
1019584
1019910
1020277
1020540
1020843
1021124
1021520
1021905
1024287
1024420
1024633
1024951
1025327
1025535
1025801
1026216
1026826
1027506
1027851
1028293
1028851
1029425
1031458
1032070
1032384
1033075
1033460
1033866
1034043
1034414
1034829
1035098
1035501
1035857
1038202
1038477
1038791
1039068
1039379
1039700
1040042
1040249
1040552
1041008
1041391
1041753
1042106
1046515
1046695
1046897
1047804
1048390
1048958
1049250
1049660
1050002
1050510
1051100
1051444
1051797
1055434
1055767
1056157
1056511
1056861
1057195
1057596
1058041
1058437
1058652
1058988
1059202
1062247
1062391
1062734
1063306
1063509
1063898
1064616
1065217
1065623
1065994
1066215
1066608
1067076
1069441
1069649
1069945
1070245
1070535
1070815
1071170
1071531
1071959
1072295
1072718
1073145
1075568
1075734
1076376
1076737
1076969
1077266
1077529
1077871
1078236
1078611
1079244
1079907
1082378
1082666
1082998
1083315
1083578
1083871
1084294
1084725
1085023
1085418
1085737
1085958
1086235
1087757
1087963
1088169
1088448
1088755
1089023
1089277
1089657
1089846
1090246
1090515
1090805
1091323
1093848
1094255
1094997
1095301
1095653
1096226
1096686
1097046
1097404
1097642
1097899
1098283
1098589
1100291
1100449
1100663
1100995
1101296
1101577
1101812
1102110
1102465
1102817
1103251
1103609
1103887
1105496
1106087
1106632
1107004
1107490
1107875
1108276
1108511
1108831
1109226
1109539
1110251
1112727
1112933
1113289
1113549
1113826
1114213
1114596
1114986
1115343
1115963
1116447
1116834
1117303
1120034
1120553
1121031
1121509
1121990
1122623
1123083
1123516
1124056
1124387
1124637
1124910
1126385
1126714
1126948
1127361
1127733
1128219
1128816
1129073
1129344
1129745
1130161
1130431
1130774
1133155
1133473
1134074
1134262
1134552
1135124
1135234
1135500
1135840
1136183
1136471
1136799
1136982
1137316
1139088
1139287
1139654
1139889
1140314
1140609
1140903
1141141
1141459
1141776
1142094
1142474
1144763
1144982
1145402
1145849
1146364
1146857
1147320
1147945
1148499
1148697
1149194
1149741
1150071
1151645
1151946
1152302
1152538
1152832
1153114
1153378
1153639
1153877
1154113
1154381
1154896
1155379
1158288
1158543
1158955
1159366
1159841
1160346
1160908
1161463
1161898
1162213
1162641
1163214
1168327
1168818
1169478
1169741
1170055
1170619
1171278
1171603
1171960
1172387
1173002
1173383
1173733
1174051
1174414
1176229
1176389
1176657
1176938
1177190
1177544
1177895
1178322
1178810
1179083
1179428
1179731
1182994
1183212
1183482
1183901
1184154
1184725
1185031
1185709
1186209
1186800
1187432
1188210
1189175
1192029
1192480
1192995
1193227
1193435
1193871
1194251
1194695
1194979
1195239
1195538
1195843
1198123
1198402
1198627
1198900
1199220
1199573
1200113
1200512
1201228
1201808
1202432
1203019
1204019
1209358
1209532
1209910
1210653
1211392
1212194
1213050
1214021
1214592
1215121
1215958
1216735
1217434
1220205
1220404
1220783
1221167
1221478
1221889
1222337
1222698
1223285
1223774
1224230
1224710
1227927
1228282
1228558
1229067
1229355
1229641
1229953
1230313
1230677
1230926
1231273
1232084
1232405
1236929
1237162
1237480
1238557
1239161
1239781
1240238
1240585
1240989
1241368
1241686
1242031
1242386
1244968
1245292
1245591
1245867
1246133
1246385
1247050
1247445
1247837
1248506
1248860
1249279
1249570
1251322
1251578
1252010
1252251
1252664
1253245
1253676
1254077
1254837
1255607
1255978
1256313
1256686
1259040
1259281
1259636
1259858
1260209
1260745
1261056
1261309
1261656
1261990
1262182
1262385
1262715
1265311
1265471
1265707
1266050
1266387
1266719
1267063
1267368
1267867
1268262
1268628
1269059
1269475
1271957
1272131
1272409
1272699
1272956
1273307
1273750
1274101
1274509
1274801
1275123
1277557
1277728
1277951
1278257
1278572
1278896
1279244
1279879
1280436
1280971
1281425
1281737
1282158
1284237
1284420
1284770
1284980
1285216
1285461
1285754
1286070
1286421
1286733
1286918
1287181
1287631
1290057
1290203
1290467
1290968
1291445
1291729
1292154
1292548
1292919
1293383
1293927
1294498
1298378
1298693
1299226
1299673
1299960
1300229
1300583
1301108
1301348
1301656
1301872
1302257
1304700
1304982
1305420
1305704
1306068
1306354
1306718
1306993
1307247
1307621
1308006
1308282
1308557
1310677
1310958
1311295
1311574
1311898
1312185
1312439
1312756
1313066
1313258
1313525
1313859
1315385
1315638
1316014
1316290
1316622
1316924
1317200
1317483
1317891
1318173
1318393
1318672
1318959
1320490
1320785
1321219
1321606
1321958
1322163
1322784
1323336
1323888
1324405
1324768
1325201
1326649
1326922
1327254
1327502
1327861
1328280
1328822
1329246
1329600
1330048
1330430
1330997
1331279
1333778
1333922
1334272
1334708
1335443
1335705
1336181
1336766
1337310
1337822
1338438
1338986
1339691
1342555
1342845
1343540
1343893
1344245
1344564
1344795
1345208
1345584
1346239
1346460
1346734
1348534
1348834
1349200
1349427
1349701
1350034
1350494
1350786
1351195
1351997
1352724
1353390
1354241
1358894
1359080
1359478
1359515
1359776
1360133
1360617
1360984
1361300
1361548
1361842
1362214
1362503
1362763
1364438
1364689
1365088
1365400
1365676
1365948
1366250
1366575
1366851
1367173
1367509
1367839
1368181
1370695
1370916
1371100
1371424
1372159
1372720
1373259
1373553
1373806
1374176
1374598
1375093
1376916
1377206
1377592
1377899
1378286
1378672
1378906
1379310
1379716
1380028
1380326
1380758
1381189
1383826
1384110
1384574
1384977
1385626
1385757
1385933
1386331
1386660
1387035
1387336
1387687
1388201
1388687
1391455
1391917
1392329
1392634
1392961
1393258
1393581
1393930
1394274
1394690
1395042
1395342
1397087
1397425
1397771
1398183
1398686
1399150
1399610
1400451
1400768
1401472
1401843
1402107
1402534
1402819
1403121
1404708
1404867
1405153
1405542
1405727
1406039
1406408
1406713
1407056
1407496
1407791
1408141
1408624
1413130
1413335
1413724
1414177
1414624
1415177
1415472
1415858
1416022
1416259
1416530
1416967
1419556
1419796
1420092
1420934
1421551
1422361
1423168
1423860
1424120
1424762
1425362
1425883
1426195
1427899
1428246
1428535
1428791
1429307
1429627
1429867
1430222
1430600
1430881
1431294
1431542
1434676
1435053
1435431
1435756
1436109
1436395
1436660
1436916
1437289
1437993
1438578
1438976
1439230
1440816
1441212
1441439
1441783
1442040
1442330
1442762
1443012
1443233
1443578
1443886
1444097
1446736
1447003
1447278
1447647
1448093
1448342
1448720
1449271
1449627
1450180
1450819
1451436
1451975
1453986
1454466
1454845
1455123
1455595
1455882
1456182
1456514
1456709
1457059
1457364
1457761
1458262
1460608
1460833
1461094
1461508
1461841
1462129
1462439
1462754
1463033
1463347
1463756
1464076
1466123
1466572
1466898
1467200
1467521
1467794
1468158
1468593
1468818
1469138
1469415
1469674
1471538
1471710
1471973
1472258
1472586
1472980
1473298
1473493
1473839
1474195
1474581
1475442
1475969
1479594
1479754
1480157
1480581
1480854
1481312
1481862
1482274
1482618
1482877
1483179
1483599
1485155
1485489
1485769
1486104
1486383
1486648
1486908
1487257
1487668
1487963
1488315
1488632
1488950
1491373
1491612
1491849
1492516
1492879
1493289
1493605
1494089
1494933
1495445
1495811
1496245
1497717
1498087
1498284
1498594
1498941
1499294
1499623
1499946
1500278
1500610
1500948
1501369
1501726
1504104
1504289
1504571
1504892
1505381
1505635
1506044
1506492
1507140
1507352
1507857
1508456
1514007
1514612
1515291
1515691
1516100
1516531
1516884
1517277
1517500
1517743
1518020
1518304
1518661
1521027
1521272
1521588
1522008
1522273
1522630
1522843
1523176
1523534
1523792
1524245
1524703
1527312
1527734
1528301
1528451
1528866
1529347
1529776
1530326
1530970
1531464
1532411
1532975
1533389
1535748
1536007
1536244
1536564
1537321
1537635
1537974
1538286
1539226
1539817
1540240
1540709
1542591
1542977
1543238
1543498
1543829
1544123
1544453
1544931
1545329
1545861
1546146
1546385
1546665
1548453
1548660
1548990
1549308
1549543
1549809
1550095
1550369
1550765
1551029
1551288
1551729
1554309
1554561
1555255
1555591
1556050
1556303
1556681
1557130
1557578
1557926
1558446
1559146
1559767
1562595
1562800
1563158
1563611
1563915
1564206
1564585
1564846
1565122
1565460
1565651
1565986
1568399
1568544
1568859
1569267
1569556
1569958
1570296
1570617
1571016
1571488
1571970
1572416
1572858
1578321
1578742
1579069
1579692
1580292
1580740
1581026
1581444
1582442
1583146
1583421
1583778
1584129
1586913
1587086
1587407
1587766
1588233
1588527
1588906
1589366
1589687
1590167
1590526
1590837
1591165
1593747
1593941
1594383
1594941
1595262
1595584
1595847
1596241
1596523
1596779
1597205
1597601
1600236
1600449
1600687
1600894
1601155
1601489
1601808
1602253
1602640
1602945
1603359
1603726
1604068
1606522
1606735
1607061
1607482
1607841
1608220
1608444
1608731
1609387
1610117
1610543
1611026
1612651
1612884
1613156
1613577
1614022
1614302
1614590
1614877
1615132
1615478
1615805
1616244
1616688
1619636
1619902
1620310
1620862
1621387
1622002
1622430
1622802
1623244
1623784
1624290
1624676
1626561
1626893
1627230
1627415
1627760
1628025
1628470
1628674
1628934
1629267
1629499
1629852
1630173
1631915
1632190
1632415
1632634
1633033
1633429
1633793
1634150
1634521
1635031
1635427
1635915
1638911
1639257
1639603
1640070
1640572
1641339
1641776
1642456
1642869
1643439
1644217
1644574
1645363
1646027
1647874
1648262
1648608
1648833
1649175
1649482
1649796
1649976
1650255
1650567
1650980
1651437
1651869
1653484
1653734
1654036
1654298
1654564
1654880
1655201
1655956
1656359
1656944
1657408
1657983
1658064
1658477
1661009
1661200
1661557
1661930
1662313
1662789
1663205
1663466
1663824
1664202
1664472
1664860
1665312
1667638
1667843
1668105
1668306
1668680
1669176
1669605
1669932
1670464
1670685
1670981
1671289
1671804
1674006
1674397
1674678
1674896
1675116
1675442
1675674
1675923
1676596
1676940
1677240
1677552
1680548
1680698
1681062
1681334
1681747
1682080
1682377
1682595
1682985
1683444
1683803
1684142
1686614
1686965
1687386
1687800
1688056
1688409
1688682
1688974
1689292
1689559
1689862
1690274
1692748
1692892
1693131
1693461
1693864
1694109
1694403
1694738
1694959
1695385
1695831
1696193
1696867
1699006
1699297
1699692
1700016
1700459
1700655
1700939
1701325
1701620
1702173
1702523
1702872
1703121
1705038
1705480
1706002
1706319
1706520
1706865
1707173
1707318
1707636
1707927
1708370
1708565
1708767
1710488
1710712
1711367
1711836
1712261
1713096
1713716
1714301
1715031
1715305
1715505
1715821
1718185
1718429
1718744
1719076
1719398
1719696
1720150
1720469
1720720
1721024
1721304
1721587
1721951
1723532
1723832
1724305
1724567
1724777
1725121
1725458
1725892
1726424
1726669
1727077
1727712
1732018
1732180
1732552
1733453
1734149
1734553
1734976
1735286
1735660
1735983
1736383
1736782
1737075
1739604
1739928
1740255
1740593
1740948
1741269
1741548
1741950
1742277
1742550
1742929
1743277
1746319
1746624
1747188
1747667
1748223
1749071
1749306
1749947
1751018
1751175
1751921
1752246
1752514
1755077
1755386
1755738
1756382
1756778
1757125
1757406
1757701
1758109
1758494
1758942
1759387
1761056
1761276
1761519
1761817
1762052
1762351
1762645
1763030
1763331
1763770
1764147
1764452
1764984
1766870
1767137
1767451
1767751
1768062
1768370
1768806
1769017
1769371
1769714
1770036
1770209
1772107
1772308
1772607
1772939
1773153
1773520
1773814
1774371
1774742
1775207
1775561
1776039
1776463
1778206
1778478
1778877
1779175
1779545
1779886
1780262
1780583
1781136
1781447
1781947
1782346
1785044
1785225
1785645
1785994
1786336
1786706
1787022
1787351
1787736
1787994
1788408
1788831
1789423
1793942
1794643
1795071
1795593
1795997
1796393
1796720
1796960
1797438
1797817
1798128
1798454
1800852
1801091
1801445
1801808
1802124
1802441
1802803
1803104
1803450
1803769
1804044
1804348
1804641
1807361
1807610
1808048
1808416
1808725
1809124
1809544
1810047
1810450
1810824
1811194
1811597
1814043
1814356
1814700
1815096
1815467
1815747
1816059
1816410
1816796
1817006
1817301
1817596
1817868
1819462
1819702
1819887
1820170
1820628
1821154
1821596
1822072
1822567
1823126
1823648
1823989
1824542
1827333
1827760
1828097
1828468
1828655
1828952
1829255
1829615
1829861
1830145
1830398
1830712
1833450
1833632
1834042
1834382
1834738
1835109
1835512
1835911
1836310
1836877
1837404
1837873
1838627
1843585
1843776
1844013
1844364
1844624
1845200
1845520
1845936
1846331
1846586
1846950
1847252
1848973
1849206
1849575
1849873
1850246
1850950
1851337
1851729
1852168
1852524
1852948
1853362
1853678
1856095
1856335
1856753
1857168
1857516
1857899
1858222
1858694
1859026
1859629
1860187
1860857
1861414
1863815
1864014
1864356
1864715
1865026
1865380
1865874
1866241
1866538
1866921
1867281
1867751
1870795
1871020
1871454
1871761
1872213
1872710
1873079
1873605
1874261
1874753
1875135
1875684
1881042
1881683
1881917
1882131
1882425
1882838
1883337
1883631
1883997
1884417
1884621
1884937
1885620
1885991
1887828
1888033
1888437
1888756
1889057
1889443
1889865
1890270
1890498
1890846
1891205
1891524
1891827
1893640
1894027
1894352
1894691
1895039
1895477
1896134
1896593
1897271
1898055
1898388
1898786
1901177
1901388
1901625
1901912
1902215
1902566
1902857
1903222
1903529
1903808
1904112
1904392
1904731
1907627
1907813
1908068
1908442
1908704
1909018
1909438
1910177
1910809
1911434
1912006
1912636
1918316
1918802
1918945
1919404
1919749
1920011
1920327
1920950
1921320
1921563
1921782
1922029
1922321
1922691
1924704
1924983
1925380
1925869
1926185
1926582
1926987
1927434
1927862
1928288
1928561
1928973
1931421
1931560
1931825
1932308
1932643
1933137
1933421
1933784
1934103
1934376
1934729
1935017
1935629
1937498
1937719
1938069
1938444
1938825
1939185
1939591
1940035
1940498
1940923
1941389
1941741
1944227
1944433
1944943
1945201
1945625
1945983
1946268
1946599
1946984
1947244
1947580
1947967
1949805
1950122
1950480
1950824
1951276
1951480
1951740
1952084
1952246
1952556
1952967
1953235
1953580
1955184
1955426
1955669
1955954
1956184
1956371
1956712
1957067
1957738
1958198
1958817
1959032
1959302
1961544
1961866
1962503
1962911
1963172
1963502
1963851
1964181
1964378
1964704
1965088
1965447
1967856
1968102
1968412
1968778
1969105
1969541
1969822
1970237
1970611
1970889
1971273
1971725
1974889
1975004
1975296
1975836
1976476
1977102
1977986
1978257
1978529
1978879
1979188
1979787
1980058
1982497
1982724
1983133
1983458
1983733
1984088
1984492
1984703
1984917
1985252
1985489
1985709
1985994
1988405
1988633
1988852
1989190
1989640
1990368
1990607
1991046
1991786
1992415
1992980
1993581
1996172
1996421
1996686
1997022
1997389
1997727
1998024
1998330
1998592
1998741
1999054
1999275
1999592
2001055
2001320
2001626
2001823
2002160
2002537
2002832
2003084
2003490
2003856
2004101
2004557
2009521
2010015
2010627
2011317
2011567
2011774
2012526
2013284
2013577
2014058
2014397
2014602
2014946
2015374
2017139
2017378
2017692
2017904
2018255
2018629
2019088
2019610
2019927
2020396
2020761
2021026
2021358
2022973
2023200
2023528
2023848
2024261
2024599
2025149
2025614
2026194
2026941
2027798
2028194
2030681
2030929
2031395
2031721
2032064
2032442
2032781
2033227
2033577
2033894
2034132
2034493
2034786
2036562
2036757
2037032
2037444
2037683
2038018
2038897
2039213
2039518
2039806
2040138
2040580
2047193
2047399
2047828
2048666
2049265
2049749
2050159
2050448
2050744
2051120
2051390
2051704
2052162
2054761
2054944
2055242
2055588
2056003
2056303
2056617
2057023
2057415
2057651
2058132
2058524
2061310
2061682
2062053
2062351
2062681
2063115
2063839
2064040
2064459
2064786
2065122
2065583
2068032
2068257
2068487
2068806
2069192
2069599
2069984
2070203
2070554
2070917
2071174
2071542
2071859
2073521
2073732
2074197
2074634
2074948
2075281
2075710
2076343
2076801
2077286
2077727
2078418
2080275
2080689
2081055
2081333
2081705
2082128
2082631
2083271
2083586
2084022
2084339
2084685
2085038
2086730
2086963
2087582
2087884
2088239
2088582
2088839
2089362
2089975
2090423
2091159
2091675
2092053
2098589
2098935
2099400
2099946
2100425
2100899
2101619
2102232
2102559
2102843
2103171
2103592
2104193
2106361
2106526
2106778
2107265
2107632
2107904
2108340
2108730
2109176
2109621
2110108
2110418
2112868
2113104
2113489
2113824
2114213
2114561
2114780
2115223
2115683
2115988
2116285
2116606
2117017
2118630
2118939
2119385
2119634
2119908
2120141
2120540
2120942
2121259
2121602
2121970
2122221
2124711
2124998
2125316
2125730
2126134
2126561
2126977
2127264
2127562
2128464
2129323
2129797
2130333
2133101
2133355
2133756
2134113
2134479
2134917
2135310
2135832
2136260
2136639
2136982
2137299
2139785
2139997
2140412
2140686
2140960
2141326
2141635
2142051
2142447
2142732
2143043
2143383
2143751
2145310
2145565
2145928
2146165
2146480
2146887
2147170
2147694
2147997
2148231
2148605
2148864
2151219
2151437
2151757
2152015
2152420
2152758
2153027
2153349
2153797
2154075
2154354
2154551
2154948
2156702
2156990
2157425
2157702
2158020
2158301
2158595
2158980
2159351
2159788
2160245
2160793
2163246
2163479
2163991
2164328
2164692
2165012
2165347
2165673
2165980
2166357
2166689
2167173
2167569
2170262
2170452
2170894
2171574
2172420
2173034
2173682
2174342
2175002
2175505
2175992
2176490
2178054
2178436
2178697
2179080
2179427
2179690
2179987
2180385
2180753
2181103
2181467
2181785
2182140
2184679
2184961
2185336
2185670
2186093
2186462
2186752
2187245
2187825
2188360
2188862
2189461
2194846
2195394
2195950
2196341
2196737
2197152
2197417
2197754
2198184
2198436
2198805
2199100
2199343
2201008
2201234
2201553
2201911
2202234
2202619
2203006
2203402
2203732
2204118
2204536
2204856
2207774
2208052
2208297
2208760
2209177
2209645
2210404
2210601
2210990
2211458
2212011
2212693
2213237
2215670
2216015
2216380
2216634
2217017
2217408
2217789
2218313
2218645
2218983
2219356
2219722
2221702
2221909
2222196
2222496
2222715
2223067
2223606
2224228
2224660
2225049
2225699
2226036
2226561
2228442
2228907
2229575
2230085
2230698
2231057
2231289
2231523
2231842
2232096
2232515
2232810
2233218
2235717
2235977
2236498
2237216
2237980
2238442
2238879
2239203
2239770
2240186
2240573
2240941
2244845
2244996
2245610
2246234
2246624
2247118
2247950
2248856
2249800
2250734
2251687
2252038
2253726
2253959
2254339
2254632
2254969
2255303
2255590
2255999
2256301
2256551
2256762
2257020
2257277
2258731
2258919
2259319
2259652
2259995
2260279
2260596
2260882
2261279
2261569
2261886
2262181
2263960
2264255
2264588
2264946
2265319
2265679
2266021
2266360
2266792
2267040
2267434
2267684
2268018
2270113
2270290
2270550
2270915
2271246
2271686
2272047
2272312
2272542
2272829
2273230
2273667
2275768
2275952
2276353
2276965
2277523
2278065
2278805
2279315
2279891
2280434
2280931
2281434
2282065
2284833
2285117
2285449
2285902
2286220
2286497
2286723
2286951
2287299
2287679
2287940
2288300
2290059
2290266
2290616
2290976
2291345
2291817
2292211
2292680
2293036
2293609
2294175
2294614
2295125
2300768
2301074
2301316
2301603
2302193
2302630
2303235
2303640
2304000
2304271
2304440
2304598
2304788
2306352
2306592
2306879
2307209
2307584
2307846
2308189
2308737
2309084
2309298
2309602
2309894
2310172
2312126
2312428
2312729
2313060
2313502
2314198
2314556
2314821
2315076
2315452
2315704
2316122
2318663
2318905
2319189
2319572
2320075
2320603
2320896
2321250
2321728
2322341
2322962
2323272
2323640
2326018
2326236
2326551
2326965
2327341
2327732
2328123
2328521
2328869
2329229
2329967
2330757
2333263
2333571
2333898
2334235
2334602
2335009
2335365
2335777
2336200
2336493
2336838
2337146
2337411
2339787
2339985
2340267
2340553
2340933
2341237
2341728
2342121
2342487
2342968
2343659
2347860
2348270
2348567
2348938
2349359
2349686
2349995
2350483
2350737
2351079
2351418
2351592
2351858
2352232
2352476
2354045
2354246
2354428
2354689
2355018
2355297
2355581
2355885
2356158
2356456
2357113
2357676
2362579
2363297
2363898
2364628
2364930
2365574
2365865
2366589
2367075
2367458
2367973
2368642
2368902
2369282
2369625
2369985
2372369
2372580
2373016
2373283
2373589
2373978
2374308
2374610
2374882
2375094
2375361
2375655
2377754
2377994
2378334
2378725
2379209
2379509
2379780
2380103
2380569
2381435
2381726
2382093
2382774
2384863
2385114
2385579
2385960
2386437
2386738
2386982
2387289
2387530
2387777
2388038
2388331
2389890
2390121
2390419
2390765
2391241
2391437
2391826
2392312
2392421
2392676
2393274
2394113
2394519
2394922
2396656
2397072
2397461
2397827
2398134
2398407
2398646
2399101
2399345
2399655
2399937
2400306
2402795
2403011
2403324
2403616
2403923
2404278
2404666
2405123
2405531
2405767
2406097
2406741
2409211
2409486
2409778
2410039
2410421
2410730
2411114
2411459
2411864
2412175
2412512
2412891
2413287
2415718
2416075
2416516
2417031
2417467
2417846
2418241
2418610
2419019
2419216
2419683
2420008
2420375
2423168
2423484
2423977
2424295
2424627
2424981
2425219
2425581
2425994
2426359
2426663
2427033
2427465
2429698
2429908
2430206
2430675
2431123
2431524
2431852
2432283
2432559
2432958
2433548
2437044
2437270
2437584
2437953
2438467
2438952
2439640
2440110
2440691
2441303
2441925
2442622
2443184
2444863
2445121
2445476
2445761
2446140
2446410
2446718
2446976
2447197
2447438
2447672
2447862
2448074
2449892
2450261
2450573
2451004
2451451
2451716
2452087
2452915
2453286
2453869
2454565
2455259
2461182
2461464
2461904
2462722
2463206
2463831
2464323
2464957
2465223
2465518
2465848
2466122
2466418
2468181
2468401
2468716
2469029
2469386
2469718
2470143
2470462
2470855
2471180
2471472
2471786
2472200
2474983
2475344
2475660
2475906
2476207
2476860
2477365
2477775
2478163
2478486
2478897
2479171
2480988
2481423
2481620
2481957
2482252
2482507
2482879
2483131
2483369
2483703
2483962
2484205
2484505
2486865
2487091
2487476
2487873
2488252
2488718
2489185
2489686
2490230
2490459
2490760
2491051
2493176
2493527
2494003
2494357
2494850
2495251
2495708
2496074
2496538
2496877
2497149
2497519
2497842
2500628
2500763
2501112
2501411
2501617
2501987
2502368
2502715
2503022
2503732
2504404
2505176
2509705
2510293
2510367
2510643
2511237
2511976
2512858
2513340
2513671
2513882
2514277
2514562
2514840
2515115
2516827
2517136
2517410
2517609
2517975
2518279
2518499
2518810
2519250
2519650
2519979
2520458
2522953
2523253
2523495
2523802
2524410
2524758
2525117
2525476
2525923
2526377
2526729
2527151
2527515
2529993
2530285
2530722
2531005
2531422
2531949
2532260
2532678
2532956
2533276
2533504
2533913
2535589
2535903
2536208
2536399
2536617
2536832
2537100
2537322
2537628
2538502
2538760
2539162
2539696
2544921
2545236
2545358
2545979
2546336
2546723
2547011
2547454
2547746
2548117
2548497
2549016
2551425
2551595
2551789
2552151
2552589
2552913
2553306
2553726
2554003
2554436
2554775
2555077
2555442
2558145
2558327
2558631
2559238
2559558
2559952
2560328
2560514
2561104
2561849
2562361
2562756
2565724
2566284
2566825
2567122
2567501
2567790
2568059
2568382
2568757
2569077
2569335
2569725
2570133
2571587
2571922
2572205
2572456
2572646
2573046
2573498
2573918
2574435
2575099
2575814
2576522
2579710
2580200
2580650
2581244
2581723
2582015
2582440
2582852
2583103
2583339
2583625
2583900
2584176
2586719
2586916
2587317
2587682
2588173
2588537
2588798
2589139
2589409
2589636
2589884
2590287
2590644
2592444
2592925
2593344
2593802
2594083
2594634
2595112
2595731
2596146
2596527
2596785
2597096
2598843
2599061
2599350
2599677
2599991
2600295
2600516
2600843
2601159
2601444
2601796
2602245
2604792
2604969
2605408
2605832
2606296
2606613
2606838
2607225
2607701
2607988
2608491
2609023
2609345
2611830
2612176
2612525
2612770
2613008
2613327
2613658
2614078
2614457
2614741
2615187
2615596
2618244
2618438
2618809
2619249
2619567
2620182
2620807
2621396
2621896
2622520
2623193
2623913
2624606
2627008
2627326
2627804
2628443
2629038
2629612
2630021
2630343
2630700
2631200
2631768
2632153
2633941
2634247
2634519
2634834
2635390
2635634
2635963
2636256
2636621
2636866
2637201
2637493
2637652
2639882
2640035
2640436
2640849
2641214
2641575
2642043
2642286
2642691
2643170
2643409
2643770
2644033
2645640
2645921
2646216
2646606
2646900
2647226
2647618
2647930
2648399
2648699
2649039
2649340
2651858
2652021
2652314
2652736
2653169
2653458
2653778
2654142
2654459
2654814
2655165
2655458
2657083
2657317
2657547
2657926
2658202
2658562
2659059
2659309
2659600
2659978
2660315
2660610
2660955
2662429
2662654
2662922
2663209
2663552
2663955
2664374
2664925
2665684
2666203
2666752
2667414
2669399
2669748
2670166
2670702
2671245
2671651
2672013
2672341
2672639
2672974
2673281
2673554
2673895
2675466
2675678
2675943
2676198
2676441
2676756
2676964
2677193
2677548
2677904
2678249
2678548
2683744
2684402
2684547
2684788
2685563
2686157
2686805
2687509
2688094
2688514
2688689
2688901
2689175
2689499
2689819
2691446
2691773
2692118
2692552
2692794
2693173
2693518
2693832
2694236
2694583
2694880
2695169
2698341
2698802
2699326
2699849
2700021
2700197
2700917
2701208
2701508
2702196
2702565
2702928
2703282
2703703
2705459
2705786
2706097
2706463
2706874
2707301
2707693
2708060
2708399
2708633
2708880
2709232
2711026
2711221
2711680
2712202
2712672
2713009
2713431
2713800
2714210
2714880
2715183
2715489
2716911
2717113
2717321
2717789
2718243
2718516
2718852
2719053
2719328
2719694
2719908
2720245
2720512
2722836
2723064
2723313
2723645
2724076
2724366
2724934
2725259
2725591
2725927
2726371
2726726
2727097
2730401
2730830
2731207
2731618
2732032
2732367
2732612
2732969
2733253
2733501
2733742
2734198
2736680
2736872
2737185
2737452
2737920
2738228
2738532
2738829
2739209
2739906
2740368
2740680
2743965
2744233
2744472
2745013
2745587
2745872
2746204
2746596
2746864
2747160
2747582
2747990
2748465
2750906
2751055
2751348
2751679
2751975
2752328
2752650
2752948
2753247
2753605
2754197
2754624
2755084
2758858
2759256
2759695
2760187
2760524
2761075
2761434
2761858
2762304
2762728
2763046
2763385
2766171
2766301
2766756
2767243
2767575
2767983
2768444
2768754
2769012
2769328
2769559
2769797
2770154
2773989
2774084
2774234
2774682
2774893
2775168
2775574
2776183
2776812
2777113
2777627
2778302
2780845
2781087
2781354
2781742
2782017
2782326
2782690
2782960
2783392
2783875
2784142
2784564
2787736
2787979
2788455
2788746
2789261
2789807
2790111
2790690
2791627
2792571
2792914
2793189
2793845
2794472
2796156
2796395
2796634
2796882
2797163
2797566
2797821
2798136
2798421
2798813
2799120
2799469
2799825
2802178
2802422
2802774
2803247
2803607
2804223
2804680
2804928
2805198
2805815
2806233
2806484
2808426
2808691
2809392
2809775
2810080
2810408
2810760
2811171
2811527
2811890
2812167
2812457
2812779
2815763
2816009
2816446
2816721
2817045
2817634
2818109
2818534
2818846
2819128
2819488
2819845
2821681
2822114
2822624
2822940
2823141
2823593
2823959
2824213
2824470
2824731
2825084
2825454
2826037
2828662
2828934
2829278
2829562
2830190
2830922
2831454
2832032
2832360
2832674
2833044
2833339
2833651
2835327
2835530
2835880
2836211
2836609
2836965
2837418
2837821
2838113
2838439
2838858
2839293
2841689
2841930
2842207
2842518
2842796
2843084
2843409
2843678
2843929
2844641
2845223
2845469
2848427
2848654
2849052
2849475
2849718
2850008
2850598
2851262
2851715
2851977
2852317
2852791
2853596
2856255
2856503
2856806
2857086
2857468
2857861
2858454
2859004
2859501
2860067
2860479
2860936
2861516
2866137
2866299
2866913
2867277
2867542
2867946
2868299
2868690
2868876
2869293
2869551
2869739
2871365
2871699
2872156
2872605
2873001
2873744
2874158
2874751
2875674
2876000
2876286
2876633
2877066
2878780
2879566
2880161
2880856
2881079
2881515
2881979
2882375
2882689
2883087
2883269
2883573
2883872
2885639
2885945
2886286
2886505
2886764
2887031
2887304
2887574
2887947
2888340
2888583
2888884
2891876
2892064
2892340
2892820
2893227
2893542
2893955
2894264
2894591
2894871
2895218
2895684
2895990
2898030
2898205
2898519
2898753
2899300
2900112
2900898
2901878
2902507
2903162
2903608
2904026
2906447
2906581
2906985
2907270
2907549
2907788
2908292
2909201
2909999
2910496
2910864
2911152
2913740
2914085
2914473
2914911
2915373
2915777
2915995
2916222
2916855
2917181
2917680
2918263
2918794
2921488
2921747
2922069
2922466
2922867
2923189
2923507
2923739
2924086
2924309
2924542
2924918
2925220
2927637
2927849
2928167
2928517
2928758
2929136
2929535
2929832
2930243
2930512
2930864
2931582
2931919
2934373
2934564
2934860
2935150
2935511
2935726
2936099
2936508
2936947
2937290
2937919
2938422
2941496
2941711
2942135
2942516
2942931
2943276
2943516
2943826
2944200
2944316
2944546
2945313
2945620
2947474
2947646
2947903
2948223
2948411
2948685
2948884
2949075
2949286
2949544
2950064
2950627
2951099
2953490
2953720
2954273
2954723
2955016
2955300
2955910
2956334
2957003
2957836
2958275
2958903
2959461
2961580
2961825
2962591
2962672
2963393
2963895
2964226
2964694
2964944
2965277
2965890
2966273
2966763
2969253
2969422
2969974
2970631
2971204
2971591
2971802
2972513
2972863
2973501
2973989
2974534
2976590
2976915
2977205
2977695
2978172
2978515
2978777
2979207
2979688
2980250
2980659
2981107
2981440
2985192
2985489
2986157
2986607
2987216
2987611
2988037
2988339
2988665
2989136
2989531
2989995
2991544
2991784
2992378
2992677
2993162
2993729
2994043
2994266
2994710
2995181
2995681
2996432
2997017
2999081
2999431
2999621
3000123
3000945
3001363
3001669
3002053
3002466
3003279
3003666
3004112
3007068
3007281
3007566
3007923
3008222
3008498
3008812
3009055
3009878
3010206
3011121
3011390
3011669
3012059
3015052
3015385
3015865
3016203
3016413
3017206
3018073
3018412
3018862
3019373
3019487
3019823
3022590
3022799
3023109
3023478
3023923
3024330
3024678
3025039
3025391
3025616
3026045
3026607
3027001
3029957
3030069
3030443
3031034
3031437
3031706
3031977
3032495
3032972
3033526
3033782
3034048
3034317
3037776
3038145
3039077
3039647
3040077
3040373
3040960
3041677
3042322
3042777
3043205
3043453
3043679
3045580
3045856
3046327
3046668
3046789
3047112
3047601
3048086
3048436
3048811
3049191
3049511
3050126
3052921
3053458
3053772
3054351
3054728
3055128
3055560
3055871
3056272
3056427
3056911
3057428
3057901
3062208
3062406
3062712
3063804
3064417
3065154
3065492
3065808
3066143
3066512
3066716
3067260
3067944
3072765
3072979
3073567
3074317
3075158
3075854
3076545
3077143
3077646
3078088
3078432
3078607
3078907
3080876
3081282
3081819
3082248
3082749
3082990
3083372
3083574
3084089
3084396
3084731
3084929
3087321
3087640
3088237
3088379
3088719
3089448
3089945
3090390
3090905
3091247
3091573
3092192
3092564
3092841
3095137
3095317
3095563
3095940
3096499
3096844
3096997
3097519
3097915
3098174
3098411
3098941
3099451
3099794
3100388
3103939
3104168
3104622
3105013
3105569
3105929
3106225
3106470
3106953
3107364
3108023
3108677
3109224
3112273
3112547
3113016
3113387
3113516
3113923
3114235
3114666
3114763
3114842
3115162
3115492
3115903
3116386
3116752
3119582
3119861
3120181
3120414
3120883
3121368
3121774
3122287
3122447
3122618
3123023
3123327
3123813
3124109
3127823
3128150
3128719
3129114
3129207
3129429
3129772
3130045
3130424
3130708
3131222
3131477
3131502
3132012
3132523
3132825
3135029
3135333
3135700
3136032
3136284
3136600
3136928
3137201
3137467
3137788
3138294
3138630
3141494
3141668
3142063
3142189
3142483
3142965
3143074
3143177
3143562
3144019
3144927
3145107
3145327
3146085
3146769
3149226
3149282
3149713
3150341
3150410
3150838
3151206
3151524
3151767
3152052
3152869
3153523
3153975
3156835
3157234
3157629
3158017
3158144
3158559
3159005
3159561
3159993
3160132
3160366
3160770
3161170
3161587
3164467
3164717
3165198
3165349
3165596
3166119
3166735
3167035
3167478
3167827
3168211
3168811
3169282
3169616
3170350
3174501
3174870
3174914
3175308
3175429
3175837
3176226
3176871
3177708
3178428
3178560
3179133
3179542
3179862
3180334
3180895
3184716
3185021
3185059
3185361
3185720
3185975
3186506
3187079
3187411
3187829
3188049
3188320
3188637
3190446
3190725
3191040
3191317
3191821
3192555
3192961
3193319
3193780
3194486
3195032
3195475
3196153
3199581
3199781
3199964
3200455
3200579
3200868
3201494
3201980
3202232
3202881
3203305
3203654
3203881
3204515
3205092
3205323
3205462
3206024
3209043
3209401
3209655
3209953
3210382
3210768
3211046
3211428
3211973
3212403
3212488
3212787
3213209
3216518
3216752
3217127
3217454
3217808
3218158
3218417
3218715
3219007
3219328
3219818
3219991
3220213
3220362
3220592
3224088
3224444
3224841
3225317
3225604
3226276
3226878
3227327
3227824
3228065
3228487
3228601
3228803
3229141
3233378
3233600
3234188
3234525
3234888
3235034
3235310
3235759
3236072
3236307
3236717
3236954
3237565
3237981
3238489
3240283
3240411
3240683
3240807
3241170
3241446
3241898
3242078
3242262
3243130
3243666
3244091
3244315
3245016
3247360
3247661
3247783
3248126
3248528
3249126
3249221
3249630
3250346
3250790
3251051
3251301
3251688
3252178
3252433
3252870
3255334
3255519
3256021
3256444
3256937
3257047
3257350
3257743
3258067
3258480
3258903
3259478
3259936
3264268
3264868
3264945
3265347
3266030
3266627
3266743
3267116
3267536
3267802
3268665
3269185
3269758
3270473
3273020
3273346
3273656
3274011
3274345
3274674
3275438
3276000
3276397
3276804
3277212
3277676
3280452
3280779
3281013
3281335
3281900
3282100
3282535
3282704
3283007
3283414
3283956
3284383
3284856
3285290
3288044
3288432
3288704
3289003
3289286
3289854
3290175
3290516
3290901
3291256
3291688
3292082
3292229
3292610
3295546
3295662
3296048
3296389
3296710
3297151
3297558
3297935
3298399
3298849
3299353
3299769
3300206
3303020
3303281
3303856
3304050
3304372
3304727
3305178
3305644
3306156
3306718
3306792
3307152
3307502
3307779
3308326
3311381
3311531
3311592
3311965
3312445
3312918
3313292
3313522
3313866
3314255
3314326
3314875
3315132
3315531
3316152
3316622
3316976
3317476
3321944
3322103
3322399
3322789
3322987
3323458
3324092
3324490
3325000
3325416
3325478
3325490
3325843
3326332
3326740
3328475
3328493
3328843
3329278
3330175
3330273
3330647
3331291
3331482
3331730
3332139
3332708
3333185
3333711
3334460
3337289
3337676
3337757
3338106
3338493
3338919
3339294
3339633
3340012
3340505
3340857
3341308
3341653
3342250
3345769
3345910
3346075
3346415
3346810
3347373
3347539
3347742
3348136
3348758
3348871
3349161
3349680
3350117
3350172
3350766
3353775
3353995
3354236
3354450
3354735
3355034
3355362
3355869
3356604
3357117
3357602
3358097
3358483
3358871
3362612
3362767
3363170
3363643
3364076
3364665
3365267
3365645
3365948
3366329
3366834
3367116
3367479
3370348
3370620
3371069
3371215
3371428
3371831
3372194
3372607
3373159
3373538
3373870
3374162
3374632
3374964
3377398
3377710
3377755
3378060
3378462
3378816
3379173
3379658
3380231
3380524
3380944
3381068
3381350
3383640
3383907
3384246
3384795
3385108
3385486
3385983
3386355
3386865
3387311
3387569
3387921
3388197
3388570
3392315
3392441
3392667
3393054
3393455
3394005
3394367
3394849
3395014
3395440
3395907
3396371
3396834
3397432
3401497
3401891
3402550
3402684
3403173
3403507
3404110
3404283
3404668
3405053
3405605
3405794
3406439
3409742
3410156
3410297
3410851
3411130
3411619
3412134
3412278
3412579
3412988
3413339
3413398
3413863
3414363
3417015
3417522
3417892
3418266
3418555
3418948
3419047
3419139
3419531
3419926
3420372
3420823
3421466
3421859
3422185
3422484
3425628
3425866
3426390
3426511
3426790
3427526
3428116
3428306
3428740
3429054
3429455
3429930
3430165
3430697
3434099
3434642
3435060
3435622
3436271
3436690
3437462
3437716
3438328
3439026
3439545
3443163
3443644
3443991
3444385
3444643
3445278
3445957
3446485
3447029
3447453
3447738
3448357
3448884
3451582
3452034
3452463
3453194
3453593
3453944
3454468
3455117
3455808
3456370
3457037
3457549
3458111
3461179
3461577
3462212
3462706
3463146
3463828
3464293
3464670
3465050
3465735
3465993
3466494
3469318
3469675
3470350
3470721
3471181
3471707
3472150
3472678
3473390
3473833
3474376
3474928
3475367
3477799
3478159
3478712
3479751
3480383
3480878
3481290
3481934
3482526
3483047
3483415
3483884
3487521
3487983
3488581
3489193
3489644
3490157
3490805
3491297
3491685
3492318
3492726
3493066
3493640
3497775
3498171
3498790
3499237
3500231
3500884
3501040
3501476
3501949
3502403
3503073
3503484
3505980
3506384
3506853
3507347
3507970
3508427
3508744
3509218
3509561
3509886
3510401
3510940
3511414
3514503
3514974
3515586
3516189
3516905
3517553
3518019
3518678
3519320
3519752
3520617
3521436
3521814
3524849
3525225
3525935
3526606
3527061
3527863
3528442
3528911
3529082
3529421
3529960
3530394
3533831
3534053
3534443
3534900
3535126
3535555
3536236
3536805
3537246
3537665
3538191
3538883
3539300
3542248
3542662
3543335
3543684
3544002
3544282
3544829
3545477
3545872
3546142
3546568
3547048
3547350
3548122
3552949
3553441
3553569
3553931
3554295
3554727
3555331
3555883
3556392
3556665
3556970
3557381
3557892
3562568
3563170
3563212
3563239
3563698
3564113
3564453
3564981
3565341
3565681
3566051
3566265
3566474
3566989
3567402
3567670
3568332
3568522
3568799
3572419
3572577
3572931
3573014
3573466
3573910
3574094
3574355
3574880
3575229
3575586
3575998
3576147
3576616
3577325
3577715
3580502
3580783
3581603
3582319
3582898
3583786
3584372
3584480
3584774
3585175
3585616
3586258
3586862
3586988
3587407
3587963
3590469
3591037
3591135
3591273
3591559
3592001
3592524
3592860
3593271
3594015
3594273
3594705
3595087
3595337
3595886
3598842
3599112
3599599
3599778
3600163
3600479
3600774
3601128
3601598
3602138
3602558
3602672
3602917
3603331
3603773
3607547
3608009
3608424
3608932
3609216
3609578
3609783
3610109
3610525
3611009
3611536
3611728
3612115
3612203
3612350
3616465
3617006
3617543
3617864
3618154
3618433
3618828
3619261
3620083
3620411
3620634
3621125
3622044
3626268
3626482
3626956
3627478
3627887
3628231
3628812
3628929
3629251
3629662
3629951
3630487
3630834
3634332
3634587
3635256
3635467
3636027
3636407
3636707
3636990
3637070
3637489
3637890
3638300
3638799
3641283
3641624
3641869
3642342
3642671
3643137
3643598
3643984
3644452
3644981
3645688
3646156
3646723
3650373
3650837
3651540
3651606
3651990
3652428
3652839
3653439
3653931
3654374
3655164
3655866
3656137
3659558
3660188
3660633
3661459
3661955
3662429
3662921
3663353
3663830
3664308
3665016
3665390
3668090
3668520
3669097
3669675
3670468
3671182
3671949
3672750
3673341
3674037
3674879
3675582
3676359
3682467
3683161
3683875
3684772
3685306
3686075
3686924
3687712
3688348
3688955
3689656
3690498
3693016
3693458
3694283
3695069
3695886
3696816
3697564
3698496
3698987
3699527
3699998
3700463
3700858
3703959
3704392
3704654
3705050
3705444
3705891
3706507
3706623
3707013
3707402
3708230
3708643
3709211
3712444
3712703
3713530
3714148
3714555
3714964
3715479
3715841
3716297
3716631
3717026
3720089
3720491
3721361
3721898
3722379
3722887
3723759
3724177
3724662
3725349
3725827
3726741
3727487
3730884
3731393
3732287
3732934
3733552
3734068
3734673
3735277
3735572
3736165
3736872
3737481
3737952
3740154
3740410
3740881
3741434
3741610
3741835
3742164
3742692
3743057
3743517
3744117
3744279
3744709
3745037
3747270
3747386
3747733
3748125
3748589
3749104
3749500
3749908
3750338
3750475
3750733
3751179
3751559
3751976
3752477
3752923
3755995
3756265
3756641
3757251
3757564
3758181
3758787
3759199
3759534
3759632
3759937
3760638
3763909
3764135
3764635
3765346
3765772
3766134
3766598
3767011
3767682
3768044
3768402
3769339
3770007
3773058
3773473
3773606
3773840
3774305
3774797
3775399
3775836
3776152
3776949
3777464
3777971
3778587
3778743
3778921
3779496
3780219
3783162
3783421
3783695
3784371
3784849
3785469
3785806
3786240
3787056
3787744
3788302
3788894
3791999
3792307
3792646
3792956
3793353
3793763
3794503
3794954
3795134
3795402
3795759
3796039
3796291
3796896
3799274
3799368
3799537
3800026
3800595
3800758
3801093
3801651
3801857
3802256
3802828
3803377
3803852
3804221
3807402
3807721
3808082
3808561
3809017
3809164
3809583
3809841
3810100
3810547
3810958
3811090
3811496
3811948
3814886
3815255
3815307
3815534
3816054
3816711
3816851
3817123
3817664
3817956
3818307
3818452
3818852
3819235
3819620
3820053
3822923
3823156
3823781
3824318
3824816
3825438
3825921
3826334
3826679
3827101
3827204
3827347
3827644
3828005
3831150
3831277
3831539
3832087
3832439
3832851
3833211
3833620
3834032
3834209
3834638
3835085
3835495
3836101
3839707
3840270
3840529
3841054
3841450
3842128
3842575
3842993
3843597
3844085
3844610
3845303
3848390
3848837
3849521
3850024
3850634
3851171
3851617
3852172
3852746
3853278
3853671
3854104
3854772
3857910
3858156
3858493
3859090
3859607
3860086
3860562
3861295
3861780
3862146
3862550
3863012
3865191
3865857
3866271
3866716
3867172
3867562
3868149
3868532
3868964
3869526
3869989
3870447
3871050
3873796
3874193
3874617
3875233
3875832
3876116
3876625
3877112
3877422
3877894
3878522
3878878
3882755
3883085
3883693
3884628
3885406
3885975
3886549
3886947
3887579
3887987
3888378
3888937
3889747
3894402
3894477
3894988
3895270
3895888
3896827
3897212
3897543
3898262
3898753
3899316
3900110
3905965
3906395
3906699
3907425
3908343
3908626
3909342
3909454
3909912
3910377
3911000
3911517
3912188
3913147
3918300
3918715
3919068
3919685
3920320
3920810
3921450
3921943
3922882
3923407
3924022
3924559
3930294
3930469
3931039
3931384
3931707
3932115
3932560
3932859
3933250
3933572
3934034
3934447
3934934
3942377
3942843
3943298
3943720
3944334
3944984
3945098
3945347
3945756
3946148
3946295
3946617
3947103
3947631
3947969
3950507
3950758
3951263
3951753
3952436
3952881
3953723
3954217
3954793
3955319
3956192
3956885
3960759
3961278
3962319
3962883
3963645
3964192
3964640
3965030
3965372
3965703
3965981
3966625
3967304
3972264
3972374
3972736
3973231
3973788
3974314
3974711
3975178
3975669
3976442
3976952
3977100
3977347
3982802
3982984
3983200
3983691
3983878
3984299
3984627
3985183
3985589
3985963
3986315
3986620
3987299
3987787
3988168
3993217
3993737
3994310
3994696
3994869
3995443
3995808
3996334
3996642
3997040
3997620
3998268
4002997
4003313
4003902
4004201
4004571
4005076
4005476
4005919
4006264
4006679
4007122
4007494
4007936
4013785
4013912
4013967
4014366
4014848
4015180
4015713
4016070
4016531
4017171
4017347
4018074
4018421
4024229
4024361
4024745
4025195
4025745
4026354
4026930
4027348
4027652
4028085
4028628
4028891
4029334
4034475
4034568
4034712
4035182
4035351
4035554
4036019
4036733
4037154
4037277
4037512
4037938
4038453
4039305
4039545
4040063
4045885
4045980
4046468
4046895
4047479
4048447
4048819
4049431
4049600
4050210
4050661
4051210
4051307
4051954
4056288
4056376
4056797
4057510
4058011
4058107
4058431
4058773
4059324
4059828
4059929
4060395
4060771
4060855
4060878
4061312
4067260
4067426
4067642
4068076
4068625
4069204
4069627
4070089
4070520
4070882
4071226
4071711
4072147
4072483
4076302
4076437
4076738
4076932
4077226
4077627
4078025
4078532
4079166
4079338
4079705
4080151
4080791
4081332
4085093
4085264
4085671
4085962
4086380
4087061
4087523
4087912
4088426
4088951
4089509
4089831
4090264
4093555
4094009
4094783
4095077
4095298
4095884
4096218
4096499
4096857
4097170
4097422
4097830
4098496
4101894
4102344
4102375
4102689
4103015
4103523
4103699
4104133
4104492
4104920
4105279
4105823
