20047
65548
65612
66222
66447
66684
67005
67377
67608
67825
68150
68498
68717
68893
69138
69364
69534
69838
70355
71003
71606
71886
72210
72626
72860
73123
73377
73523
73685
73920
74030
74371
74713
75168
75681
76272
76799
77328
78142
78661
78927
79204
79433
79699
79980
80261
80529
80820
80968
81293
81588
81827
82141
82399
82518
82611
82800
83016
83216
83361
83608
83858
84020
84443
84694
85227
85862
86705
87284
87929
88280
88596
88823
89210
89716
90141
90525
90860
91152
91487
91809
92127
92402
92671
93023
93276
93531
93805
94018
94186
94468
94870
95502
96261
96339
97013
97164
97714
98005
98197
98457
98734
99012
99208
99619
99892
100203
100535
100844
101184
101404
101735
101977
102179
102504
102780
103058
103413
103843
104203
104380
104608
105083
105329
105661
105932
106170
106409
106657
106893
107153
107413
107762
108057
108348
108612
108925
109122
109462
109795
110117
110344
110605
110963
111242
111474
111835
112315
112474
112698
112978
113456
113925
114232
114448
114697
115042
115331
115653
116116
116526
116757
117010
117298
117588
117883
118155
118340
118510
118857
119133
119481
119691
119943
120389
120903
121227
121506
121793
122135
122413
122702
122956
123217
123401
123648
123958
124405
124764
125005
125322
125662
125939
126298
126604
126879
127222
127523
127716
128012
128313
128577
128775
129085
129437
129686
129944
130235
130580
130926
131220
131452
131723
132321
132926
133249
133460
133735
134099
134336
134662
135081
135286
135545
136254
136568
136858
137109
137389
137642
137937
138237
138560
138854
139018
139417
139958
140273
140651
140857
141265
141562
142045
142419
142621
142850
143041
143336
143691
143965
144182
144340
144857
145322
145671
146069
146238
146391
146626
146848
147098
147335
147529
147897
148319
148502
148710
148968
149257
149652
149870
150320
150786
151170
151412
151820
152196
152490
152755
152985
153309
153607
153866
154130
154387
154693
155072
155497
155829
156362
157081
157621
157924
158233
158611
158915
159220
159526
159949
160493
160780
161060
161218
161512
161850
162234
162532
162835
163144
163361
163627
163890
164211
164497
164789
165060
165244
165409
165574
165727
166093
166425
166850
167261
167708
168221
168762
168990
169193
169574
169911
170222
170554
170798
171092
171307
171557
171797
172098
172395
172520
172756
172942
173173
173587
173800
174204
174607
174840
175132
175341
175783
176577
177173
177655
178112
178364
178805
179142
179426
179672
179945
180218
180484
180794
180977
181177
181388
181715
182018
182306
182591
182960
183239
183526
183829
184000
184209
184496
184784
185019
185266
185508
185694
186111
186465
186746
187021
187243
187447
187709
187958
188320
188707
189006
189317
189686
190000
190148
190408
190718
191044
191310
191685
192057
192424
192766
193280
193855
194588
195218
195592
196087
196614
197091
197599
197860
198057
198405
198787
199020
199249
199496
199728
199842
200106
200412
200591
200900
201161
201643
202280
202742
203260
203736
204211
204648
204829
205105
205389
205634
205924
206152
206416
206742
206996
207253
207574
207911
208245
208475
208768
209121
209459
209841
210166
210593
210855
211289
211617
211972
212236
212737
213111
213398
213715
214029
214519
214976
215398
215679
215807
216052
216299
216585
216975
217311
217598
217867
218047
218264
218562
218868
219083
219268
219456
219690
219829
220403
220876
221366
221987
222370
222709
223424
223765
224357
225253
225700
226025
226458
226854
227219
229663
229881
230271
230508
230943
231400
231718
232016
232381
232668
232991
233327
235212
235463
235767
236342
236769
237033
237480
237595
237754
238048
238373
238685
239001
239393
239790
242291
242529
242886
243163
243710
243964
244201
244574
244806
245149
245544
245892
247610
247887
248267
248765
249440
249939
250398
250965
251851
252679
253421
253980
254328
257091
257434
258088
258864
259096
259300
259596
259873
260174
260468
260848
261208
261464
263972
264143
264465
264910
265254
265583
265871
266387
266805
267188
267723
268348
271626
271818
272285
272737
272990
273338
273727
273937
274300
274621
274876
275239
275552
278022
278277
278634
279102
279467
279929
280473
281322
281725
282030
282602
283217
283952
288536
289003
289771
290067
290478
290988
291363
291610
291925
292143
292430
292804
293225
296014
296250
296528
296895
297129
297403
297752
298084
298453
298839
299180
299442
301855
302173
302545
303031
303382
303786
304297
304633
305254
305735
306381
307035
307500
309375
309555
309807
310163
310495
310832
311164
311435
311826
312209
312648
313009
315427
315609
315778
316124
316537
316832
317298
317992
318572
319242
319603
320040
320423
322710
323186
323794
324299
324705
324979
325206
325570
325875
326242
326592
326894
327407
329969
330206
330617
330968
331307
331653
331924
332351
332633
333017
333554
333856
334219
339275
339532
339775
340242
340495
340891
341174
341421
341880
342225
342505
342705
343051
345891
346074
346444
347135
347637
348212
348548
348899
349125
349440
349762
350043
350377
351929
352182
352489
352828
353202
353641
354138
354601
355118
355763
356259
356713
358650
358842
359085
359464
359824
360264
360635
360976
361468
362253
362704
363034
363426
365961
366238
366554
367161
367482
367895
368423
368975
369413
369857
370172
370487
372943
373145
373641
374134
374495
375024
375452
376031
376546
377284
377567
378156
378822
384673
384961
385455
385769
386323
386608
386847
387523
387786
388004
388257
388553
388809
390442
390642
390925
391227
391606
391826
392062
392391
393210
394002
394343
394794
398536
398660
398883
399297
399834
400389
400856
401196
401491
401877
402310
402646
404337
404583
404926
405339
405770
406277
406703
407091
407497
407919
408417
409129
409643
413207
413369
413674
413980
414239
414486
414868
415070
415525
416181
416417
416738
422395
423164
424012
424599
424959
425164
425529
426177
426497
426982
427338
427996
428415
430950
431132
431427
431904
432344
432770
433032
433340
433661
433951
434205
434469
436114
436292
436637
437097
437456
438220
438455
438981
439464
440079
440826
441509
442195
444852
445248
445896
446411
447215
447660
448045
448372
448618
448890
449225
449670
450288
453890
454147
454537
454746
455046
455404
455797
456122
456472
456782
457009
457324
459008
459192
459660
460412
460833
461355
461770
462694
463417
464172
464901
465300
465564
465798
468965
469163
469552
470081
470626
470896
471256
471536
471885
472243
472500
472795
474804
475140
475410
475638
475829
476173
476407
476769
477157
477420
477901
478163
478555
480160
480272
480448
480735
481112
481323
481578
481965
482255
482592
482851
483277
486527
486737
487027
487330
487569
487879
488207
488538
488895
489269
489747
490334
490724
497278
497567
497879
498386
499014
499453
499945
500190
500567
500881
501155
501495
501783
502044
504454
504657
505320
505574
505888
506230
506618
506942
507290
507554
507991
508465
511250
511614
511753
512049
512523
513079
513815
514352
514696
515034
515438
515816
516109
518827
519045
519395
519791
520156
520388
520793
521170
521484
521754
522055
522654
524207
524415
524601
524962
525627
526059
526412
526851
527103
527486
528444
528910
529275
529652
532696
532855
533110
533502
533870
534114
534460
534693
534930
535346
535750
536032
536389
538438
538652
539052
539299
539653
540003
540328
540760
541465
542029
542768
543080
543750
550175
550401
550828
551313
551722
552322
552883
553352
553823
554246
554580
555042
555467
555680
557385
557559
557848
558111
558327
558605
558986
559356
559689
559929
560277
560649
562334
562622
563003
563359
563761
564074
564332
564948
565511
565836
566178
566498
566878
569534
569813
570029
570377
570693
570938
571210
571530
571727
572050
572265
572642
575147
575366
575697
576009
576257
576640
577046
577475
577735
578045
578839
579472
579844
581710
582030
582286
582563
582821
583173
583427
583767
584057
584312
584598
584896
586605
586886
587141
587499
587817
588073
588374
588743
589085
589354
589604
589984
590325
592833
593005
593362
593743
593955
594149
594498
594823
595157
595507
595857
596345
599256
599643
599974
600283
600593
600897
601156
601432
601713
602042
602348
602658
603034
608136
608263
608642
609402
609939
610616
611342
612086
612469
612936
613198
613532
616636
616815
617160
617486
617828
618112
618372
618662
618969
619289
619723
620160
620575
623800
624019
624372
624647
624889
625209
625678
626347
626627
626883
627280
627854
628452
631858
632001
632479
632747
633116
633587
633968
634444
634847
635311
635853
636500
638425
638593
639006
639470
639920
640313
640592
641007
641249
641588
641902
642087
644548
644792
645238
645518
645870
646267
646578
646972
647287
647681
648068
648474
648742
649080
650845
651061
651434
651908
652231
652586
652985
653240
653541
653889
654104
654421
657300
657472
657688
658122
658295
658557
658850
659169
659527
660003
660281
660429
660667
662401
662588
662995
663318
663659
664035
664343
664663
665041
665454
665665
665996
667770
667925
668259
668622
668917
669325
669739
669973
670474
671194
671543
672048
672288
674163
674308
674550
674833
675116
675425
675791
676296
676554
676930
677270
677509
677782
679528
679684
679956
680179
680598
681023
681648
682356
682914
683725
684195
684893
685284
687045
687323
687619
687991
688297
688644
688936
689254
689559
689937
690240
690543
692291
692468
692731
693151
693485
693801
694146
694457
694777
695270
695507
695732
697623
697878
698179
698481
698824
699148
699569
699956
700390
700740
701121
701378
701696
704109
704378
704730
705133
705602
705991
706487
706794
707115
707423
707773
708394
711245
711555
712021
712231
712599
712680
713074
713486
713784
714114
714409
714760
715119
717571
717852
718489
718998
719564
719995
720390
720819
721101
721293
721590
721880
722161
724791
724961
725434
726213
726762
727496
727899
728505
729184
729586
730108
730608
731070
733107
733620
733934
734279
734615
734962
735384
735866
736305
736714
737070
737409
737783
740039
740192
740446
740841
741194
741384
741644
741888
742209
742562
743050
743786
747426
747632
748105
748683
749252
750111
750376
750557
750738
751043
751329
751621
751938
753783
754016
754329
754750
755111
755484
755926
756294
756642
756920
757263
757575
759186
759400
759632
759979
760330
760733
761121
761500
762034
762607
763140
763657
764099
766063
766302
766626
766878
767222
767520
767703
767958
768238
768430
768825
769387
771176
771364
771712
771930
772278
772578
772876
773125
773433
773778
774295
775006
775693
778593
778992
779259
779702
779977
780446
780749
781067
781409
781708
782028
782308
784794
784982
785425
785798
786203
786656
787029
787385
787776
788160
788486
788824
789182
792488
792647
793204
793838
794361
794932
795494
795997
796446
796794
797027
797700
799662
799831
800051
800426
800800
801053
801501
801803
802444
802774
803106
803442
803968
805628
805891
806166
806437
806778
807144
807723
807916
808301
808594
808967
809517
809829
811746
812002
812206
812410
812818
813122
813369
813725
814133
814337
814660
815028
818059
818347
818750
819074
819490
819771
820148
820655
821152
821495
821703
822056
823973
824174
824471
824668
824951
825185
825443
825760
826275
826478
826768
827210
827580
830145
830411
830888
831203
831547
831941
832277
832592
833077
833501
833954
834339
838926
839132
839275
839542
840106
840328
840757
840974
841311
841756
842029
842301
842801
845173
845488
845767
845967
846190
846440
846759
847021
847248
847592
847953
848341
850206
850583
851015
851239
851534
851949
852315
852791
853407
854018
854377
854715
855158
855544
857735
858025
858304
858703
859030
859477
860025
860422
860732
861130
861458
861739
864758
865014
865452
865755
865954
866511
867121
867382
867712
868136
868631
869149
869848
872575
872812
873031
873334
873744
873976
874356
874682
874925
875172
875423
875759
876093
878638
878970
879243
879495
879897
880192
880459
880777
881153
881655
882076
882446
887098
887287
887553
887906
888277
888799
889015
889282
890011
890312
890636
890948
891179
893293
893550
893999
894300
894765
895106
895363
895658
895916
896199
896588
897086
899079
899529
899606
900173
900741
901332
901886
902619
903172
904307
904419
904623
905018
907414
907672
908047
908418
908845
909211
909539
909769
910008
910175
910441
910703
913078
913553
913754
914149
914735
915015
915309
916053
916617
917346
917743
918303
918691
921431
921745
922068
922452
922741
922974
923242
923883
924243
924588
925036
925265
925467
927050
927490
927826
928201
928604
929458
929787
930045
930477
930910
931232
931633
932228
934158
934396
934779
935030
935341
935716
935942
936229
936575
936859
937197
937484
940645
940792
941338
941764
942094
942413
942703
943035
943365
943667
943962
944527
945060
950523
950749
950887
951449
951653
952177
952990
953662
954166
954673
954941
955304
955677
958465
958722
959072
959357
959613
959932
960228
960474
960788
961083
961442
961872
962347
964285
964604
964959
965559
966004
966499
967022
967525
968014
968446
968753
969063
969385
971833
972132
972470
972802
973174
973463
973792
974165
974572
974912
975346
975646
978129
978322
978579
978917
979149
979536
979981
980314
980550
980873
981414
981760
983455
983692
984035
984336
984628
984844
985305
985638
986015
986334
986880
987317
987842
989538
989858
990260
990587
990872
991185
991519
991931
992374
992753
993072
993362
995128
995532
995845
996150
996593
996969
997429
997695
997967
998328
998612
998945
999269
1001090
1001362
1001586
1001830
1002146
1002496
1002803
1003092
1003468
1004167
1004437
1004890
1009167
1009599
1010018
1010639
1011125
1011593
1011884
1012223
1012434
1012717
1012992
1013302
1013679
1017374
1017483
1017798
1018095
1018421
1018679
1018970
1019206
1019438
1019781
1020082
1020379
1020658
1023312
1023516
1024007
1024399
1024922
1025401
1025868
1026476
1027735
1028214
1028712
1029041
1031401
1031612
1031957
1032182
1032410
1032743
1033064
1033367
1033727
1033928
1034194
1034553
1036583
1036816
1037257
1037592
1037892
1038185
1038436
1038889
1039459
1040033
1040512
1040981
1041392
1043506
1043722
1043975
1044280
1044689
1045052
1045379
1045795
1046118
1046405
1046799
1047134
1049206
1049442
1049787
1050082
1050388
1050744
1051096
1051562
1051873
1052158
1052644
1053200
1053484
1058151
1058388
1058834
1059632
1060260
1060732
1061169
1061535
1061884
1062386
1062724
1063123
1065519
1065748
1066167
1066462
1066795
1067186
1067419
1067644
1067942
1068306
1068513
1068794
1069081
1070916
1071163
1071566
1071820
1072064
1072299
1073228
1073679
1074050
1074368
1074671
1075124
1077568
1077781
1078206
1078540
1078857
1079252
1079629
1079942
1080225
1080638
1080881
1081253
1081598
1083236
1083566
1083983
1084464
1084802
1085158
1085467
1086033
1086247
1086534
1087132
1087488
1088029
1090506
1090757
1091101
1091410
1091824
1092170
1092513
1092845
1093408
1093889
1094346
1094769
1096464
1096701
1097083
1097323
1097602
1097861
1098201
1098552
1098906
1099346
1099723
1100183
1100644
1106060
1106272
1106616
1107021
1107772
1108086
1108578
1108926
1109181
1109558
1109962
1110271
1110572
1112996
1113232
1113422
1113702
1113970
1114282
1114521
1114771
1115169
1115527
1115769
1116100
1118228
1118428
1118721
1119031
1119427
1119899
1120558
1120923
1121547
1122367
1122894
1123453
1124019
1126302
1126597
1126880
1127185
1127491
1127850
1128196
1128518
1128947
1129250
1129606
1129868
1130136
1132610
1132861
1133135
1133546
1133895
1134162
1134615
1134923
1135147
1135398
1135930
1136092
1141636
1141925
1142573
1143360
1144122
1144640
1145067
1145824
1146209
1146481
1146782
1147081
1147416
1149320
1149520
1149795
1150094
1150286
1150725
1151174
1151548
1151855
1152244
1152580
1152944
1154621
1154916
1155363
1155730
1156163
1156714
1157198
1157661
1158084
1158504
1158882
1159262
1160039
1162839
1163147
1163399
1163698
1164004
1164358
1164679
1164893
1165244
1165625
1165892
1166225
1168729
1169005
1169285
1169617
1169942
1170190
1170568
1170973
1171459
1172233
1172907
1174190
1177866
1178016
1178342
1178682
1179021
1179282
1179579
1179999
1180388
1180750
1181011
1181438
1182020
1183609
1183852
1184067
1184296
1184559
1184859
1185054
1185309
1185592
1185884
1186322
1187028
1187569
1191869
1192054
1192299
1192699
1193061
1193371
1193889
1194206
1194529
1194766
1195000
1195272
1195560
1195838
1197514
1197741
1198078
1198260
1198561
1198904
1199306
1199708
1200120
1200524
1200892
1201290
1204195
1204408
1204726
1205139
1205504
1205866
1206277
1206658
1206894
1207121
1207762
1207993
1208326
1208749
1210401
1210677
1210966
1211164
1211385
1211703
1212009
1212483
1212829
1213033
1213252
1213540
1215182
1215511
1215788
1216128
1216531
1216912
1217261
1217870
1218037
1218341
1218742
1219180
1219652
1221903
1222082
1222277
1222518
1222849
1223163
1223438
1223677
1224035
1224363
1224612
1224937
1226599
1226779
1227059
1227453
1227753
1228225
1228577
1228787
1229140
1229553
1229887
1230256
1230723
1235043
1235253
1235831
1236101
1236473
1237223
1237411
1237458
1237771
1238643
1239371
1240140
1240464
1240832
1243209
1243370
1243714
1244081
1244386
1244716
1244928
1245151
1245371
1245621
1245961
1246384
1246599
1248247
1248411
1248643
1249101
1249523
1249935
1250329
1250796
1251314
1252219
1252742
1252986
1255364
1255534
1255816
1256054
1256358
1256794
1257034
1257460
1257887
1258273
1258505
1258735
1258976
1260851
1261019
1261277
1261457
1261990
1262420
1262788
1263098
1263573
1264144
1264728
1265086
1265599
1271643
1271735
1271812
1272316
1272719
1273429
1273763
1274493
1274868
1275113
1275370
1275732
1276087
1276392
1276798
1277089
1279475
1279781
1280115
1280416
1280706
1281075
1281425
1281650
1281978
1282286
1282685
1283374
1285273
1285538
1285863
1286044
1286261
1286593
1287060
1287355
1287676
1288083
1288484
1288948
1289329
1291556
1291823
1292125
1292529
1292814
1293081
1293546
1293781
1294163
1294505
1294803
1295095
1295419
1298366
1298706
1299225
1299501
1300015
1300619
1300955
1301401
1301988
1302554
1303031
1303441
1305374
1305587
1306190
1306465
1306737
1307052
1307529
1307998
1308245
1308470
1308963
1309391
1309777
1312336
1312460
1312740
1313044
1313458
1313802
1314100
1314481
1314827
1315163
1315502
1315891
1318753
1318943
1319329
1319564
1319926
1320328
1320587
1320937
1321292
1321582
1321919
1322344
1322620
1325927
1326116
1326420
1326717
1327032
1327332
1327628
1327890
1328184
1328465
1328733
1329028
1330792
1331104
1331435
1331691
1332135
1332505
1332748
1332973
1333395
1333862
1334199
1334620
1334982
1336818
1337005
1337180
1337449
1337739
1338093
1338436
1338725
1338971
1339404
1339688
1340064
1341725
1341899
1342215
1342887
1343282
1343793
1344432
1345070
1345816
1346495
1346880
1347331
1347956
1348547
1351208
1351394
1351702
1351982
1352248
1352571
1352847
1353133
1353350
1353722
1354075
1354387
1356918
1357076
1357373
1357715
1358071
1358369
1358700
1359124
1359442
1359854
1360218
1360587
1363028
1363222
1363613
1363974
1364405
1364742
1365013
1365345
1365799
1366029
1366419
1366650
1366943
1368628
1368923
1369160
1369418
1369767
1370168
1370419
1370772
1371170
1371596
1371976
1372302
1374993
1375250
1375590
1375993
1376322
1376698
1376992
1377300
1377652
1377900
1378157
1378468
1379064
1380695
1380993
1381162
1381381
1381613
1381933
1382330
1382684
1383061
1383366
1383709
1383989
1387169
1387439
1388062
1389399
1389702
1390043
1390872
1391673
1392477
1393119
1393518
1393853
1394180
1396747
1396923
1397158
1397423
1397748
1397936
1398179
1398512
1398931
1399283
1399620
1400001
1400316
1403288
1403485
1403700
1403962
1404386
1404944
1405200
1405758
1406234
1406614
1407038
1407565
1408517
1408869
1411729
1411929
1412275
1412640
1412958
1413194
1413532
1413881
1414237
1414646
1415173
1415410
1417353
1417697
1418045
1418416
1418772
1419203
1419987
1420517
1420909
1421191
1421576
1422237
1422975
1423276
1427618
1427878
1428102
1428600
1429227
1429800
1430103
1430498
1430803
1431016
1431211
1431542
1433642
1433875
1434355
1434625
1434883
1435306
1435550
1435870
1436188
1436517
1436860
1437340
1437686
1440415
1440586
1440846
1441078
1441388
1441743
1442016
1442268
1442480
1442790
1443137
1443471
1445414
1445708
1446112
1446453
1446891
1447445
1447756
1448203
1448531
1448840
1449175
1449459
1449781
1452670
1452882
1453548
1454126
1454730
1455471
1456183
1456991
1457746
1458411
1458925
1459168
1461241
1461449
1461778
1462083
1462326
1462691
1462968
1463406
1463747
1464152
1464642
1465032
1465406
1467755
1468000
1468352
1468657
1469015
1469420
1469783
1470326
1470897
1471255
1471832
1472418
1478129
1478409
1478700
1478978
1479454
1480031
1480394
1480596
1480999
1481303
1481645
1481993
1482356
1482816
1483072
1485341
1485533
1485920
1486189
1486502
1486898
1487363
1487740
1488182
1488485
1488728
1489107
1489532
1491809
1492031
1492270
1492709
1493457
1493746
1494077
1494479
1494760
1495219
1495843
1496434
1498663
1498916
1499325
1499677
1500103
1500321
1500589
1501066
1501230
1501459
1501848
1502169
1503672
1503944
1504199
1504817
1505475
1506044
1506610
1507093
1507490
1507947
1508278
1508724
1509097
1509576
1511453
1511691
1512100
1512445
1512711
1513158
1513624
1513892
1514207
1514601
1514892
1515210
1517508
1517766
1518093
1518518
1518947
1519270
1519616
1519984
1520292
1520643
1521052
1521414
1521743
1524996
1525207
1525563
1526034
1526275
1526453
1526693
1526904
1527094
1527444
1527893
1528174
1529822
1530029
1530360
1530649
1531078
1531543
1531909
1532327
1532969
1533465
1533922
1534404
1534872
1537719
1538240
1538514
1538803
1539197
1539433
1539717
1540074
1540333
1540567
1540890
1541357
1541745
1544292
1544563
1544959
1545368
1545911
1546499
1546909
1547273
1547585
1548041
1548566
1549011
1550696
1550924
1551253
1551711
1552162
1552785
1553278
1553843
1554328
1554718
1555145
1555413
1557860
1558197
1558541
1558842
1559144
1559557
1559869
1560104
1560447
1560756
1561026
1561365
1562034
1563713
1564925
1564998
1565336
1565704
1566257
1566645
1570834
1571000
1571223
1571648
1572127
1572518
1572853
1573175
1573490
1573801
1574027
1574356
1574672
1576454
1576701
1576912
1577211
1577425
1577575
1577869
1578228
1578485
1578761
1579098
1579318
1581032
1581255
1581802
1582168
1582500
1582903
1583302
1584024
1584525
1584972
1585839
1586420
1586910
1589401
1589590
1589994
1590317
1590655
1591106
1591498
1591974
1592292
1592499
1592834
1593117
1593371
1595132
1595340
1595731
1596141
1596586
1596888
1597216
1597735
1598314
1598789
1599491
1599907
1600232
1603171
1603454
1603787
1604180
1604482
1604760
1605061
1605433
1605716
1606151
1606567
1606792
1609297
1609515
1609790
1610183
1610581
1610934
1611234
1611639
1612093
1612577
1612930
1613562
1615667
1615915
1616188
1616461
1616768
1617105
1617320
1617692
1617990
1618284
1618606
1618884
1619515
1621949
1622160
1622671
1623061
1623389
1623778
1624143
1624602
1625076
1625416
1625760
1626110
1626579
1629375
1629569
1629973
1630436
1630799
1631324
1631765
1632233
1632974
1633558
1633829
1634082
1635631
1635831
1635999
1636345
1636625
1636921
1637143
1637452
1637737
1638103
1638662
1639102
1639512
1643554
1643805
1644567
1644966
1645657
1646074
1646660
1646973
1647569
1648005
1648508
1648924
1651227
1651481
1652050
1652406
1652580
1652884
1653290
1653537
1653784
1654159
1654526
1654832
1655175
1657543
1657710
1657889
1658190
1658378
1658723
1659108
1659496
1659918
1660342
1660781
1661349
1664365
1664800
1665389
1665714
1666036
1666351
1666670
1667019
1667412
1667792
1668184
1668623
1669130
1671556
1671772
1671950
1672276
1672598
1672905
1673176
1673419
1673715
1674158
1674554
1674943
1681545
1681839
1682271
1682785
1683360
1683774
1684109
1684634
1684998
1685349
1685831
1686108
1686409
1688209
1688459
1688949
1689291
1689547
1689907
1690258
1690669
1690954
1691395
1691775
1692010
1693697
1693885
1694379
1694835
1695086
1695438
1695805
1696146
1696489
1696925
1697263
1697529
1700095
1700262
1700541
1700937
1701248
1701565
1701868
1702158
1702525
1702787
1703172
1703391
1703705
1705492
1705676
1706061
1706459
1706872
1706995
1707367
1707682
1708043
1708542
1708831
1709196
1709560
1711141
1711379
1711791
1712050
1712388
1712693
1712955
1713197
1713490
1713881
1714129
1714513
1714897
1717428
1717609
1718036
1718490
1718955
1719368
1719776
1720291
1721191
1721497
1721821
1722040
1723799
1723985
1724280
1724596
1724900
1725218
1725608
1726183
1726610
1727041
1727325
1727697
1727962
1729807
1730148
1730424
1730620
1730895
1731249
1731611
1732044
1732450
1732876
1733635
1734262
1734852
1741857
1742056
1742937
1743309
1743575
1744005
1744348
1744634
1744949
1745316
1745590
1745924
1746257
1748618
1748795
1749092
1749413
1749641
1749993
1750288
1750546
1751016
1751366
1751790
1752316
1754807
1755143
1755665
1756268
1756693
1757123
1757745
1758194
1758521
1759078
1759309
1759618
1759855
1761383
1761631
1761973
1762313
1762673
1763005
1763388
1763807
1764163
1764407
1764675
1765071
1765377
1767813
1768061
1768400
1768980
1769406
1769699
1769793
1770263
1770597
1771058
1771401
1771801
1774270
1774523
1774895
1775244
1775636
1775965
1776234
1776552
1776960
1777327
1777692
1777978
1779967
1780206
1780401
1780728
1781020
1781356
1781692
1782312
1782779
1783230
1783783
1784315
1784865
1788342
1788787
1789382
1789651
1790067
1790447
1790851
1791291
1791568
1792010
1792249
1792580
1794155
1794445
1794687
1795010
1795342
1795578
1795876
1796221
1796569
1796948
1797265
1797531
1797861
1800960
1801405
1801752
1801960
1802482
1802806
1803170
1803522
1803844
1804160
1804490
1804807
1807204
1807424
1807829
1808148
1808557
1808869
1809094
1809558
1809957
1810255
1810635
1810887
1811255
1812891
1813081
1813412
1813898
1814330
1814809
1815235
1815665
1816104
1816387
1816750
1817256
1819310
1819588
1819825
1820139
1820465
1820844
1821274
1821572
1821887
1822238
1822503
1822735
1822989
1825057
1825241
1825525
1825953
1826252
1826551
1826950
1827281
1827603
1827929
1828320
1828709
1830426
1830808
1831048
1831263
1831590
1831801
1832115
1832515
1832744
1833060
1833459
1833734
1833971
1835612
1835877
1836205
1836433
1836798
1837149
1837529
1837962
1838433
1838950
1839594
1840211
1840519
1846374
1846661
1847147
1847252
1847583
1848235
1848692
1849043
1849419
1849693
1850212
1850648
1851049
1853001
1853307
1853549
1853875
1854183
1854397
1854743
1855141
1855447
1855707
1856265
1856820
1857312
1862533
1863144
1863481
1863855
1864473
1864897
1865663
1866040
1866546
1866999
1867716
1868044
1868358
1870001
1870341
1870537
1870830
1871197
1871605
1871801
1872058
1872544
1872782
1873117
1873540
1875909
1876249
1876551
1876861
1877300
1877700
1878017
1878274
1878660
1878910
1879291
1879713
1880001
1881870
1882126
1882661
1883243
1883601
1883910
1884296
1884701
1885242
1885803
1886340
1886930
1887559
1890454
1890610
1890969
1891434
1891881
1892213
1892984
1893397
1893904
1894499
1895052
1895446
1899333
1899508
1899915
1900301
1900733
1901055
1901394
1901760
1902127
1902387
1902868
1903252
1905073
1905241
1905577
1905857
1906127
1906468
1906812
1907233
1907540
1907884
1908178
1908632
1909222
1911825
1912133
1912507
1913234
1914029
1914661
1915017
1915380
1915795
1916190
1916572
1916812
1917194
1918891
1919085
1919433
1919731
1920062
1920339
1920573
1920886
1921091
1921354
1921590
1921940
1924530
1924789
1925057
1925284
1925483
1926047
1926417
1926874
1927180
1927403
1927772
1927999
1930405
1930632
1930908
1931288
1931719
1932010
1932588
1932896
1933164
1933391
1933718
1934055
1934395
1936729
1937166
1937629
1937898
1938168
1938619
1939196
1939655
1940142
1940697
1941147
1941934
1942654
1944542
1944824
1945061
1945292
1945489
1945786
1946041
1946296
1946489
1946716
1947058
1947398
1947681
1949327
1949604
1949944
1950111
1950418
1950869
1951277
1951572
1951851
1952415
1952878
1953199
1953578
1955943
1956176
1956540
1956988
1957292
1958017
1958358
1958798
1959157
1959652
1960140
1960701
1963432
1963596
1963977
1964211
1964560
1965033
1965414
1966077
1966318
1966574
1967052
1967455
1967878
1971453
1971644
1971849
1972119
1972386
1972753
1973076
1973373
1973662
1974052
1974453
1974781
1975096
1978138
1978298
1978676
1978955
1979378
1979642
1979981
1980353
1980728
1981072
1981404
1981866
1984005
1984227
1984728
1985220
1985880
1986277
1986591
1987286
1988128
1988943
1989764
1990526
1991320
1993692
1994103
1994385
1994756
1995051
1995392
1995931
1996265
1996733
1997084
1997463
1997855
1998228
1999954
2000217
2000445
2000742
2001042
2001439
2001698
2002006
2002413
2002754
2003067
2003672
2005355
2005623
2005886
2006145
2006392
2006769
2007038
2007324
2007689
2008129
2008614
2009017
2009572
2012046
2012329
2012628
2012908
2013259
2013650
2013949
2014590
2015150
2015631
2016260
2016964
2020469
2020932
2021196
2021403
2021837
2022384
2022936
2023230
2023829
2024390
2024783
2025157
2025480
2025708
2025980
2028119
2028318
2028562
2028853
2029100
2029431
2029812
2030213
2030768
2031040
2031391
2031695
2032039
2033766
2033940
2034237
2034661
2035040
2035467
2036057
2036378
2036760
2037112
2037455
2037984
2038721
2041409
2041620
2042178
2042576
2043186
2043645
2043993
2044304
2044621
2044994
2045279
2045710
2047434
2047908
2048174
2048507
2048734
2048932
2049272
2049626
2050088
2050559
2050896
2051243
2051650
2054275
2054499
2054929
2055272
2055603
2055919
2056362
2056635
2057061
2057568
2057875
2058191
2059936
2060188
2060630
2061012
2061359
2061749
2062013
2062314
2062694
2063060
2063610
2064306
2064673
2071418
2071734
2072084
2072671
2073114
2073978
2074546
2074907
2075163
2075542
2075890
2076447
2079168
2079547
2079882
2080210
2080541
2080934
2081164
2081504
2081826
2082057
2082334
2082602
2082834
2084406
2084677
2085270
2085672
2086344
2086820
2087131
2087502
2087888
2088230
2088673
2089125
2089718
2092226
2092509
2092957
2093288
2093741
2094117
2094417
2094669
2095004
2095304
2095615
2095953
2098506
2098747
2099104
2099356
2099710
2100195
2100535
2100895
2101238
2101667
2102040
2102400
2102880
2103191
2105805
2106026
2106396
2106853
2107204
2107428
2107768
2108173
2108606
2109067
2109500
2109869
2112421
2112757
2113200
2113576
2114291
2114685
2115156
2115627
2116062
2116614
2117045
2117463
2117777
2118151
2118746
2121465
2121886
2122375
2122835
2123225
2123544
2123966
2124250
2124581
2124908
2125223
2125532
2127986
2128239
2128600
2128907
2129103
2129363
2129658
2129988
2130259
2130719
2131045
2131662
2135019
2135253
2135601
2136254
2137040
2137801
2138541
2138872
2139136
2139354
2139998
2140501
2140930
2143380
2143708
2144292
2144695
2145028
2145400
2145615
2145825
2146135
2146378
2146695
2146917
2148543
2148783
2149280
2149776
2150112
2150391
2151069
2151262
2151923
2152183
2152594
2153088
2153444
2153869
2156250
2156465
2156733
2157014
2157276
2157727
2158103
2158349
2158766
2159176
2159460
2159775
2162231
2162519
2162901
2163206
2163545
2164056
2164637
2165358
2166155
2166712
2167251
2167762
2168379
2174506
2174601
2175257
2175808
2176077
2176470
2177186
2177820
2178217
2178567
2178874
2179212
2179603
2180042
2182741
2182954
2183284
2183698
2183977
2184328
2184676
2185013
2185291
2185606
2185954
2186392
2190596
2190710
2191027
2191340
2191762
2192114
2192411
2192725
2192990
2193266
2193503
2193829
2195608
2195823
2196216
2196618
2196880
2197278
2197697
2198199
2198654
2199019
2199372
2199767
2200140
2201828
2202028
2202397
2202880
2203394
2203974
2204432
2204975
2205358
2205892
2206817
2207213
2209614
2209834
2210162
2210464
2210734
2211111
2211373
2211645
2212097
2212475
2212796
2213116
2213342
2215793
2216022
2216272
2216650
2216931
2217349
2217879
2218259
2218616
2219075
2219388
2219695
2221504
2221701
2222002
2222314
2222594
2222968
2223533
2223889
2224378
2224940
2225208
2225586
2225947
2228707
2228985
2229403
2229777
2230048
2230397
2230720
2230990
2231471
2231838
2232251
2232672
2237167
2237808
2238295
2238737
2239456
2240345
2240876
2240924
2241499
2242070
2242436
2242712
2242959
2243201
2243485
2245150
2245483
2245846
2246284
2246637
2246957
2247244
2247535
2247799
2248065
2248347
2248624
2248991
2250748
2250927
2251180
2251542
2252065
2252257
2252401
2252693
2253356
2254028
2254553
2254996
2256756
2257007
2257447
2257691
2257905
2258277
2258672
2258929
2259285
2259458
2259816
2260106
2260454
2262064
2262292
2262538
2262887
2263230
2263620
2263939
2264248
2264704
2265057
2265524
2265886
2268314
2268504
2268889
2269257
2269949
2270676
2271095
2271361
2271640
2271995
2272416
2272672
2272874
2274786
2275054
2275293
2275565
2275991
2276224
2276462
2276742
2277108
2277514
2278125
2278288
2278875
2284307
2284692
2284931
2285404
2285858
2286161
2286480
2286968
2287468
2287801
2288180
2288437
2288722
2290581
2290763
2290978
2291378
2291706
2292018
2292307
2292650
2292988
2293323
2293591
2293992
2296317
2296746
2297325
2297777
2298254
2298833
2299652
2300207
2300583
2300802
2301030
2301364
2301569
2303265
2303518
2303723
2304062
2304437
2304897
2305327
2305609
2305971
2306340
2306640
2306947
2308661
2308811
2309097
2309430
2309965
2310884
2311121
2311458
2311879
2312642
2313196
2313421
2313893
2314398
2316156
2316521
2316858
2317127
2317431
2317706
2318014
2318307
2318652
2319207
2319499
2319847
2322515
2322692
2322913
2323170
2323465
2324178
2324827
2325124
2325467
2325821
2326312
2326947
2327597
2333482
2333935
2334693
2335180
2335807
2336298
2337076
2337484
2337850
2338136
2338350
2338738
2339177
2341013
2341515
2341768
2342036
2342457
2343222
2343401
2343726
2344138
2344485
2344793
2345120
2347227
2347568
2348185
2348541
2348921
2349353
2349672
2350188
2350704
2351103
2351740
2352324
2352804
2353102
2355965
2356314
2356652
2356897
2357425
2357769
2358077
2358329
2358598
2358923
2359114
2359438
2361083
2361243
2361525
2361797
2362073
2362324
2362587
2362946
2363198
2363596
2363974
2364471
2364741
2366440
2366688
2367222
2367650
2367800
2368155
2368545
2368792
2369018
2369302
2369643
2370023
2370261
2371906
2372087
2372280
2372587
2372818
2373011
2373291
2373706
2374040
2374372
2374606
2374861
2376559
2376738
2377009
2377396
2378018
2378652
2379195
2379743
2380395
2380938
2381583
2382030
2384584
2384845
2385196
2385449
2385798
2386529
2386849
2387194
2387580
2387858
2388219
2388577
2389048
2391118
2391485
2391892
2392254
2392681
2393066
2393549
2394019
2394818
2395637
2396358
2397982
2398220
2398626
2399053
2399625
2400235
2400553
2401043
2401408
2401730
2402221
2402749
2403256
2403787
2406168
2406376
2406750
2407165
2407476
2407929
2408263
2408512
2408850
2409285
2409666
2409918
2411887
2412275
2412874
2413378
2413686
2414174
2414274
2414745
2415068
2415578
2416216
2416729
2416968
2417193
2419626
2419929
2420119
2420481
2420848
2421044
2421413
2421733
2422006
2422343
2422673
2423067
2423334
2425490
2425679
2426123
2426478
2426858
2427138
2427500
2427954
2428398
2428775
2429303
2429635
2431679
2431860
2432108
2432428
2432722
2433059
2433469
2433866
2434226
2435008
2435372
2435879
2436443
2439344
2439533
2439916
2440328
2440842
2441229
2441648
2442154
2442496
2443391
2443773
2444031
2445626
2446029
2446274
2446705
2447357
2447826
2448198
2448657
2448993
2449403
2449619
2449983
2450387
2452875
2453197
2453542
2453880
2454166
2454646
2455060
2455456
2455733
2456435
2456686
2456955
2459572
2459810
2460198
2460552
2460816
2461116
2461522
2461942
2462196
2462588
2463018
2463423
2463905
2470109
2470402
2470885
2470927
2471462
2471991
2472268
2472672
2472996
2473302
2473670
2473991
2474330
2474628
2477124
2477497
2477771
2478079
2478518
2478786
2479093
2479430
2479724
2480046
2480383
2480852
2485239
2485872
2486164
2486635
2487437
2488382
2488739
2489633
2490215
2490589
2490925
2491234
2491676
2492028
2494298
2494527
2494773
2495100
2495382
2495673
2496101
2496465
2496781
2497212
2497634
2498108
2498536
2501569
2501849
2502150
2502773
2503355
2503632
2503935
2504303
2504771
2505492
2505978
2506532
2513118
2513391
2513610
2514039
2514516
2515276
2515516
2515826
2516139
2516486
2516822
2517138
2517516
2517901
2520511
2520753
2521095
2521509
2521921
2522398
2522761
2523084
2523419
2523777
2524115
2524522
2527978
2528229
2528616
2528931
2529457
2530065
2530521
2531224
2531716
2531896
2532453
2533132
2535759
2535966
2536285
2536795
2537544
2537977
2538586
2538954
2539244
2539623
2540165
2540656
2541176
2544627
2545000
2545564
2545954
2546269
2546692
2547047
2547358
2547783
2548063
2548442
2548762
2551972
2552130
2552386
2552733
2553508
2553645
2554024
2554366
2554642
2554936
2555183
2555509
2555863
2556242
2558948
2559149
2559592
2559917
2560262
2560562
2560891
2561271
2561653
2562067
2562505
2562860
2566503
2566740
2567020
2567259
2567554
2567923
2568296
2568692
2569107
2569746
2570122
2570839
2571411
2576897
2577129
2577698
2578225
2578703
2579211
2579566
2579976
2580298
2580722
2581050
2581387
2581690
2583251
2583540
2583860
2584190
2584441
2584823
2585150
2585673
2586447
2586742
2587161
2587620
2589462
2589890
2590197
2590471
2590880
2591334
2591851
2592422
2592941
2593288
2593923
2594283
2594559
2596123
2596499
2596922
2597204
2597858
2598688
2599195
2599472
2599757
2600168
2600611
2600887
2601305
2603958
2604130
2604457
2604828
2605077
2605628
2606140
2606346
2606689
2607040
2607330
2607847
2608471
2610648
2610903
2611294
2611516
2611942
2612358
2612676
2613048
2613425
2614055
2614785
2615160
2616840
2617082
2617516
2617948
2618327
2618667
2618988
2619346
2619766
2620265
2620582
2621005
2621202
2623089
2623378
2623606
2623885
2624169
2624445
2624692
2624898
2625121
2625546
2625763
2626064
2628126
2628343
2628508
2628818
2629175
2629487
2629893
2630156
2630599
2631259
2631498
2632122
2636267
2636942
2637022
2637416
2637937
2638632
2639412
2640002
2640653
2641156
2641449
2641786
2642106
2642468
2644940
2645100
2645339
2645650
2645990
2646329
2646729
2647085
2647360
2647748
2647985
2648314
2648789
2651771
2652033
2652362
2652920
2653568
2653998
2654423
2654924
2655384
2655748
2655966
2656263
2657902
2658126
2658486
2658828
2659153
2659462
2659783
2660132
2660723
2661096
2661458
2661873
2662211
2664600
2664888
2665239
2665655
2666292
2666686
2667247
2667671
2668148
2668981
2669580
2670071
2672619
2672905
2673258
2673676
2674155
2674480
2674899
2675288
2675623
2675896
2676275
2676703
2676927
2678523
2678717
2678906
2679174
2679487
2679782
2680052
2680393
2680808
2681103
2681395
2681827
2684645
2685024
2685448
2685821
2686245
2686775
2687251
2687631
2687967
2688365
2688722
2689047
2689390
2691508
2691701
2692128
2692630
2693057
2693448
2693837
2694140
2694446
2694772
2695057
2695429
2699248
2699440
2699783
2700107
2700517
2701084
2701496
2701798
2702243
2702594
2702987
2703484
2703930
2707562
2708219
2708463
2708873
2709282
2709674
2710033
2710412
2710808
2711096
2711463
2711794
2714238
2714455
2714873
2715276
2715703
2716039
2716748
2717304
2717824
2718204
2718618
2719372
2719710
2721519
2721709
2721942
2722472
2722843
2723160
2723508
2723715
2723947
2724111
2724459
2724839
2726531
2726752
2727135
2727455
2727828
2728164
2728437
2728677
2728972
2729374
2729995
2730151
2730636
2736414
2737021
2737202
2737447
2737744
2738222
2738732
2738950
2739239
2739540
2739959
2740361
2740831
2743435
2743628
2743956
2744327
2744785
2745229
2745591
2745861
2746126
2746418
2746737
2747029
2748811
2749043
2749326
2749739
2750119
2750573
2751031
2751831
2752000
2752455
2752911
2753379
2753595
2753860
2755618
2755791
2756021
2756355
2756668
2757042
2757381
2757753
2757970
2758313
2758656
2758926
2760726
2760992
2761328
2761651
2762033
2762496
2762964
2763384
2763972
2764376
2764917
2765403
2765910
2769028
2769133
2769649
2770031
2770313
2770735
2771035
2771303
2771523
2771782
2772067
2772335
2772662
2774618
2774792
2775105
2775360
2775643
2775936
2776269
2776612
2776880
2777156
2777574
2777933
2781506
2781777
2782194
2782871
2783391
2783776
2784293
2784802
2785348
2785747
2786342
2786639
2789043
2789306
2789577
2789908
2790302
2790692
2791017
2791410
2791858
2792103
2792516
2792923
2793188
2795571
2795762
2796072
2796522
2796860
2797186
2797451
2797782
2798116
2798296
2798606
2798936
2799296
2801843
2802170
2802642
2803031
2803432
2803786
2804093
2804298
2804572
2804965
2805377
2806023
2810271
2810421
2810826
2811160
2811513
2811880
2812397
2813085
2813848
2814191
2814533
2815031
2816700
2816911
2817094
2817295
2817544
2817843
2818214
2818419
2818793
2819147
2819510
2819859
2820296
2822900
2823272
2823690
2824024
2824693
2824942
2825749
2826434
2826998
2827594
2828083
2828679
2829294
2831110
2831342
2831780
2832056
2832276
2832614
2832937
2833507
2833813
2834138
2834477
2834729
2836302
2836539
2836764
2837047
2837403
2837850
2838293
2838594
2838802
2839159
2839447
2839770
2841394
2841661
2841973
2842200
2842444
2842814
2842976
2843221
2843543
2843773
2844065
2844584
2845021
2847204
2847499
2847774
2848315
2848996
2849262
2849815
2850386
2850914
2851392
2852034
2852367
2852850
2855488
2855658
2856100
2856693
2857059
2857338
2857614
2858103
2858361
2858725
2859089
2859407
2859773
2862148
2862358
2862789
2863205
2863464
2863898
2864324
2864650
2865026
2865512
2866031
2866406
2868931
2869169
2869550
2869903
2870180
2870531
2870807
2871162
2871470
2871815
2872267
2872777
2873261
2875942
2876199
2876449
2876726
2877461
2878108
2878800
2879096
2879407
2879747
2880231
2880640
2883290
2883603
2883867
2884256
2884611
2884890
2885435
2885721
2886092
2886434
2886765
2887135
2887618
2890621
2890993
2891439
2891894
2892276
2892607
2892921
2893216
2893539
2893869
2894203
2894601
2897104
2897365
2897650
2897991
2898394
2898800
2899255
2899972
2900647
2901110
2901876
2902307
2903114
2907404
2907621
2908243
2908570
2908892
2909143
2909330
2909712
2910142
2910451
2910713
2911005
2911306
2912894
2913172
2913588
2913923
2914315
2914596
2914837
2915395
2916105
2916772
2917348
2917685
2918163
2921073
2921383
2921580
2921985
2922349
2922641
2923289
2923622
2924091
2924424
2924925
2925630
2931252
2931561
2931904
2932245
2932672
2933038
2933323
2933590
2933901
2934091
2934507
2934810
2937377
2937630
2938113
2938626
2939045
2939514
2939774
2940228
2941025
2941517
2941938
2942255
2942769
2943090
2945467
2945821
2946200
2946578
2947003
2947423
2947751
2948092
2948316
2948785
2949008
2949302
2949549
2951232
2951547
2951843
2952079
2952547
2953051
2953298
2953636
2953932
2954220
2954427
2954679
2956500
2956743
2957187
2957562
2957896
2958311
2958831
2959215
2959620
2959937
2960171
2960438
2962798
2963291
2963879
2964241
2964491
2964885
2965295
2965629
2965977
2966302
2966717
2967010
2967303
2967663
2970140
2970445
2970781
2971018
2971302
2971739
2972293
2972815
2972960
2973197
2973646
2975806
2976227
2976727
2977086
2977707
2978031
2978591
2978802
2979087
2979495
2979901
2980271
2980652
2983687
2983831
2984100
2984426
2984785
2985305
2985950
2986572
2987124
2987363
2987712
2987963
2990491
2990974
2991439
2991900
2992689
2993182
2993422
2993931
2994223
2994601
2995026
2995295
2995643
2998427
2998841
2999187
2999519
2999997
3000269
3000527
3000857
3001351
3002014
3002845
3003276
3006161
3006795
3007009
3007338
3007998
3008196
3008782
3008947
3009299
3009943
3010440
3010924
3011298
3011565
3011869
3012305
3015033
3015229
3015603
3016011
3016169
3016485
3016996
3017464
3017822
3018129
3018561
3020788
3021121
3021585
3021956
3022263
3022552
3022802
3023103
3023658
3024163
3025132
3025855
3026250
3028288
3028860
3029186
3029459
3029660
3030002
3030368
3030764
3031046
3031292
3031608
3032194
3034258
3034483
3034744
3035348
3035667
3036006
3036411
3036778
3037333
3037720
3037819
3038250
3038541
3038828
3041451
3041751
3042052
3042779
3043009
3043425
3043714
3044218
3044655
3045025
3045742
3046054
3048371
3048598
3048957
3049309
3049715
3050015
3050404
3050931
3051273
3051597
3052159
3052601
3053283
3057423
3057503
3057556
3057959
3058472
3058993
3059090
3059154
3059599
3060130
3060290
3060571
3060906
3061568
3064577
3064799
3065143
3065340
3065625
3065980
3066309
3066759
3067191
3067637
3068040
3068343
3068728
3070962
3071261
3071580
3071864
3072163
3072591
3072995
3073510
3074230
3074408
3074900
3075115
3075470
3077999
3078472
3078825
3079222
3079658
3079749
3079975
3080258
3080638
3081012
3081279
3082087
3082773
3086449
3086981
3087320
3087616
3087907
3088462
3088850
3089194
3089694
3089831
3090203
3090667
3091139
3091549
3094050
3094276
3094703
3095066
3095602
3096040
3096266
3096690
3097121
3097464
3097621
3098084
3098824
3099226
3102749
3103097
3103485
3103734
3104007
3104307
3104770
3104907
3105128
3105871
3106398
3106910
3107359
3107753
3108298
3111878
3112231
3112575
3113073
3113421
3114013
3114335
3114632
3115037
3115507
3115827
3116239
3116516
3116816
3120620
3121294
3121566
3121921
3122512
3122636
3122920
3123358
3123673
3124086
3124609
3124928
3125298
3127526
3127607
3128037
3128456
3128973
3129492
3129851
3130437
3130825
3131304
3131817
3132210
3132668
3135332
3135409
3135847
3136286
3136714
3137068
3137558
3137694
3138060
3138425
3138912
3139519
3139684
3139843
3140060
3140470
3140926
3144135
3144306
3144432
3144785
3145141
3145466
3145883
3145972
3146271
3146565
3146880
3147370
3147541
3147846
3148318
3148850
3149270
3153372
3154064
3154784
3155431
3155906
3156521
3156966
3157396
3157959
3158476
3158853
3159239
3163229
3163402
3163777
3164128
3164560
3164883
3165296
3165681
3166004
3166395
3166909
3167480
3167854
3171172
3171658
3172002
3172405
3172738
3172896
3173263
3173666
3174077
3174201
3174479
3174792
3175183
3177497
3177565
3177909
3178309
3178431
3178815
3179148
3179459
3180088
3180771
3181002
3181258
3181731
3182120
3182820
3183453
3183986
3185749
3185927
3186282
3186518
3186747
3187071
3187329
3187548
3187922
3188358
3188951
3189126
3189605
3192975
3193300
3193537
3193805
3194041
3194722
3195155
3195756
3195959
3196041
3196580
3197090
3197571
3197996
3201272
3201508
3201902
3202267
3202653
3203152
3203560
3204256
3204977
3205498
3205934
3206359
3206804
3209574
3209796
3210006
3210468
3211231
3211805
3212252
3212813
3213286
3213677
3214389
3214858
3214949
3215171
3215616
3217674
3217915
3218415
3218639
3218856
3219212
3219579
3219903
3220155
3220531
3221344
3221883
3222302
3224346
3225030
3225121
3225141
3225615
3226000
3226467
3226801
3227218
3227495
3227767
3228128
3228324
3228783
3230594
3230936
3231457
3231640
3231893
3232324
3232892
3233321
3233718
3234041
3234503
3234874
3237522
3237831
3238068
3238420
3238912
3239332
3239756
3240038
3240275
3240595
3241140
3241516
3241824
3243594
3243761
3243984
3244182
3244447
3244715
3245065
3245426
3245781
3246073
3246478
3246838
3249364
3249599
3249889
3250407
3250997
3251295
3251833
3252310
3252514
3252814
3253143
3253413
3255208
3255382
3255650
3255999
3256301
3256458
3256671
3256939
3257168
3257521
3257912
3258195
3258448
3260961
3261238
3261540
3261793
3262095
3262345
3262593
3262827
3263056
3263296
3263553
3263824
3264553
3266625
3266838
3267064
3267278
3267592
3267844
3268173
3268432
3268818
3269128
3269486
3269774
3272304
3272611
3272864
3273166
3273782
3274075
3274414
3274682
3274941
3275244
3275596
3275967
3277557
3277711
3277978
3278145
3278334
3278610
3278803
3279044
3279308
3279549
3279802
3280067
3280322
3282214
3282788
3282934
3283185
3283556
3284081
3284564
3285086
3285738
3286038
3286692
3287208
3287702
3290605
3290963
3291324
3291623
3292245
3292526
3293078
3293456
3293913
3294201
3294618
3295075
3296925
3297205
3297546
3297796
3298081
3298297
3298616
3298944
3299307
3299694
3300185
3300791
3301441
3305938
3306337
3306707
3307114
3307436
3307816
3308229
3308684
3309005
3309397
3309843
3310220
3312817
3313031
3313353
3313690
3314040
3314375
3314735
3314990
3315369
3315638
3315991
3316411
3316669
3320636
3320856
3321223
3321877
3322310
3323035
3323449
3324081
3324744
3325408
3326029
3327062
3327821
3329746
3329985
3330360
3330554
3330849
3331367
3331806
3332220
3332548
3333101
3333464
3333878
3334228
3335860
3336085
3336321
3336532
3336817
3337192
3337417
3337788
3338172
3338469
3338918
3339409
3342066
3342148
3342336
3342711
3343012
3343511
3343817
3344101
3344462
3344789
3345120
3345565
3345962
3346272
3348043
3348315
3348687
3349055
3349320
3349596
3349885
3350223
3350779
3351307
3351703
3352094
3352437
3354968
3355419
3355720
3356043
3356518
3356662
3357026
3357373
3357610
3357914
3358328
3358589
3360634
3360903
3361180
3361398
3361667
3362115
3362611
3362904
3363160
3363484
3363868
3364095
3364418
3366084
3366334
3366697
3367135
3367623
3368032
3368364
3368758
3369295
3369867
3370254
3370661
3371021
3373239
3373458
3373755
3374187
3374417
3374731
3375095
3375447
3375671
3376178
3376613
3376965
3378751
3378986
3379264
3379467
3379998
3380281
3380857
3381811
3382324
3382802
3383390
3383848
3384472
3388202
3388401
3388764
3389051
3389415
3389764
3390025
3390333
3390709
3391122
3391354
3391603
3394335
3394495
3394761
3395146
3395490
3395778
3396084
3396417
3396731
3397066
3397395
3397772
3398186
3402029
3402198
3402605
3403071
3403494
3403883
3404497
3404923
3405232
3405482
3405727
3405945
3408308
3408529
3408814
3409024
3409308
3409511
3409717
3410048
3410537
3410810
3411125
3411506
3414044
3414200
3414520
3414869
3415275
3415948
3416903
3417521
3417892
3418381
3419089
3419288
3419565
3420007
3422340
3422615
3423094
3423428
3424030
3424823
3425254
3425599
3425947
3426293
3426706
3427054
3429272
3429465
3429768
3430157
3430453
3430713
3431070
3431532
3431729
3432045
3432377
3432872
3433115
3434901
3435162
3435679
3436082
3436399
3436672
3437018
3437329
3437686
3438072
3438449
3438729
3443657
3443833
3444106
3444503
3444807
3445239
3445537
3445814
3446133
3446446
3446736
3447198
3447507
3449451
3449796
3450029
3450460
3450899
3451307
3451694
3452250
3452646
3452956
3453607
3453995
3455586
3455880
3456200
3456474
3456704
3456969
3457408
3457759
3458020
3458313
3458597
3458870
3459221
3461541
3461789
3462088
3462395
3462855
3463257
3463653
3463950
3464372
3464703
3464991
3465271
3467005
3467248
3467486
3467766
3468061
3468302
3468549
3468794
3469065
3469351
3469687
3470121
3470400
3472820
3473037
3473355
3473897
3474450
3474976
3475544
3475784
3476160
3476605
3476949
3477183
3479493
3479794
3480067
3480407
3480843
3481071
3481406
3481790
3482219
3482435
3482745
3483095
3483384
3485844
3486107
3486501
3486799
3487086
3487464
3487786
3488138
3488485
3488704
3488995
3489317
3489586
3491970
3492410
3492843
3493198
3493577
3493776
3494153
3494541
3494841
3495161
3495517
3495775
3497901
3498179
3498477
3498808
3499224
3499515
3499743
3499990
3500271
3500487
3500702
3501005
3501332
3502915
3503135
3503558
3504006
3504467
3504910
3505258
3505785
3506756
3507126
3507562
3508083
3509799
3510011
3510334
3510596
3510873
3511249
3511592
3511842
3512267
3512546
3512848
3513190
3515664
3515924
3516297
3516516
3516894
3517163
3517565
3518221
3518798
3519414
3519918
3520251
3520644
3520860
3521444
3523001
3523189
3523489
3523810
3524064
3524273
3524620
3524782
3525032
3525471
3525783
3526034
3528492
3528730
3529024
3529330
3529697
3529994
3530354
3530808
3531208
3531677
3531943
3532257
3532520
3534920
3535357
3535605
3536103
3536972
3537370
3537723
3538032
3538461
3538680
3539177
3539508
3542114
3542335
3542617
3542891
3543157
3543494
3543709
3544004
3544315
3544603
3544845
3545116
3545523
3548157
3548326
3548640
3548882
3549173
3549401
3549669
3550248
3550691
3551072
3551583
3551878
3552182
3554654
3554874
3555339
3555628
3556004
3556240
3556489
3556727
3557193
3557538
3557941
3558411
3560967
3561166
3561558
3562103
3562321
3562713
3563304
3564002
3564604
3565433
3566378
3567086
3569028
3569319
3569549
3569876
3570119
3570481
3570750
3571056
3571499
3571779
3572047
3572410
3572815
3575075
3575270
3575550
3575994
3576431
3576840
3577371
3577696
3578014
3578427
3579027
3579437
3579778
3581458
3581824
3582333
3582862
3583462
3583947
3584149
3584508
3585050
3585490
3585892
3586193
3588845
3589100
3589453
3589800
3590270
3590649
3591109
3591545
3592026
3592498
3592958
3593316
3593867
3596705
3596917
3597199
3597586
3597913
3598268
3598555
3598802
3599037
3599333
3599657
3599998
3602514
3602780
3603201
3603451
3603790
3604257
3604646
3604890
3605282
3605969
3606442
3606969
3608703
3609016
3609377
3609670
3610101
3610432
3610806
3611137
3611412
3611773
3612124
3612363
3612799
3615721
3616056
3616495
3616864
3617359
3618189
3618770
3619124
3619451
3619748
3619926
3620211
3620662
3623042
3623198
3623542
3623836
3624159
3624647
3624961
3625222
3625559
3625921
3626204
3626404
3628491
3628780
3629384
3629685
3630051
3630437
3630856
3631386
3631709
3632035
3632371
3632794
3635114
3635286
3635533
3635782
3636252
3636849
3637088
3637335
3637860
3638511
3639070
3639747
3640632
3642675
3643025
3643626
3644065
3644383
3644650
3645034
3645329
3645663
3645939
3646228
3646523
3649203
3649373
3649680
3650258
3650476
3650845
3651079
3651433
3651668
3652212
3652705
3653313
3653609
3655940
3656180
3656525
3656781
3657171
3657527
3657773
3658126
3658488
3658759
3659242
3659837
3660497
3665772
3665993
3666425
3666805
3667133
3667715
3668375
3668640
3668882
3669162
3669489
3669728
3670169
3672678
3672838
3673164
3673604
3673897
3674269
3674626
3674848
3675213
3675618
3675879
3676094
3678221
3678480
3678817
3679203
3679715
3680068
3680486
3680939
3681215
3681542
3681866
3682135
3682483
3684700
3684933
3685447
3685781
3686080
3686334
3686693
3687195
3687715
3688214
3688583
3689064
3689359
3690926
3691268
3691558
3691802
3692059
3692412
3692728
3693007
3693354
3693766
3694223
3694511
3696332
3696557
3697130
3697836
3698611
3699254
3699845
3700363
3700767
3701110
3701528
3702095
3705481
3705705
3706147
3706454
3706687
3707007
3707307
3707582
3707903
3708247
3708568
3708943
3709353
3711238
3711569
3711882
3712153
3712432
3712684
3712904
3713287
3713707
3714138
3714358
3714673
3716751
3717155
3717620
3717886
3718136
3718392
3718617
3718939
3719149
3719355
3719701
3720010
3720341
3722256
3722633
3722910
3723201
3723694
3723904
3724307
3724762
3725209
3725451
3725925
3726265
3730079
3730285
3730988
3731397
3731801
3732246
3732970
3733569
3734114
3734746
3735471
3736357
3736952
3738701
3738995
3739426
3740240
3740754
3741409
3741846
3742219
3742657
3743057
3743362
3743761
3744229
3747309
3747539
3747714
3748191
3748369
3748614
3748903
3749169
3749453
3749851
3750296
3750711
3753493
3753820
3754273
3754687
3755185
3755763
3756007
3756436
3756957
3757351
3757617
3757872
3760262
3760417
3760754
3761149
3761472
3761696
3761978
3762366
3762728
3763060
3763335
3763662
3763950
3766470
3766627
3767029
3767495
3767873
3768290
3768678
3768959
3769421
3769926
3770256
3770601
3773151
3773339
3773726
3774080
3774434
3774681
3775137
3775391
3775830
3776631
3777148
3777535
3777950
3779962
3780132
3780521
3780858
3781333
3781644
3782098
3782518
3782814
3783252
3783709
3784113
3787280
3787414
3787617
3788309
3788899
3789384
3789731
3790072
3790493
3790822
3791049
3791305
3791522
3793152
3793463
3793735
3793991
3794355
3794736
3795043
3795366
3795857
3796072
3796473
3796923
3801363
3801473
3801755
3802306
3802656
3802752
3802955
3803483
3803743
3804122
3804598
3804929
3805196
3806844
3807135
3807477
3807829
3808170
3808476
3808721
3809000
3809567
3810057
3810580
3810983
3812835
3813097
3813419
3813780
3814118
3814503
3815078
3815881
3816388
3816938
3817714
3818136
3818930
3821410
3821603
3822031
3822366
3822702
3823013
3823414
3823723
3824090
3824386
3824719
3825030
3826879
3827063
3827433
3827762
3828048
3828362
3828886
3829099
3829385
3829650
3829875
3830171
3830453
3835229
3835551
3835878
3836209
3836530
3836975
3837598
3837944
3838242
3838599
3838807
3839020
3840672
3840879
3841159
3841443
3841713
3841951
3842423
3842779
3843023
3843434
3843823
3844156
3844456
3846814
3847010
3847241
3847641
3848037
3848563
3849300
3850157
3850735
3851538
3851750
3852297
3852728
3854637
3854784
3855299
3856021
3856441
3856758
3856992
3857255
3857622
3858001
3858369
3858707
3859170
3861271
3861456
3861648
3862003
3862452
3862840
3863243
3863720
3864360
3864797
3865299
3865868
3866463
3869316
3869693
3870299
3870594
3870896
3871245
3871592
3871992
3872413
3872878
3873281
3873656
3874052
3875759
3876151
3876568
3876818
3877129
3877531
3877743
3878049
3878399
3878777
3879123
3880045
3880704
3883353
3883584
3883875
3884212
3884554
3885022
3885541
3886079
3886666
3887262
3887806
3888422
3891274
3891599
3891734
3891997
3892295
3892652
3892866
3893166
3893475
3893754
3894088
3894426
3894858
3896561
3896861
3897289
3897592
3897929
3898139
3898445
3898711
3898894
3899274
3900110
3900442
3900954
3906005
3906396
3906790
3907455
3908033
3908483
3909266
3909863
3910483
3910970
3911693
3912415
3915081
3915310
3915708
3916046
3916438
3916767
3917060
3917393
3917629
3917885
3918113
3918367
3918810
3921710
3921938
3922248
3922662
3923380
3923753
3924134
3924499
3924955
3925166
3925644
3926016
3927706
3928075
3928382
3928592
3928890
3929241
3929458
3929726
3930155
3930521
3931160
3931616
3934089
3934308
3934658
3935014
3935342
3935706
3936188
3936568
3936931
3937408
3937711
3938052
3938428
3940958
3941159
3941556
3942410
3942720
3943075
3943546
3943977
3944255
3944675
3945152
3945549
3948538
3948687
3948936
3949251
3949642
3950053
3950466
3951007
3951565
3951966
3952495
3952742
3953132
3953983
3956545
3956781
3957073
3957419
3957768
3958046
3958365
3958735
3959135
3959401
3959875
3963102
3963339
3963608
3963901
3964175
3964469
3964891
3965301
3965656
3966016
3966479
3966963
3967246
3969689
3969972
3970385
3970806
3971261
3971358
3971613
3971879
3972141
3972333
3972647
3973077
3973390
3975862
3976048
3976337
3976638
3976927
3977214
3977580
3977869
3978206
3978527
3978876
3979323
3979745
3982139
3982342
3982724
3983055
3983417
3983860
3984337
3984696
3985479
3985595
3985878
3986260
3986524
3986861
3989613
3989917
3990216
3990462
3990798
3991289
3991697
3992061
3992462
3992801
3993132
3993484
3996050
3996232
3996534
3996813
3997149
3997569
3997949
3998254
3998672
3998895
3999450
3999964
4000556
4003102
4003318
4003662
4004074
4004393
4004975
4005351
4005658
4006086
4006670
4007104
4007485
4009143
4009332
4009643
4009958
4010203
4010585
4010952
4011339
4011701
4012033
4012457
4012794
4013303
4017403
4017926
4018109
4018506
4019102
4019618
4020016
4020673
4021300
4021756
4022294
4022810
4023201
4025827
4026143
4026457
4026862
4027257
4027616
4027878
4028298
4028613
4028930
4029253
4029502
4030223
4032867
4033135
4033585
4034152
4034627
4035345
4035924
4036530
4036924
4037520
4037958
4038370
4041005
4041219
4041460
4041765
4041944
4042363
4042733
4043104
4043320
4043550
4043774
4044119
4044450
4046928
4047221
4047554
4047843
4048159
4048370
4048736
4049089
4049642
4050128
4050482
4050907
4054080
4054420
4054914
4055592
4056297
4056910
4057256
4057516
4057917
4058317
4058523
4058812
4059083
4061271
4061619
4062079
4062458
4062734
4063114
4063474
4063798
4064070
4064411
4064681
4065031
4069190
4069352
4069938
4070497
4071060
4071698
4072270
4072772
4073073
4073586
4074177
4074643
4075302
4077110
4077284
4077599
4077996
4078253
4078584
4079055
4079299
4079544
4079835
4080202
4080626
4080917
4081250
4083067
4083399
4084111
4084371
4084746
4085266
4085692
4086147
4086766
4087250
4087723
4088372
4091008
4091144
4091433
4091616
4092011
4092199
4092492
4092741
4092971
4093224
4093455
4093782
4095736
4096045
4096355
4096792
4097066
4097375
4097582
4098046
4098383
4098667
4098938
4099376
4102887
4103171
4103536
4103813
4104124
4104378
4104701
4105093
4105499
4105784
4106043
4106289
4106718
4109147
4109434
4109674
4110024
4110311
4110585
4110913
4111254
4111485
4111790
4112274
4112566
4113011
4114846
4115230
4115459
4115874
4116214
4116532
4116844
4117538
4118132
4118445
4118769
4119118
4120694
4120884
4121188
4121981
4122428
4123263
4123598
4123761
4124006
4124241
4124601
4124784
4125157
4126851
4127061
4127281
4127580
4127791
4128194
4128529
4128814
4129197
4129718
4130571
4131086
4131679
4133282
4133608
4133994
4134683
4135117
4135420
4135677
4135963
4136366
4136577
4136962
4137362
4139859
4140068
4140498
4140762
4141244
4141588
4141842
4142185
4142498
4142785
4143577
4144013
4148744
4149131
4149340
4150027
4150425
4150705
4151033
4151265
4151733
4151954
4152248
4152648
4153002
4155930
4156303
4156585
4156978
4157304
4157693
4158114
4158392
4158858
4159114
4159420
4159764
4160568
4162409
4162653
4163219
4163426
4163869
4164385
4165090
4165577
4166188
4167077
4167180
4167785
4168420
4168985
4171859
4172092
4172367
4172629
4173046
4173401
4173749
4174123
4174474
4174916
4175232
4175562
4177160
4177343
4177673
4177954
4178220
4178503
4178777
4179257
4179584
4180014
4180560
4180893
4181323
4185268
4185556
4185971
4186340
4186586
4187006
4187311
4187571
4187880
4188207
4188520
4188957
4190786
4191230
4191563
4191927
4192150
4192373
4192732
4193132
4193453
4193789
4194110
4194462
4194844
4197952
4198407
4198815
4199476
4199948
4200691
4201381
4202148
4202692
4203275
4203990
4204407
4206896
4207135
4207596
4207994
4208419
4208951
4209366
4209684
4210016
4210335
4210599
4210928
4211161
4212830
4213079
4213446
4213832
4214250
4214621
4215107
4215759
4216140
4216518
4216951
4217323
4221308
4221613
4221938
4222397
4222850
4223194
4223522
4223822
4224160
4224417
4224739
4225194
4225596
4228198
4228458
4228719
4229111
4229518
4229851
4230183
4230518
4230842
4230998
4231320
4231779
4235073
4235399
4235622
4236131
4236707
4237309
4237567
4237850
4238111
4238445
4238655
4238935
4239190
4240787
4241091
4241405
4241555
4241933
4242331
4242635
4242967
4243207
4243470
4243964
4244334
4247273
4247718
4247876
4248302
4248610
4249104
4249532
4249967
4250344
4250655
4250926
4251183
4251471
4253934
4254207
4254561
4254889
4255166
4255468
4255759
4255937
4256272
4256454
4256702
4256941
4258692
4258970
4259455
4259680
4259945
4260295
4260669
4261026
4261348
4262627
4262930
4263383
4266105
4266640
4267274
4267522
4267936
4268256
4268597
4268936
4269202
4269565
4269867
4270263
4270795
4273743
4274234
4274874
4275394
4276044
4276335
4276579
4277073
4277173
4277659
4278055
4278313
4278558
4278832
4279131
4282048
4282196
4282778
4283575
4283942
4284295
4284639
4284970
4285272
4285576
4285885
4286193
4286434
4288064
4288256
4288770
4289300
4289928
4290378
4290704
4291052
4291635
4292087
4292416
4292794
4294485
4294811
4295292
4295622
4295931
4296137
4296528
4296907
4297371
4297639
4297942
4298327
4300767
4300980
4301355
4301913
4302684
4303442
4303716
4304041
4304413
4304774
4305460
4306089
4306835
4307097
4309628
4309938
4310402
4310777
4311163
4311571
4311978
4312333
4312768
4313278
4313770
4314266
4316417
4316643
4317071
4317283
4317557
4317917
4318232
4318515
4318848
4319077
4319635
4320043
4322522
4322760
4323254
4323588
4324003
4324411
4324605
4324843
4325270
4325589
4326131
4326573
4326946
4329443
4329734
4330048
4330524
4330873
4331291
4331705
4331830
4332100
4332450
4332961
4333329
4333594
4336013
4336374
4336642
4337001
4337318
4337570
4337864
4338208
4338482
4338758
4339096
4339420
4339795
4342609
4342814
4343216
4343489
4343774
4344274
4344519
4344920
4345205
4345545
4345926
4346297
4349041
4349184
4349520
4349916
4350187
4350576
4350982
4351335
4351634
4352040
4352424
4352637
4353008
4356146
4356515
4356856
4357472
4358110
4358541
4358950
4359404
4359877
4360263
4360612
4360920
4363641
4363941
4364171
4364528
4365007
4365812
4366140
4366582
4367261
4367542
4368217
4368443
4368974
4369595
4370120
4373070
4373262
4373702
4374050
4374244
4374789
4375165
4375644
4375943
4376435
4377096
4377704
4378041
4380859
4381030
4381345
4381868
4382422
4382732
4383313
4383810
4384266
4385191
4385785
4386277
4386513
4389013
4389286
4389582
4389900
4390416
4390871
4391235
4391675
4392023
4392451
4392713
4393211
4393376
4394021
4396470
4396654
4396898
4397308
4397671
4397981
4398243
4398569
4398841
4399206
4399525
4400114
4402769
4402954
4403399
4403894
4404613
4405114
4405580
4406020
4406284
4406474
4406874
4407345
4409129
4409455
4409698
4410179
4410483
4410842
4411112
4411461
4411777
4412099
4412374
4412807
4413405
4415954
4416191
4416685
4417086
4417707
4418244
4418508
4418903
4419473
4419794
4420063
4420285
4420591
4423324
4423486
4423834
4424336
4424807
4425128
4425483
4425874
4426306
4426738
4427216
4429043
4429317
4429576
4429851
4430157
4430422
4430817
4431365
4431945
4432442
4432935
4433573
4433860
4434497
4436856
4437044
4437449
4437799
4438158
4438545
4438910
4439239
4439664
4439957
4440319
4440805
4442645
4443095
4443510
4443878
4444189
4444575
4444974
4445330
4445604
4445916
4446286
4446574
4446865
4448682
4448874
4449232
4449561
4449767
4450205
4450670
4451066
4451313
4451772
4452081
4452621
4457114
4457404
4457766
4458144
4458483
4458840
4459122
4459360
4459765
4460241
4460596
4460959
4461242
4463028
4463211
4463441
4463710
4464435
4464778
4464987
4465344
4465751
4466215
4466484
4466889
4469389
4469601
4469801
4470156
4470587
4470858
4471077
4471329
4471714
4472013
4472352
4472664
4473000
4477182
4477357
4477672
4478213
4478799
4479433
4479806
4480219
4480653
4481010
4481393
4481872
4483631
4483989
4484169
4484486
4484906
4485377
4485841
4486209
4486795
4487355
4487753
4488116
4488467
4492052
4492319
4492856
4493251
4493645
4494049
4494378
4494728
4495025
4495500
4495875
4496328
4498888
4499112
4499415
4499814
4500257
4500648
4501059
4501361
4501657
4502040
4502540
4502901
4503208
4506317
4506773
4507474
4507842
4508185
4508552
4509188
4509709
4510105
4510422
4510677
4511075
4511415
4515412
4515736
4516043
4516278
4516699
4517074
4517455
4517756
4518045
4518767
4519150
4519594
4519952
4522223
4522439
4522704
4523141
4523487
4523886
4524147
4524626
4524969
4525419
4525685
4525982
4528481
4528674
4529009
4529575
4529947
4530387
4530551
4530969
4531370
4531907
4532392
4532727
4533029
4533329
4536194
4536413
4536785
4537073
4537371
4537692
4538308
4538460
4538706
4539212
4539789
4540244
4540467
4542841
4543150
4543895
4544252
4544548
4545038
4545331
4545781
4546158
4546544
4546870
4547180
4547426
4550767
4551211
4551398
4551919
4552412
4552544
4552976
4553383
4553780
4554063
4554374
4554866
4555425
4558547
4558768
4559054
4559315
4559780
4560387
4560703
4561024
4561208
4561633
4562239
4562543
4563134
4566159
4566272
4566439
4566847
4567289
4567775
4567887
4568162
4568860
4569272
4569705
4570001
4570444
4570994
4573190
4573383
4573894
4574601
4574816
4575213
4575541
4576046
4576455
4576974
4577476
4577752
4578037
4581482
4581801
4582252
4582642
4582750
4582996
4583674
4584172
4584503
4584724
4584945
4585256
4585551
4585928
4585957
4586664
4589441
4589533
4589640
4589874
4590287
4590620
4590907
4591585
4591920
4592462
4593002
4593520
4593681
4594101
4594610
4597850
4598114
4598675
4599013
4599470
4599909
4600358
4600627
4601000
4601256
4601631
4602053
4602188
4602529
4602699
4603043
4606529
4606676
4607087
4607245
4607849
4608289
4608622
4609014
4609448
4610069
4610521
4610902
4611147
4611461
4613977
4614287
4614666
4614959
4615416
4615541
4615787
4616112
4616559
4616771
4617134
4617272
4617595
4617976
4618392
4621735
4621876
4622105
4622419
4622845
4623234
4623603
4624012
4624477
4625406
4626214
4626794
4627415
4630847
4631090
4631828
4632256
4632656
4633107
4633577
4634083
4634224
4634632
4634885
4635185
4635456
4638362
4638503
4638725
4639406
4639538
4639583
4639853
4640284
4640856
4641247
4641729
4642079
4642369
4642950
4643242
4643498
4645925
4645977
4646242
4646640
4647115
4647572
4647932
4648511
4648730
4649103
4649500
4649892
4650204
4653012
4653201
4653544
4653914
4654323
4654723
4655193
4655602
4656032
4656493
4656994
4657470
4657630
4658168
4660070
4660232
4660761
4660874
4661245
4661666
4662311
4662458
4662753
4663223
4663836
4664574
4665100
4665491
4667520
4667767
4668209
4668370
4668555
4669405
4669634
4669887
4670495
4670896
4671253
4671573
4672270
4672741
4676741
4677150
4677660
4677975
4678406
4678722
4679218
4679321
4679702
4680099
4680550
4680996
4681575
4682058
4682638
4682768
4682920
4685918
4686354
4686538
4686945
4687525
4688032
4688423
4688909
4689053
4689514
4689859
4690200
4690535
4692631
4693057
4693408
4693680
4693920
4694283
4694902
4695509
4695978
4696317
4696745
4698813
4699062
4699490
4699914
4700271
4700601
4701000
4701358
4701869
4702297
4702792
4703175
4703450
4707690
4708008
4708398
4708690
4709162
4709507
4709853
4710341
4710742
4710808
4711209
4711497
4711876
4711986
4712142
4714081
4714299
4714695
4714811
4715281
4715617
4715938
4716310
4716599
4717044
4717500
4718020
4718480
4718830
4721312
4721375
4721748
4722181
4722748
4722843
4722861
4723305
4723699
4724104
4724466
4724715
4725030
4725575
4728906
4729203
4729568
4730182
4730628
4731008
4731633
4732113
4732505
4732997
4733096
4733132
4733659
4734034
4736148
4736665
4737039
4737417
4737941
4738038
4738548
4738874
4739377
4739538
4739811
4740512
4741076
4741211
4741531
4742069
4744340
4744482
4745113
4745555
4745712
4746036
4746483
4746969
4747396
4747787
4748418
4748928
4749286
4752251
4752377
4752598
4752967
4753245
4753730
4754000
4754300
4754790
4755221
4755776
4756947
4760849
4761271
4761685
4762145
4762608
4762988
4763326
4763499
4763767
4764411
4767922
4768570
4768682
4769098
4769773
4770617
4770888
4770959
4771389
4771744
4772285
4772726
4772988
4773176
4773504
4773941
4774234
4774642
4778155
4778556
4778653
4778983
4779452
4779913
4780348
4780785
4781186
4781500
4781832
4782301
4784228
4784435
4784769
4785200
4785532
4785887
4786389
4786760
4786846
4787271
4787710
4788109
4788529
4789010
4792864
4793017
4793291
4793692
4794047
4794760
4794829
4795114
4795441
4795773
4796251
4796575
4797014
4797047
4797710
4802036
4802260
4802573
4803005
4803229
4803501
4803966
4804134
4804475
4804594
4804859
4805352
4805854
4806640
4812196
4812465
4812912
4813410
4813859
4814473
4814647
4814996
4815517
4816010
4816218
4816735
4817303
4817639
4818004
4820559
4820915
4820982
4821334
4821662
4822143
4822211
4822456
4822674
4823120
4823678
4823857
4824602
4825060
4825468
4825571
4825861
4828879
4829385
4829420
4829539
4829987
4830315
4830624
4830991
4831441
4831874
4832055
4832410
4832810
4833173
4833272
4833299
4833896
4834488
4837527
4837665
4837934
4838378
4838765
4839133
4839660
4840025
4840384
4840632
4841225
4841521
4841904
4842329
4842724
4846157
4846680
4846953
4847476
4847630
4848187
4848877
4849093
4849470
4849966
4850268
4850849
4851149
4854806
4855192
4855735
4855844
4855873
4856950
4857341
4857952
4858818
4858936
4859651
4860395
4861101
4861312
4861580
4862153
4867078
4867741
4867944
4868286
4868853
4869311
4869868
4870366
4870700
4871182
4871804
4872272
4872516
4872782
4874821
4875164
4875658
4876354
4876812
4877224
4877620
4877924
4878399
4878866
4879007
4879435
4883508
4884178
4884520
4884946
4885257
4885852
4885990
4886314
4886680
4887007
4887685
4888033
4888537
4891437
4891658
4891991
4892716
4892795
4893022
4893575
4894235
4894640
4895237
4895400
4895555
4895957
4896294
4896688
4897130
4897281
4897850
4901471
4901862
4901940
4902306
4902979
4903419
4903541
4903787
4904513
4904793
4905310
4905632
4906143
4906630
4908262
4908999
4909511
4910186
4910300
4910341
4910643
4911121
4911686
4911800
4912207
4912632
4913293
4913461
4913818
4914265
4918120
4918296
4918770
4919132
4919437
4919921
4920299
4920644
4921070
4921440
4921854
4922229
4925236
4925620
4925844
4926063
4926270
4926561
4926871
4927192
4927826
4928328
4928647
4929135
4929785
4930194
4933436
4933741
4934164
4934308
4934383
4934681
4935149
4935627
4935910
4936333
4936800
4937425
4938031
4938183
4938207
4938541
4942056
4942222
4942531
4942937
4943148
4943583
4944287
4944393
4944774
4944951
4945355
4945658
4946162
4946520
4946892
4949968
4950108
4950533
4951009
4951375
4951838
4952298
4952651
4952888
4953399
4953624
4954184
4954835
4955208
4955278
4955590
4956239
4956816
4960234
4960576
4961287
4962157
4962639
4963267
4963466
4963598
4963798
4964229
4964796
4965005
4965306
4965945
4966741
4969025
4969128
4969286
4969622
4969987
4970451
4970558
4971056
4971421
4971799
4972150
4972523
4972941
4973404
4975946
4976166
4976605
4977017
4977609
4978028
4978356
4978613
4979182
4980384
4981103
4981205
4981396
4982323
4982910
4985182
4985260
4985708
4986225
4986372
4986437
4986759
4987146
4987545
4987653
4988337
4989025
4989399
4989689
4989774
4990072
4990725
4993431
4993656
4994081
4994718
4994860
4995200
4995600
4995897
4996405
4996540
4996912
4997371
4997905
5001187
5001449
5001842
5002498
5002903
5003454
5004055
5004523
5004988
5005258
5005637
5005959
5006427
5009306
5009719
5010347
5010787
5011316
5011770
5012009
5012368
5012821
5012928
5013581
5014135
5014482
5014778
5017069
5017352
5017840
5018341
5018616
5019149
5019689
5020203
5020526
5020908
5021022
5021240
5021716
5022402
5025159
5025487
5025877
5026368
5026580
5027013
5027430
5027686
5027943
5028377
5028529
5028868
5029182
5029583
5029968
5031849
5031925
5032086
5032531
5032870
5033139
5033536
5033987
5034429
5034827
5035253
5035728
5036270
5036607
5039641
5039868
5040181
5040531
5040949
5041026
5041273
5041552
5041819
5042119
5042581
5043226
5043704
5044305
5046909
5047087
5047422
5047832
5048436
5048601
5048933
5049305
5049663
5050059
5050510
5050806
5051180
5051700
5054736
5055025
5055129
5055298
5055615
5055908
5056287
5056508
5056871
5057303
5057868
5057939
5058361
5058938
5059402
5062974
5063116
5063505
5063992
5064465
5064940
5065338
5065738
5065876
5066077
5066651
5066930
5067406
5067499
5067642
5068149
5072331
5072471
5072701
5072966
5073478
5073979
5074422
5074859
5075185
5075539
5075896
5076005
5076241
5076607
5077133
5077283
5077656
5079921
5080198
5080438
5080787
5081138
5081591
5082185
5082286
5082315
5082601
5083002
5083431
5083707
5084102
5084476
5084628
5085020
5088465
5088729
5089424
5089519
5089883
5090267
5090684
5091220
5091749
5092105
5092629
5093291
5093776
5097051
5097282
5097661
5098123
5098241
5098544
5099069
5099546
5099924
5100326
5101083
5101372
5102035
5102796
5107822
5108106
5108462
5108645
5109075
5109340
5109735
5109814
5109833
5110061
5110591
5110985
5111187
5111538
5112076
5112385
5112928
5113047
5113249
5116468
5116670
5117114
5117423
5117867
5117934
5118576
5118968
5119277
5119733
5119826
5120469
5120862
5121405
5125006
5125436
5125803
5126187
5126527
5127004
5127136
5127449
5127870
5128332
5128998
5129251
5129940
5130756
5133435
5133490
5134208
5134503
5134723
5135108
5135565
5135880
5136334
5136774
5137202
5137682
5140046
5140327
5140729
5141310
5141729
5142189
5142755
5143316
5143799
5144344
5144624
5145021
5145615
5148455
5148800
5149040
5149487
5149944
5150532
5151141
5151642
5151939
5152481
5152937
5153309
5154202
5157442
5157677
5158262
5158737
5159375
5159896
5160314
5160865
5161749
5161959
5162454
5162912
5166095
5166559
5167147
5167649
5168234
5168859
5169401
5169840
5170306
5170815
5171404
5171509
5172144
5174867
5174981
5175341
5175893
5176469
5177076
5177612
5177972
5178509
5179186
5179785
5180527
5183459
5184126
5184895
5185380
5186118
5186726
5186905
5187298
5187748
5188167
5188631
5188970
5189350
5191714
5191992
5192409
5193226
5193682
5194503
5194832
5195520
5196071
5196417
5196854
5197350
5200457
5200765
5201214
5201609
5202107
5202572
5203142
5203713
5204255
5205009
5205679
5206073
5206537
5208995
5209486
5209881
5210332
5210954
5211611
5211981
5212384
5212903
5213672
5214154
5214852
5217842
5218224
5218674
5219073
5219501
5219874
5220546
5221372
5221936
5222722
5223199
5223792
5224278
5227482
5227905
5228347
5228793
5229342
5229780
5230234
5230668
5231237
5231875
5232414
5232910
5236332
5236697
5237204
5237626
5238078
5238892
5239477
5240037
5240670
5241283
5242004
5242394
5245233
5245546
5245733
5246427
5246837
5247245
5247801
5248289
5248392
5248722
5249153
5249538
5250018
5250468
5254177
5254400
5254752
5255286
5255717
5256157
5256302
5256640
5257121
5257511
5257934
5258363
5258729
5259167
5261777
5262180
5262503
5262991
5263315
5263978
5264299
5264857
5264887
5264903
5265409
5266177
5266674
5267201
5267670
5270550
5270944
5271314
5271900
5272336
5272578
5272976
5273559
5273920
5273977
5274360
5274679
5275213
5275340
5275580
5278307
5278621
5278951
5279461
5279819
5280316
5280963
5281392
5281729
5282256
5282859
5283211
5286669
5286904
5287351
5288361
5288480
5288825
5289309
5289886
5290412
5291039
5291507
5292255
5292634
5293164
5296311
5296954
5297260
5298067
5298168
5298463
5298963
5299428
5299568
5300199
5300651
5301275
5301714
5304226
5304609
5305048
5305600
5306014
5306503
5307074
5307588
5308205
5309240
5309704
5310518
5311234
5314493
5314559
5315072
5315464
5316229
5316649
5317207
5317586
5318204
5318822
5319243
5319560
5320032
5322844
5323087
5323551
5324065
5324865
5325480
5325915
5326415
5327110
5327579
5327955
5328469
5331640
5332175
5332736
5333082
5333822
5334296
5334921
5335537
5335929
5336352
5337081
5337559
5338170
5341522
5341963
5342075
5342602
5343027
5343588
5343934
5344784
5344968
5345359
5345891
5346529
5346865
5349839
