0
0
0
0
0
0
0
0
0
0
0
0
0
0
0
0
0
0
0
0
0
0
0
0
0
0
0
0
0
0
0
0
0
0
0
0
0
0
0
0
0
0
0
0
0
0
0
0
0
0
0
0
0
0
0
0
0
0
0
0
0
0
0
0
0
0
0
0
0
0
0
0
0
0
0
0
0
0
0
0
0
0
0
0
0
0
0
0
0
0
0
0
0
0
0
0
0
0
0
0
0
0
0
0
0
0
0
0
0
0
0
0
0
0
0
0
0
0
0
0
0
0
0
0
0
0
0
0
0
0
0
0
0
0
0
0
0
0
0
0
0
0
0
0
0
0
0
0
0
0
0
0
0
0
0
0
0
0
0
0
0
0
0
0
0
0
0
0
0
0
0
0
0
0
0
0
0
0
0
0
0
0
0
0
0
0
0
0
0
0
0
0
0
0
0
0
0
0
0
0
0
0
0
0
0
0
0
0
0
0
0
0
0
0
0
0
0
0
0
0
0
0
0
0
0
0
0
0
0
0
0
0
0
0
0
0
0
0
0
0
0
0
0
0
0
0
0
0
0
0
0
0
0
0
0
0
0
0
0
0
0
0
0
0
0
0
0
0
0
0
0
0
0
0
0
0
0
0
0
0
0
0
0
0
0
0
0
0
0
0
0
0
0
0
0
0
0
0
0
0
0
0
0
0
0
0
0
0
0
0
0
0
0
0
0
0
0
0
0
0
0
0
0
0
0
0
0
0
0
0
0
0
0
0
0
0
0
0
0
0
0
0
0
0
0
0
0
0
0
0
0
0
0
0
0
0
0
0
0
0
0
0
0
0
0
0
0
0
0
0
0
0
0
0
0
0
0
0
0
0
0
0
0
0
0
0
0
0
0
0
0
0
0
0
0
0
0
0
0
0
0
0
0
0
0
0
0
0
0
0
0
0
0
0
0
0
0
0
0
0
0
0
0
0
0
0
0
0
0
0
0
0
0
0
0
0
0
0
0
0
0
0
0
0
0
0
0
0
0
0
0
0
0
0
0
0
0
0
0
0
0
0
0
0
0
0
0
0
0
0
0
0
0
0
0
0
0
0
0
0
0
0
0
0
0
0
0
0
0
0
-0.000134224
-0.000134224
-0.000886159
-0.00144744
-0.00144744
0.0019308
0.00141125
0.000959328
0.000417733
-4.84638e-05
0.00647379
0.00659804
0.00660926
0.00677148
0.0129664
0.0129664
0.0132114
0.0114246
-0.00270609
0.0151201
0.00948416
0.00545971
0.00402624
0.00446757
0.0224914
0.0705274
0.0664368
0.066665
0.0434462
0.05109
0.05109
0.0633304
0.0646963
0.0646963
0.0592494
0.0600707
0.0350319
0.0330202
0.057617
0.0583323
0.0589222
0.0597872
0.0600977
0.0661155
0.0670413
0.0671915
0.0677341
0.0747568
0.0755926
0.0758648
0.0761873
0.0765108
0.0847718
0.0852095
0.0853594
0.0856334
0.0934871
0.09434
0.0950638
0.095248
0.0954074
0.102744
0.103306
0.103306
0.102808
0.102821
0.112926
0.112926
0.112582
0.112382
0.121883
0.121774
0.121072
0.120781
0.120214
0.130122
0.130234
0.129119
0.128609
0.13901
0.138934
0.138518
0.138444
0.138547
0.147196
0.147225
0.147562
0.147779
0.147779
0.154558
0.154894
0.155178
0.155178
0.161514
0.161668
0.162407
0.163961
0.167092
0.167589
0.168472
0.169621
0.170006
0.173424
0.174068
0.174636
0.174917
0.179047
0.17992
0.180256
0.181332
0.181464
0.184337
0.185328
0.185328
0.185665
0.185904
0.190103
0.190475
0.190475
0.190923
0.190923
0.198739
0.198904
0.199097
0.199204
0.199407
0.203343
0.203466
0.203412
0.203192
0.208169
0.208169
0.207769
0.207618
0.207567
0.213045
0.213203
0.213051
0.212987
0.217694
0.217927
0.218687
0.218538
0.218482
0.22271
0.222655
0.222697
0.223034
0.22694
0.22694
0.227227
0.227532
0.228138
0.230801
0.231436
0.231729
0.231886
0.235437
0.235437
0.235989
0.236379
0.23687
0.238935
0.239533
0.240061
0.240244
0.243136
0.24355
0.243639
0.243719
0.244087
0.247387
0.247564
0.247793
0.248054
0.251203
0.251252
0.251891
0.251891
0.251853
0.255845
0.255731
0.255591
0.255278
0.254684
0.260122
0.259864
0.259179
0.258655
0.258366
0.264277
0.26397
0.26304
0.269504
0.269504
0.268617
0.268363
0.267722
0.273901
0.273761
0.273257
0.273257
0.272936
0.272936
0.277852
0.277852
0.278214
0.278214
0.278214
0.277972
0.285095
0.286796
0.286617
0.286216
0.285996
0.289294
0.289136
0.288373
0.287783
0.293836
0.293502
0.292825
0.292
0.291323
0.298637
0.297921
0.297233
0.296533
0.295824
0.303239
0.302543
0.301657
0.300974
0.308744
0.307991
0.307413
0.306818
0.313851
0.31401
0.313073
0.312407
0.311744
0.319496
0.320612
0.320114
0.320114
0.31945
0.324645
0.324357
0.323058
0.32219
0.330885
0.331811
0.33082
0.329832
0.328849
0.335703
0.333895
0.333895
0.331953
0.342288
0.341051
0.339701
0.339051
0.337115
0.348186
0.346976
0.345666
0.344367
0.354921
0.354299
0.353662
0.351305
0.349535
0.362064
0.360403
0.35957
0.357121
0.35486
0.35486
0.375431
0.374064
0.372047
0.370296
0.369682
0.383629
0.382719
0.382209
0.380759
0.379112
0.392239
0.389531
0.389159
0.388054
0.398821
0.397356
0.396749
0.395565
0.367078
0.393032
0.390037
0.385447
0.38163
0.405357
0.401135
0.395681
0.392158
0.407095
0.407095
0.407095
0.409839
0.406614
0.403882
0.427368
0.424481
0.421642
0.420033
0.418845
0.440487
0.43788
0.437378
0.436868
0.45445
0.457226
0.456895
0.457417
0.457757
0.468808
0.468809
0.469564
0.470601
0.484078
0.484826
0.48544
0.48659
0.498739
0.503488
0.504727
0.505215
0.506643
0.516463
0.517743
0.517743
0.518223
0.518658
0.518865
0.538565
0.540448
0.541778
0.542908
0.550051
0.550939
0.550896
0.55135
0.551444
0.558645
0.558316
0.552359
0.55236
0.559005
0.56136
0.564606
0.566953
0.569287
0.545024
0.547531
0.549644
0.552223
0.528866
0.532981
0.534306
0.535632
0.53826
0.516539
0.518681
0.522363
0.523542
0.502603
0.503732
0.506703
0.506703
0.509725
0.51057
0.489433
0.490479
0.491553
0.492609
0.478013
0.476892
0.477648
0.479041
0.480091
0.468795
0.469931
0.47121
0.458862
0.458722
0.45833
0.459524
0.460853
0.462318
0.450928
0.451967
0.455249
0.457141
0.441798
0.444249
0.44862
0.449819
0.452309
0.435017
0.436543
0.440699
0.443433
0.425931
0.425931
0.433576
0.433576
0.435588
0.438499
0.416821
0.420724
0.421809
0.42393
0.410295
0.411472
0.413375
0.415247
0.416153
0.405199
0.406689
0.40821
0.40973
0.410462
0.401332
0.402564
0.403987
0.404641
0.395193
0.397462
0.398458
0.399529
0.392508
0.392877
0.393733
0.394562
0.396426
0.388871
0.389485
0.389915
0.391115
0.391859
0.385826
0.386187
0.387329
0.388107
0.382136
0.382914
0.384191
0.384612
0.378948
0.379483
0.380591
0.381708
0.382802
0.375792
0.376951
0.378124
0.378714
0.380957
0.371947
0.372539
0.372539
0.375851
0.375851
0.370403
0.371702
0.372995
0.374175
0.365966
0.366881
0.367781
0.368204
0.369365
0.363347
0.363932
0.364084
0.36431
0.361252
0.361171
0.361402
0.361256
0.361205
0.359056
0.359049
0.358664
0.358579
0.35715
0.356931
0.356679
0.356679
0.355541
0.355433
0.355457
0.355623
0.35567
0.354107
0.354223
0.354667
0.355153
0.352232
0.352638
0.352764
0.353699
0.35432
0.350996
0.351446
0.352092
0.352787
0.353456
0.349598
0.350179
0.350772
0.35137
0.351642
0.348543
0.348982
0.349687
0.349687
0.349687
0.34633
0.346542
0.346767
0.346873
0.346975
0.345304
0.3453
0.3453
0.345143
0.344422
0.34414
0.343971
0.342857
0.34444
0.344265
0.343634
0.343265
0.342396
0.344266
0.343415
0.342976
0.341799
0.341319
0.344523
0.343187
0.342865
0.341871
0.341871
0.341516
0.343789
0.343789
0.343597
0.343095
0.343095
0.343998
0.343677
0.343272
0.344713
0.344411
0.343917
0.343683
0.342845
0.345397
0.344876
0.344281
0.343704
0.346508
0.346162
0.345436
0.344615
0.343954
0.348006
0.347607
0.346443
0.345595
0.350022
0.349626
0.348936
0.347967
0.347653
0.352099
0.351704
0.350338
0.350133
0.354347
0.353713
0.353306
0.352027
0.351157
0.356976
0.35624
0.354905
0.354541
0.359797
0.35929
0.358745
0.356988
0.35584
0.362977
0.362575
0.361526
0.359855
0.366502
0.365338
0.364624
0.363413
0.36201
0.370013
0.368589
0.367027
0.365449
0.374039
0.373127
0.37153
0.370106
0.368463
0.378159
0.376502
0.374722
0.372231
0.383183
0.381718
0.379456
0.377526
0.376416
0.388652
0.386543
0.38453
0.382003
0.39479
0.393777
0.390972
0.388934
0.387015
0.402071
0.399255
0.397421
0.395703
0.407946
0.407199
0.406267
0.40281
0.402011
0.415292
0.413338
0.411429
0.409577
0.423135
0.420894
0.418833
0.415296
0.413253
0.429516
0.426637
0.425675
0.425207
0.424184
0.421642
0.411558
0.406666
0.399724
0.434907
0.42887
0.42556
0.419218
0.448827
0.437069
0.434812
0.433791
0.431613
0.461196
0.457818
0.456886
0.456751
0.474464
0.475268
0.474959
0.476148
0.489324
0.489324
0.491921
0.494813
0.497691
0.505908
0.509457
0.511445
0.514236
0.517099
0.524803
0.527292
0.528454
0.532983
0.540647
0.543534
0.548055
0.552559
0.556082
0.555615
0.553876
0.553876
0.550971
0.550971
0.563481
0.562842
0.568237
0.568237
0.568013
0.566843
0.571917
0.57427
0.577082
0.579905
0.551967
0.556141
0.558926
0.561968
0.536812
0.538288
0.540841
0.543532
0.54627
0.522362
0.524232
0.526557
0.528594
0.507191
0.507729
0.50992
0.512227
0.512936
0.495288
0.495013
0.494687
0.495844
0.496095
0.496413
0.480941
0.480739
0.481021
0.481337
0.471651
0.471347
0.471272
0.471292
0.471344
0.462205
0.462482
0.463393
0.463832
0.453624
0.454199
0.46046
0.461258
0.443807
0.447293
0.447293
0.448283
0.45206
0.453118
0.43706
0.438695
0.442065
0.443216
0.428494
0.431247
0.432459
0.435935
0.421524
0.421788
0.425519
0.426652
0.42926
0.41556
0.418243
0.419507
0.424586
0.409649
0.410893
0.412017
0.417283
0.417283
0.404289
0.405305
0.408791
0.410023
0.410023
0.397657
0.398673
0.400643
0.402076
0.403483
0.394405
0.39605
0.396557
0.39745
0.390495
0.390696
0.390802
0.391712
0.392202
0.386999
0.387152
0.387367
0.387469
0.383843
0.383648
0.383618
0.383108
0.383079
0.380759
0.381105
0.381234
0.381284
0.38185
0.377053
0.377053
0.378107
0.379652
0.380051
0.380732
0.373667
0.374944
0.376191
0.376838
0.369527
0.370638
0.37179
0.372845
0.373972
0.366489
0.3688
0.369119
0.370039
0.364013
0.364483
0.365309
0.366106
0.36682
0.361512
0.362009
0.362334
0.363173
0.359425
0.359749
0.359759
0.360007
0.360126
0.357387
0.357289
0.357197
0.357157
0.355594
0.355261
0.355108
0.354901
0.354059
0.353909
0.353678
0.353029
0.352943
0.352691
0.35255
0.352663
0.35283
0.352974
0.351286
0.35145
0.351856
0.351856
0.34999
0.34999
0.350117
0.350117
0.350475
0.351091
0.348286
0.348812
0.349516
0.349767
0.34706
0.347355
0.347603
0.347731
0.348009
0.345971
0.346153
0.34619
0.346205
0.345237
0.345266
0.345065
0.344913
0.344742
0.344767
0.344767
0.344543
0.344298
0.34405
0.34466
0.34453
0.343938
0.342489
0.342033
0.345165
0.344987
0.34475
0.344245
0.34554
0.345293
0.344779
0.344283
0.343746
0.346167
0.345621
0.34509
0.344592
0.347177
0.346862
0.34631
0.345527
0.345261
0.348328
0.347699
0.347096
0.346519
0.349997
0.349558
0.348979
0.348453
0.347914
0.351444
0.351441
0.351441
0.350726
0.353457
0.352867
0.351753
0.350474
0.349979
0.355457
0.355054
0.354241
0.353463
0.352659
0.358473
0.358038
0.357122
0.356188
0.361155
0.360192
0.357694
0.355934
0.35363
0.363937
0.362449
0.361063
0.359731
0.367717
0.367623
0.365356
0.363776
0.362414
0.371586
0.370888
0.368769
0.367532
0.375701
0.375627
0.373475
0.371233
0.370498
0.38018
0.379311
0.376653
0.37483
0.386011
0.384276
0.38227
0.381401
0.378605
0.390566
0.388748
0.38687
0.384912
0.397175
0.395235
0.393263
0.391199
0.389142
0.402469
0.400508
0.398398
0.397347
0.410162
0.407026
0.405959
0.403859
0.401702
0.4163
0.414437
0.41224
0.410082
0.425328
0.423211
0.418238
0.415928
0.430596
0.430644
0.428713
0.42753
0.423982
0.441211
0.442112
0.419408
0.413627
0.402254
0.438974
0.42871
0.423097
0.416558
0.452537
0.452452
0.444956
0.440327
0.438802
0.466796
0.470633
0.469146
0.46845
0.481289
0.480986
0.481619
0.483581
0.485917
0.498469
0.500108
0.502548
0.505717
0.512981
0.514819
0.518905
0.521839
0.523378
0.531057
0.534594
0.535622
0.537722
0.545077
0.550586
0.552597
0.55414
0.55401
0.557318
0.557073
0.555387
0.553827
0.56723
0.572257
0.572306
0.573334
0.575606
0.555736
0.556813
0.56042
0.562101
0.562954
0.54046
0.542214
0.543941
0.546377
0.524879
0.52622
0.527575
0.528885
0.530108
0.511889
0.512185
0.512862
0.514463
0.498916
0.499679
0.500214
0.500462
0.48789
0.487337
0.487229
0.487217
0.487278
0.477443
0.477636
0.477636
0.477701
0.477929
0.468309
0.469236
0.469236
0.470381
0.459262
0.457059
0.459126
0.460003
0.450895
0.452448
0.455211
0.455211
0.462451
0.443509
0.443509
0.443509
0.448066
0.450905
0.453986
0.430177
0.43388
0.435413
0.439812
0.442692
0.424688
0.427541
0.431651
0.433
0.416639
0.418954
0.421181
0.423491
0.425524
0.412367
0.414141
0.415018
0.417457
0.407382
0.408081
0.409251
0.411556
0.411556
0.403108
0.403677
0.405057
0.4055
0.39886
0.398842
0.399898
0.400461
0.401085
0.394953
0.395422
0.395683
0.396186
0.391141
0.391489
0.392466
0.393153
0.39387
0.387978
0.38916
0.389621
0.390458
0.384572
0.385047
0.385565
0.387393
0.388068
0.380606
0.38201
0.38201
0.3859
0.376881
0.378894
0.380203
0.382365
0.374066
0.374224
0.37559
0.377065
0.37846
0.370638
0.371295
0.371844
0.373436
0.374251
0.36715
0.367288
0.368072
0.368561
0.36477
0.364936
0.36502
0.365831
0.365546
0.362525
0.362328
0.362064
0.36174
0.36072
0.360301
0.359807
0.359807
0.359701
0.359409
0.358135
0.358335
0.358813
0.359334
0.356801
0.357165
0.357868
0.358857
0.359422
0.355718
0.356092
0.356944
0.358395
0.352838
0.353769
0.354129
0.355262
0.356017
0.351528
0.35213
0.352698
0.349604
0.349604
0.349604
0.350272
0.350339
0.351005
0.349935
0.349935
0.348351
0.348638
0.348638
0.345856
0.345624
0.34559
0.345498
0.345056
0.343948
0.343504
0.342583
0.342209
0.341792
0.341844
0.341392
0.340311
0.338528
0.342101
0.340929
0.340929
0.339228
0.342639
0.342639
0.34051
0.338953
0.338487
0.337586
0.343144
0.343144
0.342372
0.341761
0.344419
0.344295
0.344
0.343733
0.343583
0.345396
0.345465
0.345465
0.345708
0.346362
0.346574
0.347043
0.347519
0.347661
0.347675
0.34775
0.348391
0.348626
0.348626
0.3491
0.349548
0.349558
0.349692
0.349264
0.351741
0.350837
0.350837
0.350721
0.350384
0.353663
0.35304
0.352201
0.351325
0.350398
0.355702
0.354842
0.353753
0.352094
0.358939
0.357665
0.356199
0.354307
0.352414
0.361571
0.359511
0.357528
0.355571
0.366249
0.364514
0.362759
0.359452
0.359452
0.359452
0.369416
0.369416
0.3668
0.36568
0.364314
0.375077
0.374354
0.37261
0.370856
0.371263
0.378521
0.377707
0.375821
0.37388
0.385133
0.3832
0.381135
0.379113
0.376262
0.38905
0.388117
0.386397
0.384685
0.395271
0.395271
0.393568
0.390656
0.4022
0.402174
0.400228
0.397422
0.396544
0.409231
0.408409
0.406551
0.404687
0.416736
0.416773
0.412942
0.410382
0.407909
0.423549
0.421828
0.419611
0.417545
0.415686
0.431959
0.430091
0.427286
0.426378
0.441103
0.440376
0.438406
0.436532
0.452548
0.452548
0.43775
0.434078
0.421977
0.427634
0.449441
0.447921
0.445165
0.441712
0.468095
0.464996
0.460852
0.457775
0.455347
0.482262
0.479597
0.477634
0.476879
0.497835
0.497705
0.495233
0.494825
0.498041
0.514884
0.513395
0.513807
0.514502
0.531014
0.532961
0.533673
0.534664
0.536411
0.552846
0.554891
0.556237
0.55896
0.560309
0.562185
0.560623
0.559045
0.561482
0.570749
0.570599
0.579242
0.576877
0.577809
0.570214
0.573364
0.574421
0.576453
0.552977
0.553988
0.556614
0.556614
0.557135
0.539441
0.539441
0.539206
0.539644
0.54037
0.523106
0.523172
0.524013
0.524768
0.510413
0.510332
0.511146
0.511832
0.497271
0.497271
0.498495
0.499503
0.500434
0.485867
0.486207
0.48753
0.488669
0.489981
0.474762
0.476974
0.478679
0.481371
0.463244
0.468576
0.470292
0.471855
0.473655
0.451744
0.454419
0.457683
0.460385
0.46324
0.444069
0.449148
0.45218
0.453728
0.435427
0.437296
0.440094
0.443443
0.4447
0.428738
0.431184
0.433229
0.435419
0.422555
0.423631
0.425753
0.427825
0.429942
0.4179
0.418896
0.421109
0.422121
0.411266
0.412238
0.414966
0.415836
0.406005
0.406148
0.407391
0.408868
0.410292
0.401054
0.402358
0.403351
0.404508
0.405635
0.397582
0.398458
0.399758
0.400238
0.393709
0.394049
0.394946
0.396363
0.396842
0.390564
0.391041
0.392227
0.393271
0.386507
0.387082
0.388874
0.388874
0.383017
0.38381
0.386376
0.388067
0.389502
0.379234
0.380159
0.381958
0.38253
0.383565
0.37687
0.377344
0.378422
0.379699
0.372424
0.373939
0.374987
0.376057
0.377533
0.370598
0.37124
0.371758
0.372364
0.367948
0.368038
0.36837
0.369308
0.370392
0.370392
0.365679
0.365823
0.365631
0.36597
0.362844
0.362944
0.363134
0.363233
0.363223
0.360833
0.360839
0.361061
0.361037
0.358835
0.358961
0.358966
0.358979
0.357223
0.357244
0.357503
0.357813
0.35807
0.355844
0.355796
0.356277
0.356717
0.35377
0.35377
0.354556
0.354466
0.354648
0.355094
0.352256
0.352458
0.352831
0.35323
0.350265
0.350354
0.350389
0.350381
0.349226
0.349086
0.349598
0.348802
0.348603
0.348477
0.347975
0.347845
0.347475
0.347339
0.347592
0.347236
0.34683
0.346672
0.347036
0.346848
0.346694
0.342712
0.342712
0.342712
0.34186
0.347168
0.346961
0.347036
0.347111
0.347211
0.34735
0.347502
0.347587
0.347796
0.347436
0.347436
0.347416
0.34708
0.34708
0.347735
0.347685
0.347359
0.346391
0.349012
0.348903
0.348668
0.348297
0.348297
0.350137
0.349608
0.349219
0.348612
0.348612
0.352031
0.354973
0.35469
0.354432
0.354362
0.352753
0.351969
0.351695
0.350519
0.354966
0.354248
0.352559
0.351947
0.350697
0.356533
0.355912
0.354925
0.353694
0.352397
0.358135
0.357786
0.356454
0.354798
0.362225
0.360296
0.358453
0.35661
0.354784
0.364761
0.363174
0.361016
0.360309
0.359541
0.369901
0.368662
0.367196
0.365847
0.365429
0.374932
0.373577
0.372315
0.371132
0.369972
0.378399
0.378083
0.377449
0.376231
0.382695
0.382078
0.380602
0.379078
0.37753
0.387521
0.38584
0.38413
0.382483
0.393548
0.391877
0.390161
0.387448
0.384758
0.398819
0.397582
0.396215
0.393078
0.40541
0.404043
0.401341
0.398508
0.413024
0.412783
0.410109
0.407454
0.404771
0.420982
0.41973
0.41736
0.415183
0.413046
0.429481
0.427474
0.424716
0.423851
0.438361
0.437564
0.434218
0.430499
0.427758
0.445425
0.444587
0.442313
0.441584
0.448304
0.437034
0.434756
0.422564
0.415637
0.411026
0.468658
0.4667
0.464045
0.460632
0.484186
0.481239
0.480419
0.480981
0.497189
0.498377
0.498247
0.499286
0.500901
0.51341
0.516259
0.518112
0.519363
0.521955
0.533285
0.534125
0.537458
0.54512
0.54512
0.54512
0.550785
0.559977
0.562796
0.568361
0.569453
0.567812
0.568071
0.568071
0.565424
0.564421
0.57939
0.582837
0.582757
0.583724
0.586559
0.571017
0.575517
0.577882
0.579074
0.553396
0.554584
0.556833
0.559979
0.53742
0.53742
0.539037
0.540935
0.542647
0.522733
0.524258
0.524258
0.524258
0.526086
0.509471
0.509456
0.50984
0.510293
0.496349
0.493827
0.493047
0.493047
0.49215
0.485179
0.48471
0.483977
0.483108
0.475743
0.475497
0.475324
0.475317
0.46649
0.466696
0.468938
0.468938
0.471097
0.457149
0.463172
0.463172
0.463172
0.46579
0.448587
0.451863
0.458291
0.458291
0.439988
0.441824
0.445059
0.449682
0.451259
0.431911
0.435328
0.438384
0.441467
0.423136
0.427681
0.430594
0.432019
0.417943
0.418242
0.420585
0.423956
0.425026
0.411659
0.414409
0.41529
0.416923
0.407411
0.409811
0.409811
0.410877
0.410877
0.412189
0.40245
0.40245
0.40245
0.399239
0.398111
0.399161
0.399654
0.397315
0.39799
0.399099
0.399429
0.392573
0.393174
0.393823
0.394493
0.395093
0.38847
0.388954
0.389523
0.390061
0.384521
0.384796
0.385939
0.385939
0.387182
0.380895
0.381817
0.383752
0.384345
0.376648
0.3774
0.379281
0.379927
0.381177
0.374721
0.374721
0.37581
0.377065
0.370905
0.371539
0.37231
0.373497
0.37471
0.367584
0.368764
0.36991
0.37103
0.364916
0.365424
0.366402
0.367168
0.36795
0.363004
0.363422
0.362697
0.363449
0.3638
0.359997
0.356857
0.358226
0.358226
0.358226
0.358226
0.356974
0.356974
0.356501
0.356256
0.357461
0.358657
0.359176
0.353798
0.35409
0.354262
0.354071
0.350256
0.349813
0.34876
0.348187
0.348725
0.347888
0.346975
0.346303
0.345414
0.347235
0.346526
0.345997
0.3455
0.346165
0.345618
0.345356
0.344786
0.344873
0.343688
0.344981
0.344778
0.344838
0.345005
0.344015
0.344375
0.344631
0.345195
0.3433
0.343449
0.342678
0.343491
0.344327
0.342523
0.343504
0.344394
0.346842
0.347362
0.342651
0.343698
0.34471
0.342184
0.341968
0.342915
0.344292
0.34472
0.342086
0.342086
0.343444
0.343971
0.344436
0.34298
0.343113
0.343036
0.342936
0.342572
0.344133
0.343836
0.343218
0.342636
0.345393
0.344864
0.342825
0.341972
0.341056
0.34674
0.345663
0.344952
0.344595
0.348266
0.347939
0.346911
0.346123
0.34621
0.349851
0.349502
0.347993
0.347635
0.351289
0.351289
0.350579
0.350036
0.349005
0.353723
0.352583
0.351866
0.350965
0.356137
0.355516
0.355011
0.354479
0.358888
0.358582
0.357767
0.35679
0.355814
0.362185
0.361314
0.360284
0.359459
0.358216
0.365172
0.364127
0.362956
0.361797
0.361241
0.361241
0.366959
0.365859
0.364406
0.372754
0.371259
0.369521
0.367773
0.377952
0.377084
0.373621
0.372806
0.370916
0.381765
0.379737
0.377449
0.375154
0.387259
0.385903
0.383615
0.379986
0.377695
0.391544
0.390436
0.388094
0.38535
0.398843
0.39742
0.39742
0.391975
0.389294
0.405965
0.403663
0.401259
0.398912
0.413624
0.41127
0.4102
0.407122
0.406418
0.420602
0.418798
0.417993
0.416846
0.428325
0.426095
0.42424
0.423359
0.437445
0.437445
0.435226
0.43224
0.430192
0.429201
0.447104
0.429259
0.426554
0.414337
0.443479
0.440801
0.437637
0.43565
0.459613
0.457522
0.451708
0.449277
0.448146
0.474375
0.469877
0.46923
0.467356
0.490036
0.488677
0.487332
0.486869
0.486878
0.505979
0.505979
0.505923
0.506538
0.522204
0.522787
0.52154
0.523133
0.538545
0.5398
0.539917
0.540316
0.54392
0.547746
0.556843
0.557847
0.556403
0.555163
0.564077
0.563785
0.562986
0.565631
0.574867
0.57962
0.579812
0.582892
0.583948
0.561446
0.563041
0.56583
0.567647
0.567647
0.547269
0.549297
0.551418
0.552122
0.531516
0.534655
0.534655
0.534655
0.536595
0.537815
0.515904
0.517102
0.518084
0.503017
0.502603
0.503783
0.504247
0.505251
0.49084
0.491871
0.492309
0.493286
0.480444
0.481138
0.481138
0.483271
0.485213
0.47012
0.47222
0.472993
0.474836
0.476863
0.461536
0.465462
0.465462
0.46804
0.468795
0.451452
0.45336
0.460392
0.462073
0.465123
0.440222
0.442022
0.446071
0.452006
0.454024
0.431413
0.435164
0.438381
0.441542
0.423265
0.425078
0.429018
0.431545
0.432735
0.416774
0.418561
0.420339
0.422265
0.41139
0.412076
0.414872
0.415926
0.417344
0.40711
0.40711
0.408136
0.40237
0.40237
0.402681
0.402986
0.40361
0.404529
0.398055
0.398632
0.399213
0.400152
0.394126
0.394537
0.395884
0.396382
0.397436
0.390258
0.391825
0.393344
0.394819
0.38605
0.387179
0.388993
0.390729
0.393108
0.382535
0.387146
0.387146
0.38925
0.377946
0.379909
0.381702
0.383426
0.385127
0.375709
0.377332
0.378839
0.380398
0.372864
0.373585
0.374924
0.376315
0.37759
0.370162
0.371391
0.372618
0.3735
0.3675
0.368026
0.368701
0.369392
0.365389
0.365389
0.365624
0.365624
0.367022
0.366791
0.36312
0.362311
0.362311
0.362114
0.362236
0.36077
0.360219
0.360214
0.359893
0.359649
0.35917
0.358901
0.358689
0.358441
0.357624
0.358864
0.358959
0.358922
0.356015
0.355771
0.355744
0.355716
0.355725
0.354178
0.354408
0.354525
0.354864
0.352598
0.352572
0.353797
0.353952
0.350597
0.350597
0.350597
0.350597
0.350145
0.34969
0.349528
0.349855
0.349755
0.349933
0.35048
0.350603
0.347561
0.347528
0.347479
0.347175
0.346365
0.345944
0.345719
0.344714
0.344714
0.346119
0.344811
0.344811
0.343639
0.342552
0.345523
0.344431
0.342849
0.342849
0.346268
0.346012
0.344939
0.344587
0.343518
0.346283
0.346283
0.34502
0.344581
0.344466
0.346674
0.346682
0.346748
0.346899
0.347158
0.347158
0.347014
0.34694
0.346964
0.34843
0.34843
0.348334
0.348537
0.34948
0.349433
0.349483
0.349483
0.349422
0.35051
0.350331
0.350111
0.349718
0.351919
0.35176
0.35131
0.350566
0.353476
0.353585
0.353511
0.352104
0.351503
0.356184
0.355421
0.354357
0.353163
0.351924
0.358617
0.357401
0.355425
0.354766
0.361584
0.360637
0.359075
0.357497
0.355897
0.364897
0.364193
0.362384
0.360962
0.359827
0.369037
0.367316
0.366086
0.364857
0.364186
0.371674
0.370283
0.368858
0.367468
0.37553
0.374727
0.373408
0.372118
0.379525
0.379448
0.379997
0.3781
0.376074
0.384233
0.382758
0.379745
0.378659
0.377722
0.389979
0.388032
0.387066
0.38525
0.395695
0.395695
0.393803
0.391102
0.390232
0.401952
0.401092
0.399352
0.397673
0.396035
0.408502
0.40688
0.404276
0.403434
0.415533
0.414658
0.412721
0.410765
0.408805
0.423551
0.422506
0.420394
0.417233
0.430769
0.428602
0.428602
0.426527
0.422747
0.438771
0.437564
0.435134
0.429818
0.436456
0.435396
0.429552
0.418644
0.452698
0.449946
0.444879
0.442657
0.43326
0.463828
0.462035
0.458057
0.455233
0.45359
0.478779
0.476014
0.475576
0.477531
0.512197
0.512197
0.515757
0.517313
0.528226
0.529196
0.538249
0.538249
0.539937
0.547561
0.553808
0.556885
0.562743
0.566294
0.55896
0.558677
0.556486
0.554989
0.568613
0.568229
0.574606
0.575694
0.579211
0.559105
0.562216
0.565006
0.567808
0.542887
0.544029
0.546042
0.547557
0.528188
0.527705
0.529021
0.529503
0.530386
0.514722
0.514899
0.515198
0.51556
0.515849
0.501659
0.501552
0.501428
0.501349
0.490065
0.490051
0.489538
0.489281
0.489124
0.479926
0.480344
0.481004
0.4822
0.469617
0.470754
0.472133
0.474123
0.474896
0.460784
0.463048
0.464124
0.468326
0.468326
0.452991
0.456194
0.45904
0.451081
0.442766
0.447813
0.450862
0.454005
0.434547
0.436186
0.440404
0.441705
0.444298
0.428458
0.42973
0.433406
0.435765
0.435765
0.42281
0.424918
0.425962
0.428047
0.415812
0.416675
0.419263
0.420928
0.411043
0.411043
0.411043
0.413708
0.404794
0.404289
0.405709
0.406676
0.407582
0.400591
0.400999
0.402043
0.402415
0.396742
0.397034
0.397343
0.398341
0.400067
0.400475
0.393291
0.3946
0.395103
0.395961
0.389205
0.391131
0.391845
0.393754
0.394424
0.386293
0.388412
0.391327
0.381723
0.381889
0.38364
0.385836
0.385836
0.377996
0.37938
0.37938
0.381232
0.374924
0.375037
0.376073
0.377657
0.377657
0.372024
0.372024
0.374176
0.374392
0.375081
0.369388
0.369956
0.370906
0.371311
0.366648
0.367281
0.367281
0.368867
0.369046
0.364369
0.36473
0.364795
0.364795
0.365545
0.365598
0.361587
0.361647
0.362308
0.362507
0.359346
0.359545
0.360155
0.360617
0.360966
0.357234
0.357904
0.358503
0.358503
0.355096
0.355165
0.355512
0.356049
0.356293
0.353514
0.353683
0.354217
0.354217
0.3516
0.351676
0.352091
0.35251
0.352347
0.350268
0.350268
0.35055
0.350963
0.348721
0.348853
0.349175
0.349437
0.34967
0.347803
0.347995
0.348103
0.348353
0.346979
0.347063
0.347139
0.347139
0.346321
0.346315
0.346316
0.34626
0.34626
0.345979
0.345979
0.345759
0.345087
0.344998
0.345702
0.345702
0.343195
0.342884
0.342258
0.345797
0.345789
0.345746
0.345655
0.346086
0.346045
0.345709
0.345592
0.346489
0.346294
0.346106
0.345699
0.344985
0.347228
0.347228
0.346442
0.345674
0.345438
0.347926
0.347697
0.347203
0.346161
0.349434
0.348366
0.347693
0.346878
0.346465
0.350467
0.350068
0.349285
0.352996
0.352996
0.352469
0.351693
0.350807
0.34961
0.354567
0.354567
0.353166
0.352292
0.357712
0.357131
0.355814
0.354974
0.354561
0.359298
0.359298
0.357002
0.357002
0.355431
0.363301
0.362678
0.361181
0.359878
0.366472
0.364987
0.364244
0.362667
0.361061
0.369931
0.368374
0.366635
0.3649
0.374046
0.373014
0.369003
0.36723
0.365495
0.377402
0.375968
0.375175
0.373653
0.382669
0.381373
0.380977
0.377509
0.377509
0.377058
0.389184
0.3875
0.385628
0.382625
0.381655
0.392467
0.39135
0.388817
0.386294
0.400542
0.398599
0.396302
0.394005
0.391815
0.405996
0.403774
0.401645
0.399569
0.414032
0.411869
0.409767
0.407726
0.405827
0.420911
0.418981
0.417025
0.417025
0.412771
0.431925
0.426609
0.426609
0.421824
0.421824
0.441276
0.440616
0.438371
0.436427
0.422299
0.438017
0.436376
0.433745
0.429347
0.452429
0.450898
0.446994
0.443329
0.440213
0.465712
0.462943
0.461213
0.459345
0.479978
0.480253
0.478803
0.477843
0.477663
0.495321
0.494114
0.492881
0.493353
0.493816
0.515403
0.514773
0.515285
0.51562
0.530508
0.53263
0.532256
0.532621
0.533826
0.551058
0.552838
0.555416
0.556457
0.558896
0.558281
0.556903
0.556347
0.556265
0.567712
0.573091
0.573807
0.574616
0.560618
0.56134
0.563123
0.564105
0.565824
0.568505
0.540012
0.541123
0.541825
0.544277
0.545064
0.525451
0.526067
0.527136
0.528278
0.511662
0.512523
0.513298
0.514258
0.515278
0.499384
0.500626
0.500797
0.502306
0.487229
0.488283
0.489208
0.489902
0.491034
0.478186
0.482514
0.483192
0.485574
0.465579
0.467926
0.469005
0.470859
0.472858
0.456071
0.459124
0.461253
0.463729
0.466359
0.448838
0.452503
0.454886
0.457953
0.439305
0.442639
0.446641
0.449953
0.453356
0.434388
0.436194
0.439072
0.441912
0.424476
0.427395
0.430189
0.434282
0.435624
0.421025
0.423257
0.424408
0.42705
0.413345
0.413581
0.415215
0.41709
0.418886
0.408819
0.410029
0.410716
0.412121
0.40383
0.404546
0.405339
0.406412
0.407448
0.400178
0.401233
0.401891
0.402713
0.403666
0.397811
0.397811
0.398587
0.399654
0.401144
0.392246
0.394402
0.395421
0.396648
0.397871
0.398418
0.387451
0.389167
0.389167
0.390832
0.383986
0.384127
0.385989
0.38703
0.38829
0.380964
0.382189
0.38341
0.38463
0.377336
0.379112
0.379704
0.380872
0.382064
0.375043
0.376219
0.377409
0.378555
0.372203
0.372203
0.373366
0.373998
0.375513
0.369635
0.370062
0.37081
0.37174
0.372438
0.367145
0.367335
0.368088
0.368278
0.365209
0.365213
0.365101
0.365315
0.365323
0.363288
0.363214
0.362997
0.363011
0.361728
0.361149
0.361057
0.360994
0.35997
0.359996
0.359755
0.35961
0.35961
0.360863
0.360863
0.360282
0.355041
0.354998
0.355209
0.355177
0.355083
0.351918
0.3516
0.351238
0.350787
0.350158
0.349455
0.349101
0.34799
0.347087
0.348511
0.347571
0.346698
0.345801
0.348113
0.347383
0.346559
0.345803
0.345397
0.34404
0.34404
0.346445
0.346247
0.346862
0.346862
0.346816
0.346279
0.346278
0.34631
0.34649
0.345683
0.345715
0.345707
0.345676
0.345657
0.345505
0.345436
0.345314
0.346576
0.345966
0.345903
0.345849
0.345773
0.346616
0.346515
0.3464
0.346253
0.347565
0.347746
0.347378
0.347094
0.34681
0.346668
0.348734
0.34861
0.348013
0.348013
0.350203
0.349706
0.349122
0.348821
0.351774
0.351702
0.350738
0.350068
0.349711
0.353521
0.352778
0.351771
0.351771
0.351065
0.354834
0.35386
0.353347
0.351837
0.351837
0.357721
0.356985
0.356131
0.355657
0.359993
0.359993
0.359124
0.358291
0.355563
0.362469
0.362469
0.361452
0.359643
0.358982
0.365268
0.364385
0.363285
0.362767
0.368938
0.368311
0.366255
0.365106
0.372663
0.372032
0.371577
0.369632
0.368984
0.376554
0.375443
0.374081
0.372872
0.369317
0.369317
0.381662
0.380764
0.379115
0.377438
0.387552
0.386733
0.38367
0.38367
0.381442
0.392214
0.391453
0.389119
0.388134
0.399169
0.396884
0.395776
0.3925
0.391416
0.4057
0.40263
0.400602
0.397652
0.397652
0.410066
0.409065
0.409065
0.404767
0.420449
0.420449
0.417527
0.416572
0.412314
0.428063
0.426425
0.424056
0.424056
0.43755
0.434942
0.433138
0.432295
0.430588
0.445443
0.444472
0.439917
0.439917
0.457471
0.432416
0.430429
0.430429
0.461833
0.455243
0.452859
0.449354
0.447774
0.475824
0.472824
0.470078
0.46816
0.467078
0.489541
0.487595
0.48779
0.487087
0.504532
0.505986
0.505801
0.507038
0.508504
0.522569
0.52455
0.52674
0.529081
0.538048
0.540015
0.541425
0.54502
0.55329
0.55398
0.556268
0.553517
0.553517
0.552157
0.551092
0.564274
0.564048
0.571596
0.571932
0.565304
0.568016
0.57046
0.57272
0.574731
0.549791
0.552418
0.554153
0.555804
0.535215
0.536532
0.537104
0.538078
0.539066
0.522395
0.523011
0.523766
0.524492
0.524492
0.506589
0.506973
0.507736
0.508401
0.494618
0.495045
0.495761
0.496474
0.497287
0.483433
0.484559
0.485679
0.486186
0.473089
0.473738
0.47539
0.476942
0.479613
0.462695
0.464914
0.466549
0.469684
0.472024
0.45446
0.457555
0.460129
0.462891
0.444182
0.447471
0.451883
0.453408
0.43553
0.437384
0.438853
0.444278
0.444962
0.447234
0.426887
0.431058
0.433558
0.435661
0.419994
0.421119
0.421941
0.42453
0.425307
0.414646
0.415363
0.417192
0.417828
0.409847
0.409899
0.41219
0.412707
0.41324
0.405546
0.404436
0.404873
0.405892
0.401446
0.4015
0.402661
0.404024
0.406596
0.397175
0.398686
0.399663
0.401163
0.402601
0.392765
0.395908
0.395908
0.398446
0.399292
0.390303
0.391056
0.392538
0.394784
0.384859
0.387098
0.388374
0.389611
0.39021
0.382683
0.383249
0.384986
0.385381
0.378222
0.379228
0.380189
0.381129
0.375287
0.376878
0.377239
0.377239
0.377942
0.378021
0.372566
0.372566
0.374492
0.374492
0.376235
0.376235
0.368914
0.369824
0.370017
0.370315
0.365471
0.365463
0.365463
0.365228
0.362993
0.362917
0.362827
0.362729
0.362575
0.360854
0.360729
0.360803
0.360839
0.358932
0.358771
0.358968
0.359334
0.359453
0.357098
0.357509
0.357561
0.357964
0.358474
0.354892
0.355441
0.356022
0.3569
0.352474
0.353012
0.353778
0.354262
0.354957
0.350628
0.351576
0.352162
0.352751
0.349225
0.349284
0.350274
0.350427
0.350799
0.347941
0.34826
0.348521
0.348857
0.34681
0.346886
0.347003
0.347084
0.34711
0.34597
0.346028
0.346019
0.346014
0.34543
0.345363
0.345289
0.345201
0.345061
0.34509
0.344998
0.344888
0.344773
0.344986
0.344819
0.345137
0.344911
0.344755
0.345059
0.344696
0.344379
0.344511
0.345643
0.345604
0.34495
0.34479
0.346468
0.346468
0.346329
0.345863
0.346226
0.346195
0.347225
0.346693
0.346321
0.34588
0.34844
0.348163
0.347428
0.347188
0.346696
0.349694
0.349141
0.348555
0.347988
0.35113
0.350775
0.350117
0.349437
0.348712
0.352711
0.351639
0.351234
0.350441
0.349573
0.354059
0.353597
0.351529
0.351529
0.349822
0.357643
0.357134
0.355678
0.354753
0.354172
0.359741
0.357947
0.357222
0.355543
0.36291
0.362037
0.358946
0.35815
0.357565
0.365466
0.364047
0.362568
0.361389
0.369449
0.368679
0.36634
0.364739
0.363967
0.37316
0.372634
0.36891
0.368096
0.366715
0.378271
0.377413
0.374957
0.374125
0.372522
0.383332
0.381708
0.379037
0.377215
0.375818
0.386737
0.384964
0.383069
0.381238
0.392089
0.391208
0.389374
0.387137
0.384718
0.399015
0.395464
0.393048
0.393048
0.405823
0.403621
0.403621
0.400378
0.400378
0.398268
0.414761
0.413704
0.411786
0.409811
0.423887
0.422912
0.420812
0.418897
0.41717
0.433079
0.431516
0.429484
0.42779
0.426287
0.441939
0.439919
0.436784
0.434903
0.45214
0.450451
0.439141
0.422581
0.41938
0.450707
0.44505
0.44505
0.443395
0.439102
0.46807
0.465207
0.462371
0.460151
0.481377
0.48189
0.478836
0.47804
0.47837
0.49633
0.49633
0.495232
0.494952
0.512311
0.513279
0.512557
0.512362
0.512558
0.530403
0.529909
0.529295
0.530561
0.548096
0.54973
0.553778
0.553778
0.555957
0.56022
0.56022
0.555683
0.555114
0.555051
0.57274
0.572534
0.57131
0.578265
0.574891
0.573873
0.578152
0.5795
0.582561
0.55914
0.55914
0.561818
0.563658
0.565454
0.544536
0.545346
0.545648
0.547747
0.52961
0.530304
0.531621
0.532178
0.516447
0.516003
0.516003
0.516219
0.516762
0.51728
0.501524
0.501524
0.503298
0.503999
0.489813
0.490153
0.491436
0.492684
0.494825
0.47819
0.480111
0.48187
0.484542
0.467369
0.471058
0.471058
0.473337
0.476829
0.457288
0.460256
0.462685
0.465402
0.448091
0.449875
0.453934
0.455424
0.441468
0.441468
0.443148
0.448061
0.451436
0.43025
0.434614
0.435999
0.438656
0.441325
0.426203
0.427478
0.431258
0.432541
0.418272
0.419673
0.422287
0.424347
0.426433
0.41316
0.414853
0.416615
0.418285
0.408223
0.409206
0.411095
0.41182
0.413242
0.404736
0.406635
0.40726
0.40726
0.399042
0.399693
0.401234
0.402301
0.403365
0.39675
0.39675
0.39768
0.398928
0.391965
0.392694
0.393876
0.395004
0.395368
0.388389
0.389583
0.390815
0.391431
0.384869
0.385352
0.386633
0.387637
0.388993
0.381483
0.383542
0.384206
0.384696
0.377395
0.379213
0.379876
0.381582
0.382141
0.374868
0.375849
0.376978
0.378043
0.371823
0.372142
0.373056
0.373898
0.375034
0.369261
0.370188
0.371197
0.371511
0.366684
0.368035
0.368239
0.368607
0.368772
0.364235
0.365145
0.36563
0.365698
0.361918
0.362177
0.362177
0.362025
0.362161
0.360225
0.361183
0.361183
0.361183
0.361183
0.35959
0.358892
0.357001
0.356915
0.357012
0.357038
0.354259
0.354013
0.353898
0.353776
0.353398
0.352149
0.351805
0.351267
0.351099
0.350506
0.350102
0.349886
0.349482
0.348908
0.349257
0.348827
0.348295
0.347489
0.347489
0.347851
0.347377
0.34699
0.346725
0.347328
0.347286
0.347412
0.347412
0.34648
0.346413
0.346552
0.346645
0.346772
0.345861
0.345986
0.346239
0.346395
0.346395
0.344941
0.344975
0.344996
0.344983
0.345363
0.345182
0.344862
0.344749
0.344603
0.345563
0.345563
0.345032
0.344283
0.343848
0.343676
0.345352
0.34497
0.343867
0.343489
0.346767
0.345479
0.34475
0.344424
0.348035
0.348035
0.34704
0.346037
0.345781
0.349434
0.348909
0.34816
0.347926
0.3473
0.35077
0.350376
0.350376
0.349733
0.349733
0.351942
0.350664
0.350664
0.350664
0.349803
0.354373
0.353755
0.353239
0.351978
0.351508
0.356468
0.355837
0.354374
0.353434
0.358563
0.358005
0.356979
0.355594
0.353963
0.361584
0.360053
0.358608
0.357195
0.36567
0.363733
0.363108
0.361662
0.368502
0.368417
0.366486
0.365573
0.364379
0.372605
0.371967
0.370524
0.369123
0.367137
0.376454
0.375779
0.374588
0.373298
0.381164
0.380297
0.378569
0.376813
0.373499
0.386167
0.384482
0.382856
0.381264
0.391618
0.389998
0.389173
0.387539
0.385858
0.397285
0.395388
0.395388
0.390731
0.389775
0.388892
0.40814
0.40814
0.410396
0.408772
0.405918
0.404987
0.416922
0.416836
0.413689
0.41262
0.410505
0.408436
0.422939
0.421921
0.41996
0.416595
0.429079
0.429079
0.426127
0.423802
0.422598
0.439443
0.435737
0.434551
0.406884
0.441427
0.43624
0.417457
0.411406
0.398256
0.458095
0.460425
0.445823
0.444291
0.44257
0.44085
0.478602
0.479158
0.47909
0.480586
0.482392
0.492873
0.49766
0.499253
0.502903
0.506073
0.510145
0.512898
0.516474
0.52218
0.524156
0.526381
0.529236
0.531995
0.540664
0.541609
0.54351
0.546371
0.550227
0.555367
0.556882
0.557076
0.556082
0.563715
0.563238
0.561143
0.561143
0.558781
0.577029
0.57698
0.578046
0.580534
0.583634
0.562729
0.566698
0.567834
0.56984
0.571902
0.549082
0.551866
0.553443
0.554219
0.534759
0.53646
0.539412
0.540338
0.542361
0.521605
0.522973
0.524402
0.525672
0.507871
0.508948
0.510051
0.51041
0.496493
0.496228
0.496228
0.496267
0.49636
0.496426
0.484104
0.484038
0.484369
0.484343
0.474383
0.47474
0.47474
0.47502
0.475317
0.465236
0.466382
0.468141
0.469502
0.456354
0.457206
0.459566
0.461658
0.447577
0.447741
0.450462
0.453085
0.455868
0.438216
0.438938
0.440223
0.442899
0.445981
0.430899
0.431183
0.435259
0.436561
0.439155
0.423108
0.425464
0.427756
0.431557
0.432655
0.41838
0.420408
0.422396
0.424282
0.41214
0.413621
0.414423
0.415907
0.407543
0.408314
0.409509
0.41073
0.412002
0.403925
0.404436
0.407974
0.407974
0.407974
0.399362
0.400208
0.400548
0.40154
0.394903
0.395293
0.396011
0.396679
0.397818
0.391164
0.39182
0.392492
0.393582
0.393935
0.388185
0.388603
0.389747
0.390842
0.383746
0.384673
0.385952
0.387289
0.380575
0.380804
0.382492
0.383083
0.384792
0.376825
0.376825
0.376825
0.376825
0.386691
0.387387
0.389158
0.370827
0.372231
0.372559
0.372827
0.367788
0.367764
0.367646
0.367513
0.367062
0.365334
0.364931
0.364306
0.363591
0.363428
0.363308
0.360617
0.360528
0.361434
0.361288
0.361284
0.361511
0.361704
0.359318
0.35928
0.359478
0.359781
0.359952
0.357444
0.355938
0.356739
0.356982
0.357453
0.355794
0.356427
0.357149
0.357808
0.354003
0.354402
0.355117
0.355911
0.356675
0.352368
0.353506
0.353889
0.354662
0.350483
0.351254
0.351964
0.352648
0.353258
0.349598
0.350169
0.350706
0.352124
0.348437
0.348647
0.348848
0.348949
0.348961
0.347584
0.347584
0.347515
0.347361
0.347382
0.347309
0.346856
0.347291
0.346808
0.347274
0.347024
0.346746
0.346405
0.346021
0.347258
0.34681
0.346613
0.346362
0.347384
0.347154
0.346928
0.346718
0.346364
0.347666
0.347283
0.346914
0.346587
0.348447
0.348147
0.347485
0.347344
0.347044
0.349185
0.348545
0.348545
0.348545
0.348545
0.348553
0.349276
0.349195
0.34763
0.347155
0.3469
0.349862
0.34806
0.347355
0.345908
0.35064
0.349368
0.348503
0.347802
0.34489
0.352891
0.351366
0.350454
0.348809
0.356489
0.354699
0.353298
0.352619
0.351951
0.360305
0.360399
0.358478
0.357485
0.357485
0.3567
0.35485
0.365145
0.364072
0.363591
0.36261
0.368351
0.367477
0.367477
0.366376
0.364994
0.364572
0.371555
0.370494
0.369414
0.36888
0.376259
0.37462
0.37333
0.372608
0.379994
0.379264
0.378473
0.376064
0.375064
0.385803
0.382634
0.380383
0.379242
0.378117
0.392105
0.390898
0.387861
0.387861
0.387861
0.384874
0.39954
0.396782
0.393875
0.391739
0.406192
0.405086
0.403018
0.400982
0.399086
0.413203
0.410062
0.409071
0.407109
0.421604
0.419737
0.417727
0.415792
0.413992
0.429137
0.425639
0.423582
0.421559
0.436161
0.436161
0.433573
0.431401
0.413997
0.446233
0.427795
0.420203
0.420203
0.420203
0.44717
0.445188
0.441219
0.438913
0.437496
0.463196
0.459182
0.451761
0.45037
0.475269
0.4752
0.473755
0.473424
0.473467
0.490867
0.490591
0.490621
0.491407
0.504554
0.506446
0.506496
0.507396
0.508507
0.522076
0.522569
0.522891
0.527129
0.538706
0.538842
0.538842
0.539369
0.540614
0.540614
0.557047
0.560308
0.560449
0.558877
0.557323
0.55725
0.569141
0.568407
0.575816
0.575487
0.568814
0.569802
0.573409
0.575679
0.576476
0.554689
0.554689
0.557161
0.560855
0.538325
0.540257
0.541406
0.542563
0.544699
0.524855
0.524855
0.526817
0.529836
0.510258
0.511234
0.512203
0.51388
0.51555
0.497205
0.497205
0.498846
0.500313
0.501887
0.485697
0.485492
0.486979
0.48921
0.49081
0.474783
0.476444
0.477819
0.479511
0.463796
0.465782
0.467658
0.469447
0.471391
0.455455
0.45672
0.460039
0.462218
0.445536
0.448129
0.452107
0.453363
0.455997
0.436099
0.438865
0.438865
0.443812
0.445008
0.448908
0.42862
0.431508
0.434764
0.438217
0.421909
0.42447
0.426787
0.427937
0.43045
0.415603
0.419294
0.420422
0.422774
0.408601
0.411878
0.413991
0.415034
0.404506
0.404506
0.406309
0.408967
0.409804
0.399086
0.400634
0.402492
0.403791
0.405796
0.39463
0.395456
0.396428
0.398839
0.398839
0.391131
0.391656
0.392393
0.393637
0.394087
0.387733
0.388922
0.389327
0.390392
0.38515
0.385611
0.385894
0.387321
0.387815
0.382366
0.382366
0.383432
0.384035
0.378018
0.378646
0.379797
0.381513
0.383143
0.375138
0.376169
0.376293
0.378988
0.372218
0.372218
0.37409
0.374441
0.375718
0.369498
0.371536
0.372379
0.373874
0.373874
0.366742
0.367452
0.368223
0.368887
0.364054
0.364054
0.364443
0.364512
0.364512
0.361641
0.361641
0.362191
0.362191
0.36047
0.359998
0.359854
0.360125
0.360225
0.360209
0.356263
0.356145
0.356091
0.355852
0.353676
0.352513
0.352217
0.351566
0.350897
0.35152
0.351131
0.350484
0.349342
0.350353
0.349662
0.348919
0.348199
0.34735
0.34852
0.34852
0.347339
0.347339
0.346264
0.348369
0.347687
0.347833
0.345803
0.345642
0.347321
0.347266
0.347537
0.347537
0.346626
0.346929
0.347328
0.34779
0.348215
0.346354
0.346835
0.347349
0.34788
0.345383
0.345788
0.346317
0.346317
0.346698
0.345288
0.345908
0.345909
0.345841
0.345257
0.345141
0.344907
0.344731
0.344277
0.345194
0.344891
0.344183
0.343726
0.346797
0.346046
0.344855
0.343676
0.343058
0.347925
0.346653
0.345495
0.344136
0.34957
0.349002
0.347984
0.346508
0.345453
0.35132
0.350358
0.349319
0.34914
0.353637
0.353587
0.353083
0.352735
0.352644
0.355141
0.354499
0.353991
0.353245
0.357339
0.357001
0.356641
0.355844
0.355401
0.359619
0.359191
0.358573
0.358367
0.361836
0.361437
0.360458
0.359446
0.358378
0.365129
0.363413
0.362156
0.360989
0.367837
0.367098
0.367098
0.365168
0.362723
0.371065
0.369581
0.367793
0.364481
0.375038
0.373883
0.372276
0.370597
0.368879
0.378085
0.377376
0.375744
0.374929
0.38442
0.382007
0.380892
0.378552
0.374381
0.389804
0.386714
0.384809
0.382089
0.395287
0.393609
0.39183
0.390074
0.388349
0.400512
0.398844
0.397259
0.396496
0.395047
0.406023
0.404118
0.402127
0.401497
0.414665
0.414122
0.412468
0.410931
0.40942
0.422499
0.420729
0.418982
0.415768
0.429457
0.427321
0.425476
0.423944
0.422316
0.437663
0.435877
0.433858
0.431867
0.440957
0.434423
0.431495
0.431495
0.41961
0.437302
0.437302
0.437302
0.417784
0.416281
0.412837
0.476992
0.47614
0.474963
0.474963
0.475396
0.490856
0.491402
0.493798
0.493798
0.505714
0.507643
0.510024
0.511827
0.517482
0.52209
0.527796
0.52971
0.533534
0.538594
0.542582
0.543791
0.55205
0.555009
0.555894
0.560228
0.560228
0.560959
0.560959
0.570493
0.571223
0.571223
0.571223
0.571223
0.582966
0.582966
0.582966
0.582966
0.56638
0.567728
0.569882
0.571731
0.57378
0.552157
0.555172
0.555172
0.558787
0.538937
0.539625
0.54121
0.543178
0.545072
0.525319
0.528057
0.528057
0.531023
0.532405
0.509733
0.509983
0.511541
0.511541
0.513051
0.497488
0.497733
0.49821
0.49858
0.498664
0.486643
0.486794
0.486919
0.487007
0.476431
0.476861
0.476861
0.477152
0.477502
0.467253
0.467935
0.467935
0.469323
0.458221
0.458771
0.460233
0.46343
0.46343
0.447095
0.449145
0.452612
0.453897
0.455201
0.439921
0.442875
0.446875
0.448211
0.43171
0.434551
0.438562
0.439855
0.441197
0.424124
0.427792
0.430174
0.431339
0.41744
0.41953
0.420575
0.4226
0.411347
0.411495
0.413919
0.414677
0.415418
0.405603
0.407386
0.408435
0.408435
0.410669
0.401192
0.401976
0.403413
0.40407
0.404736
0.397552
0.398073
0.398668
0.39901
0.393325
0.39396
0.394303
0.394989
0.389444
0.389844
0.390795
0.390795
0.386112
0.386112
0.386631
0.387094
0.387845
0.389688
0.379657
0.381272
0.382467
0.383196
0.384529
0.377553
0.378904
0.379574
0.38156
0.382218
0.374623
0.374623
0.377046
0.377408
0.370819
0.371736
0.371736
0.373039
0.366805
0.367863
0.368118
0.368566
0.36914
0.364658
0.364658
0.365736
0.366315
0.367784
0.362348
0.36253
0.362688
0.359951
0.359893
0.360052
0.360424
0.360811
0.360926
0.357739
0.358024
0.358476
0.358685
0.355529
0.355784
0.35596
0.356428
0.353547
0.353797
0.352716
0.353224
0.353512
0.351759
0.352582
0.352582
0.353622
0.353622
0.349731
0.349919
0.350109
0.350462
0.350944
0.348079
0.348622
0.348723
0.349048
0.346836
0.347018
0.347112
0.348672
0.349026
0.345982
0.34622
0.346327
0.346584
0.346584
0.345149
0.34533
0.345425
0.345514
0.345416
0.344481
0.343921
0.343838
0.343616
0.344139
0.343964
0.343779
0.343307
0.343122
0.344069
0.343662
0.343205
0.342752
0.344419
0.344082
0.343819
0.34379
0.343696
0.344704
0.34356
0.343069
0.343526
0.345502
0.34536
0.344891
0.344249
0.343632
0.34635
0.345464
0.345184
0.344775
0.347542
0.347216
0.34654
0.3459
0.345318
0.34918
0.348604
0.348053
0.34768
0.350516
0.349839
0.349307
0.34848
0.347729
0.352622
0.351969
0.351493
0.35094
0.355045
0.35464
0.353746
0.352652
0.357807
0.357487
0.356537
0.35521
0.354644
0.360719
0.359795
0.358465
0.357062
0.356215
0.362985
0.362289
0.360916
0.359367
0.368165
0.368005
0.366209
0.364369
0.362592
0.372454
0.371447
0.369767
0.368068
0.366439
0.376779
0.374352
0.37268
0.37185
0.382217
0.380562
0.378792
0.376964
0.375206
0.386402
0.385471
0.381719
0.381719
0.377859
0.394672
0.394672
0.394983
0.389444
0.385395
0.382799
0.402286
0.402286
0.397621
0.396529
0.394936
0.408986
0.406967
0.404955
0.403983
0.417096
0.416325
0.413641
0.412782
0.411191
0.424978
0.421341
0.421409
0.421246
0.420448
0.432175
0.427565
0.427565
0.424773
0.442084
0.424651
0.421669
0.40228
0.401193
0.437767
0.43215
0.427058
0.422906
0.445409
0.445409
0.445409
0.442266
0.439061
0.466374
0.464296
0.459552
0.45789
0.457398
0.482053
0.480312
0.480382
0.480382
0.497755
0.496216
0.495075
0.496558
0.498454
0.49917
0.52039
0.520015
0.520884
0.522282
0.536431
0.538279
0.539096
0.539706
0.541104
0.556028
0.559363
0.563376
0.564162
0.565938
0.565061
0.563842
0.563481
0.563534
0.576963
0.57935
0.58024
0.581574
0.568683
0.569784
0.575902
0.575902
0.578576
0.550019
0.551765
0.554331
0.55677
0.534198
0.534198
0.536124
0.537936
0.540042
0.519736
0.520384
0.521094
0.522602
0.523805
0.506745
0.506965
0.508417
0.508939
0.49352
0.493912
0.494127
0.495252
0.495667
0.482955
0.483625
0.483482
0.483882
0.485022
0.472151
0.474276
0.476607
0.477358
0.462507
0.46341
0.466045
0.467956
0.45305
0.454438
0.454438
0.459931
0.46259
0.467036
0.468597
0.4427
0.446422
0.446422
0.451625
0.455241
0.455241
0.429443
0.429443
0.434952
0.436388
0.439242
0.42684
0.42684
0.42964
0.430991
0.417496
0.418768
0.421276
0.422518
0.425396
0.409161
0.411468
0.413396
0.415285
0.417118
0.404349
0.404667
0.406149
0.406273
0.407665
0.399975
0.400956
0.402019
0.403836
0.404159
0.39642
0.39774
0.398179
0.399494
0.392555
0.393843
0.394249
0.39525
0.396149
0.389505
0.390473
0.391943
0.392881
0.386246
0.387393
0.387393
0.389606
0.39085
0.39085
0.381391
0.381391
0.367746
0.368433
0.368433
0.370243
0.372053
0.378094
0.378307
0.381532
0.385078
0.385078
0.372663
0.373627
0.373627
0.377808
0.377808
0.380393
0.380393
0.369153
0.369884
0.370353
0.36478
0.364653
0.364588
0.36336
0.362923
0.362555
0.362555
0.361749
0.360742
0.360038
0.360675
0.359896
0.358788
0.358432
0.357689
0.358083
0.358083
0.358003
0.357959
0.357163
0.357163
0.357831
0.358438
0.355031
0.355768
0.357374
0.357374
0.352877
0.352977
0.354067
0.355505
0.356414
0.350302
0.350302
0.350302
0.351666
0.352014
0.353083
0.348544
0.348544
0.349627
0.34997
0.350514
0.350773
0.346898
0.346976
0.347225
0.347328
0.347407
0.345775
0.345648
0.345574
0.345456
0.344988
0.345071
0.344288
0.344003
0.343398
0.342639
0.345061
0.344202
0.343547
0.343042
0.345355
0.345355
0.345355
0.344443
0.343903
0.342199
0.342199
0.342199
0.345545
0.344754
0.344754
0.344754
0.344648
0.344583
0.34501
0.344941
0.344432
0.344011
0.343798
0.343118
0.342819
0.344714
0.344562
0.343539
0.343251
0.346614
0.346039
0.345476
0.345001
0.348398
0.347603
0.346954
0.346902
0.345439
0.345439
0.349368
0.349368
0.346188
0.340383
0.340267
0.352565
0.352372
0.352475
0.351941
0.351842
0.351842
0.354896
0.354896
0.354445
0.354039
0.352841
0.352035
0.358529
0.357684
0.356555
0.355227
0.354042
0.361474
0.359767
0.359128
0.359128
0.355616
0.355616
0.365472
0.364014
0.362389
0.36088
0.358456
0.369411
0.367873
0.366135
0.361227
0.373719
0.372776
0.375277
0.373837
0.373837
0.370408
0.370408
0.379459
0.378296
0.378296
0.374539
0.374539
0.386086
0.386086
0.384947
0.382662
0.382662
0.37947
0.378708
0.393156
0.392575
0.390337
0.388777
0.3869
0.399723
0.398174
0.397349
0.394071
0.391972
0.390055
0.408018
0.406088
0.404131
0.402217
0.416457
0.414583
0.414583
0.413626
0.402751
0.402751
0.390654
0.390654
0.427661
0.427661
0.426493
0.426078
0.425293
0.42356
0.437804
0.436924
0.435938
0.428623
0.428623
0.416553
0.414532
0.408612
0.449561
0.449561
0.444837
0.441157
0.437364
0.46633
0.464593
0.458801
0.414387
0.414387
0.413701
0.41324
0.41324
0.489176
0.489176
0.489176
0.49015
0.492121
0.496172
0.510792
0.557903
0.557903
0.557415
0.560053
0.555841
0.575002
0.575002
0.575002
0.526445
0.533291
0.529267
0.519716
0.519716
0.520087
0.519248
0.559141
0.559989
0.559989
0.564491
0.561195
0.55968
0.553363
0.59368
0.59368
0.58767
0.587041
0.584414
0.611045
0.611045
0.637092
0.63655
0.636226
0.625721
0.626135
0.612614
0.612614
0.612614
0.619621
0.623343
0.62502
0.630181
0.63199
0.603248
0.606985
0.608788
0.614049
0.577463
0.582294
0.585138
0.586594
0.589107
0.554578
0.555063
0.555063
0.554912
0.555649
0.555649
0.560005
0.560599
0.537779
0.539407
0.539407
0.53962
0.540281
0.540281
0.544369
0.544369
0.513513
0.508746
0.508919
0.508919
0.512393
0.51268
0.498272
0.499349
0.500612
0.5016
0.485863
0.486518
0.488723
0.489472
0.491086
0.475429
0.476493
0.477478
0.480541
0.463992
0.465384
0.465384
0.472128
0.47836
0.47836
0.448355
0.448355
0.453329
0.456631
0.459793
0.434632
0.434632
0.434632
0.445249
0.448287
0.453027
0.425287
0.428013
0.429003
0.429933
0.430863
0.433761
0.417548
0.418001
0.419547
0.420783
0.421229
0.411792
0.41213
0.412983
0.415387
0.415387
0.415387
0.416192
0.403516
0.403516
0.404807
0.405876
0.406785
0.408238
0.396164
0.396164
0.396164
0.398511
0.399009
0.389093
0.389093
0.390974
0.390974
0.392512
0.393811
0.384166
0.385362
0.387061
0.387061
0.388279
0.379431
0.379629
0.381916
0.382354
0.382354
0.382354
0.386477
0.373686
0.376426
0.377069
0.378317
0.370078
0.370555
0.371795
0.372174
0.373402
0.366087
0.366401
0.366879
0.367403
0.363254
0.36345
0.363993
0.364496
0.364967
0.360594
0.361247
0.361411
0.361411
0.357778
0.357778
0.356619
0.357909
0.358193
0.355812
0.356383
0.356772
0.357562
0.3587
0.35391
0.354735
0.355795
0.355795
0.351521
0.351891
0.352826
0.353123
0.353671
0.349729
0.350252
0.350739
0.35143
0.35164
0.348453
0.348831
0.349018
0.349472
0.34654
0.346826
0.347217
0.347397
0.347532
0.345481
0.345608
0.345721
0.345794
0.344188
0.344192
0.344177
0.34415
0.344096
0.343395
0.343348
0.343362
0.343372
0.343372
0.342638
0.342681
0.342801
0.342801
0.341886
0.341857
0.341746
0.341551
0.341474
0.341552
0.341381
0.341246
0.341121
0.341462
0.341276
0.340926
0.340926
0.341528
0.341386
0.341183
0.340902
0.340444
0.341871
0.341599
0.341902
0.341637
0.3422
0.342035
0.341784
0.341628
0.341238
0.342821
0.342607
0.341834
0.341593
0.341108
0.343706
0.342991
0.342538
0.342108
0.344951
0.344204
0.343696
0.342768
0.346365
0.34627
0.345437
0.344223
0.343835
0.348675
0.3476
0.3476
0.345817
0.350227
0.350227
0.349732
0.348465
0.34755
0.353162
0.352442
0.351452
0.35051
0.355909
0.355909
0.354538
0.352379
0.351906
0.358466
0.35766
0.355348
0.354376
0.362492
0.361817
0.359893
0.359225
0.357302
0.365408
0.364119
0.363419
0.362045
0.360519
0.368261
0.367416
0.364801
0.364801
0.374225
0.373102
0.36995
0.370514
0.368647
0.377277
0.376485
0.375453
0.372101
0.370749
0.383251
0.37892
0.377621
0.376309
0.388796
0.386625
0.38551
0.382311
0.395254
0.396119
0.391694
0.389564
0.389564
0.402005
0.40102
0.39896
0.397003
0.39515
0.406068
0.405018
0.401321
0.401321
0.417037
0.417037
0.41215
0.41215
0.411192
0.40816
0.406455
0.431336
0.429669
0.427476
0.425406
0.439645
0.438834
0.436477
0.42668
0.423413
0.438924
0.418251
0.415517
0.411383
0.406245
0.445051
0.441954
0.436041
0.429067
0.463531
0.460825
0.453612
0.452153
0.477054
0.47697
0.473645
0.478195
0.478247
0.491848
0.490908
0.496302
0.496302
0.496302
0.504671
0.516411
0.518532
0.519739
0.522703
0.53012
0.534214
0.534429
0.53646
0.539569
0.551873
0.552907
0.554194
0.55506
0.56798
0.570587
0.571712
0.571897
0.571728
0.579575
0.580477
0.580022
0.579488
0.579897
0.594332
0.594332
0.598038
0.598038
0.578851
0.578851
0.590763
0.594918
0.598492
0.600238
0.554233
0.557148
0.561586
0.561586
0.538118
0.540569
0.541348
0.544041
0.525159
0.524726
0.525186
0.526245
0.527162
0.511211
0.511255
0.511204
0.511304
0.4997
0.499631
0.498526
0.498251
0.497739
0.496506
0.487743
0.487365
0.486579
0.48649
0.48649
0.478417
0.478417
0.478765
0.479671
0.468457
0.4695
0.471416
0.474335
0.459167
0.46101
0.463999
0.466779
0.469771
0.449808
0.454756
0.457858
0.461171
0.440624
0.442824
0.450192
0.450192
0.453827
0.432564
0.432564
0.439972
0.446872
0.446872
0.422151
0.422572
0.424705
0.427417
0.430308
0.433058
0.417839
0.421367
0.422503
0.42466
0.412031
0.412031
0.415791
0.416492
0.406243
0.406705
0.407502
0.408599
0.409596
0.402356
0.402621
0.403112
0.404136
0.397353
0.397353
0.397944
0.398339
0.399139
0.399422
0.393629
0.394561
0.394999
0.395996
0.389937
0.389937
0.391794
0.392657
0.393173
0.386354
0.388239
0.388868
0.390178
0.381842
0.383299
0.384769
0.387117
0.378663
0.379637
0.380531
0.382811
0.383616
0.375158
0.376123
0.377548
0.379218
0.379847
0.373054
0.374305
0.374305
0.376058
0.376808
0.369198
0.368838
0.370125
0.371085
0.372407
0.365905
0.366293
0.366752
0.367217
0.367548
0.363256
0.363314
0.363359
0.36325
0.361385
0.360577
0.360007
0.35956
0.359065
0.359157
0.358561
0.358063
0.357532
0.357576
0.35676
0.356088
0.356158
0.355685
0.355453
0.355028
0.354684
0.354177
0.353799
0.353515
0.353301
0.353179
0.353048
0.351953
0.351953
0.351895
0.352012
0.350199
0.350349
0.350451
0.350618
0.350752
0.349034
0.349127
0.349274
0.349446
0.347906
0.347906
0.347918
0.347907
0.348058
0.346949
0.347585
0.34747
0.347432
0.346363
0.346183
0.345878
0.345529
0.345081
0.346107
0.345541
0.344973
0.344323
0.346308
0.345746
0.344971
0.344233
0.343337
0.34642
0.345432
0.344073
0.343617
0.347136
0.346406
0.345351
0.344329
0.343429
0.347501
0.346462
0.345098
0.344636
0.348499
0.34729
0.34729
0.345992
0.345493
0.34902
0.348042
0.347228
0.34645
0.350416
0.349938
0.348981
0.348703
0.348317
0.351354
0.351047
0.350522
0.349859
0.35348
0.352886
0.350404
0.350404
0.349905
0.356692
0.35503
0.355616
0.354583
0.353973
0.353247
0.359529
0.358641
0.357536
0.356451
0.362493
0.361863
0.360737
0.358952
0.358345
0.365576
0.363834
0.363187
0.361891
0.3694
0.368319
0.366873
0.365303
0.363699
0.372918
0.371343
0.369683
0.368839
0.37712
0.376339
0.373349
0.371047
0.370011
0.381819
0.379954
0.377824
0.376076
0.387709
0.385893
0.384192
0.382487
0.393008
0.392154
0.390487
0.388502
0.386086
0.399403
0.397124
0.393798
0.392731
0.39067
0.404999
0.403017
0.401028
0.398211
0.412071
0.41124
0.41257
0.407565
0.403085
0.418834
0.416758
0.413726
0.412748
0.41086
0.426428
0.422927
0.422927
0.420718
0.436303
0.434948
0.43291
0.431357
0.432085
0.436204
0.430571
0.426213
0.420823
0.444226
0.44175
0.436545
0.431836
0.428181
0.457742
0.455658
0.451244
0.451244
0.475405
0.475405
0.481439
0.481439
0.481812
0.486457
0.499221
0.500914
0.501283
0.50223
0.504288
0.517128
0.519606
0.5208
0.523453
0.527854
0.537291
0.540172
0.54074
0.542043
0.54337
0.557495
0.56678
0.569044
0.572478
0.568591
0.568716
0.568112
0.56494
0.577277
0.57618
0.575975
0.575325
0.5755
0.576947
0.579546
0.580528
0.582432
0.558902
0.560794
0.561727
0.564653
0.566413
0.544491
0.544491
0.545863
0.547335
0.528495
0.529636
0.529921
0.531115
0.532617
0.514614
0.51543
0.516167
0.516678
0.501722
0.502098
0.502269
0.502043
0.501809
0.490335
0.489559
0.489741
0.489535
0.489357
0.47936
0.479442
0.479494
0.479713
0.469867
0.466155
0.467071
0.468584
0.460738
0.460568
0.46349
0.465757
0.466993
0.451898
0.451898
0.459771
0.461305
0.462876
0.443114
0.447975
0.449396
0.4538
0.434839
0.434839
0.439438
0.442152
0.426223
0.428923
0.431598
0.432907
0.43667
0.420795
0.422153
0.425401
0.426421
0.415223
0.415415
0.418026
0.419693
0.421248
0.410344
0.41089
0.41197
0.413348
0.405025
0.40566
0.40708
0.408071
0.408545
0.401246
0.401661
0.402214
0.403272
0.397077
0.397307
0.397873
0.397873
0.398761
0.393092
0.39362
0.393997
0.3956
0.395916
0.389532
0.389532
0.391881
0.392426
0.384943
0.386042
0.388197
0.389538
0.389538
0.380811
0.380956
0.383401
0.384819
0.385477
0.386783
0.376312
0.377507
0.379152
0.379873
0.381116
0.374257
0.374804
0.376577
0.377597
0.369783
0.371084
0.371895
0.372629
0.366856
0.367443
0.368105
0.368105
0.369608
0.364258
0.364616
0.365124
0.365257
0.361927
0.362136
0.362439
0.362712
0.362916
0.359632
0.360069
0.360455
0.361096
0.357492
0.357492
0.358097
0.358378
0.358558
0.355515
0.35576
0.355891
0.356296
0.356434
0.3538
0.35421
0.354329
0.351968
0.351955
0.352398
0.352558
0.352833
0.35045
0.350769
0.35111
0.351477
0.351477
0.349084
0.349673
0.35009
0.35009
0.347871
0.348441
0.348633
0.348821
0.349377
0.346784
0.34732
0.34744
0.347578
0.346045
0.346215
0.346215
0.346448
0.346509
0.345671
0.34571
0.345157
0.345157
0.345503
0.345411
0.345265
0.344754
0.344754
0.34571
0.345849
0.345182
0.345173
0.344859
0.345999
0.34501
0.344818
0.344673
0.344428
0.346395
0.346395
0.34581
0.345531
0.347503
0.347183
0.346863
0.3464
0.348322
0.348322
0.347977
0.347495
0.346476
0.349431
0.348912
0.34786
0.347563
0.35201
0.351531
0.351101
0.350617
0.349945
0.353509
0.352976
0.352692
0.351648
0.355522
0.355487
0.354707
0.353464
0.353067
0.352808
0.357046
0.35578
0.354633
0.354633
0.360619
0.360107
0.359092
0.357606
0.356169
0.364101
0.361965
0.360647
0.358245
0.366571
0.365716
0.363556
0.362699
0.370872
0.369756
0.368949
0.366372
0.364436
0.374633
0.373662
0.369865
0.368886
0.366735
0.377134
0.376346
0.374521
0.372365
0.383656
0.381308
0.379054
0.376764
0.374566
0.387993
0.385942
0.383934
0.382007
0.393653
0.392779
0.390852
0.387925
0.386959
0.400666
0.39878
0.396857
0.395008
0.407534
0.406714
0.404742
0.402977
0.401328
0.414923
0.413069
0.411193
0.409391
0.422929
0.422121
0.419923
0.418069
0.416306
0.432599
0.428797
0.426879
0.425987
0.441079
0.440191
0.437091
0.435577
0.434639
0.451291
0.447559
0.414988
0.412207
0.449161
0.443769
0.443769
0.440484
0.433504
0.462002
0.460025
0.456555
0.45329
0.476556
0.476008
0.473186
0.471465
0.471228
0.491733
0.490766
0.49088
0.490327
0.506171
0.507472
0.506928
0.50728
0.508355
0.524208
0.52352
0.523461
0.524289
0.541623
0.542824
0.547657
0.555587
0.558002
0.554278
0.554502
0.553724
0.550017
0.561618
0.561968
0.561719
0.561569
0.567933
0.567189
0.569693
0.572034
0.574053
0.551744
0.552304
0.552795
0.554237
0.556454
0.53673
0.538134
0.539237
0.539804
0.523348
0.52395
0.526171
0.526653
0.528125
0.529107
0.509378
0.509368
0.510236
0.511108
0.496743
0.49773
0.498291
0.49929
0.485767
0.486184
0.487593
0.488903
0.490433
0.474888
0.476866
0.478581
0.480578
0.464766
0.466002
0.470949
0.473467
0.47621
0.454813
0.458222
0.461104
0.464209
0.444107
0.447479
0.45142
0.456575
0.458108
0.437134
0.439955
0.444912
0.448264
0.427973
0.431383
0.434073
0.436666
0.439238
0.423114
0.426625
0.427737
0.429916
0.417124
0.418285
0.419942
0.4217
0.423416
0.412448
0.415142
0.416452
0.417914
0.407954
0.409716
0.409716
0.410927
0.412216
0.403728
0.406554
0.407586
0.408788
0.399606
0.400202
0.401244
0.402332
0.395762
0.395831
0.396922
0.398076
0.399308
0.391949
0.393406
0.394058
0.395342
0.396582
0.388371
0.390686
0.392617
0.393786
0.384576
0.385417
0.386709
0.388318
0.389526
0.381404
0.382608
0.383872
0.385024
0.377885
0.379891
0.381455
0.381455
0.3826
0.374945
0.375692
0.37644
0.377839
0.372289
0.372697
0.373256
0.373867
0.373924
0.369692
0.370308
0.370515
0.37089
0.367083
0.36744
0.367716
0.367927
0.368178
0.364949
0.365101
0.365295
0.365357
0.363293
0.363293
0.363312
0.363887
0.360169
0.360169
0.360165
0.360378
0.360559
0.36054
0.357757
0.357689
0.357656
0.357607
0.356375
0.355914
0.355852
0.355798
0.355704
0.354236
0.354404
0.354303
0.354221
0.352919
0.352663
0.352565
0.352317
0.352307
0.351469
0.351302
0.351177
0.351311
0.350488
0.350257
0.350232
0.350101
0.349638
0.34873
0.349131
0.349549
0.34869
0.348596
0.347832
0.347545
0.348203
0.347824
0.347489
0.347148
0.348185
0.347775
0.347167
0.346753
0.34798
0.34788
0.347496
0.347108
0.346661
0.348041
0.347569
0.347093
0.346626
0.346077
0.347934
0.347147
0.347147
0.346592
0.345751
0.348459
0.347595
0.345918
0.345564
0.344774
0.349213
0.348861
0.348069
0.34621
0.350109
0.349789
0.349309
0.348363
0.348026
0.351112
0.350416
0.350126
0.349596
0.352575
0.352298
0.351665
0.350775
0.35047
0.354214
0.353588
0.353065
0.352618
0.356376
0.355692
0.354925
0.354529
0.354529
0.352636
0.352565
0.359646
0.359646
0.358733
0.357272
0.356515
0.361666
0.360911
0.359318
0.356757
0.355731
0.36515
0.363648
0.362224
0.369936
0.369936
0.3689
0.3687
0.366464
0.365851
0.372773
0.370718
0.369278
0.368554
0.37735
0.375877
0.373514
0.371882
0.381125
0.380174
0.380174
0.377314
0.374652
0.386985
0.384957
0.383093
0.381071
0.379035
0.392859
0.390962
0.389169
0.387312
0.385463
0.397671
0.395906
0.394105
0.391339
0.403821
0.402933
0.401083
0.399166
0.410474
0.410402
0.407484
0.406513
0.404593
0.418165
0.416636
0.41459
0.411596
0.411596
0.426483
0.42154
0.418467
0.414588
0.432367
0.432367
0.430361
0.428317
0.425956
0.442933
0.441717
0.440518
0.42255
0.406541
0.431606
0.423921
0.417443
0.4116
0.457686
0.463937
0.463937
0.456889
0.456125
0.468552
0.466076
0.465641
0.465386
0.483939
0.483939
0.483613
0.486229
0.486229
0.488295
0.506116
0.506116
0.507092
0.509232
0.521691
0.522987
0.525507
0.526658
0.536986
0.539943
0.540367
0.542834
0.546232
0.552545
0.558064
0.558845
0.559254
0.561615
0.560961
0.560961
0.559272
0.558541
0.571482
0.572459
0.573135
0.576321
0.55804
0.558494
0.559224
0.560316
0.562052
0.542716
0.543677
0.544113
0.545338
0.52902
0.529761
0.530188
0.531555
0.531997
0.516586
0.516464
0.517005
0.517626
0.518736
0.501525
0.502023
0.502023
0.502631
0.492479
0.49211
0.492267
0.493671
0.494468
0.481841
0.483848
0.484514
0.485927
0.471836
0.473821
0.475437
0.475437
0.462319
0.46232
0.465657
0.467814
0.467814
0.453323
0.454506
0.458272
0.460788
0.44514
0.44514
0.447794
0.450283
0.453438
0.437222
0.438577
0.441021
0.444548
0.428461
0.429623
0.429623
0.433026
0.43797
0.439948
0.419728
0.420741
0.423568
0.423568
0.427228
0.414655
0.415658
0.418324
0.419132
0.408537
0.410508
0.411201
0.411857
0.413602
0.404309
0.404775
0.405608
0.40648
0.399761
0.400476
0.400476
0.402061
0.402399
0.396733
0.397247
0.397801
0.398978
0.391267
0.391267
0.391267
0.391328
0.398821
0.399635
0.401425
0.386235
0.387413
0.389493
0.389493
0.382404
0.382404
0.383646
0.38489
0.385226
0.379001
0.379998
0.380443
0.380921
0.37581
0.37581
0.377184
0.37735
0.377916
0.372906
0.373615
0.374324
0.375379
0.375379
0.373677
0.373677
0.373677
0.373179
0.373542
0.364521
0.365212
0.365302
0.365714
0.366426
0.360484
0.360749
0.360704
0.360514
0.357935
0.357702
0.357258
0.356771
0.356229
0.355923
0.355268
0.355199
0.354797
0.354797
0.354002
0.353953
0.353961
0.353821
0.352585
0.352531
0.352412
0.35267
0.35272
0.351451
0.351811
0.352156
0.349677
0.349745
0.350303
0.350953
0.35201
0.352392
0.348907
0.350163
0.350639
0.351645
0.347704
0.348276
0.349278
0.350307
0.346647
0.346647
0.347619
0.349039
0.349471
0.34583
0.347106
0.347106
0.347106
0.345409
0.345275
0.345578
0.346125
0.346535
0.346676
0.344347
0.344302
0.344009
0.343628
0.343878
0.343601
0.343036
0.342117
0.344876
0.344311
0.343663
0.342894
0.34206
0.345434
0.344586
0.343895
0.343189
0.346378
0.346063
0.34574
0.344461
0.343426
0.347555
0.347029
0.346218
0.346218
0.34558
0.348801
0.348526
0.348534
0.348466
0.349945
0.349983
0.349797
0.349777
0.349439
0.351479
0.351526
0.35139
0.351435
0.352928
0.353148
0.353194
0.353082
0.353062
0.354892
0.35433
0.354205
0.354033
0.357348
0.356866
0.355824
0.355496
0.359306
0.359275
0.358453
0.35732
0.355745
0.354608
0.362379
0.361139
0.35964
0.358151
0.365614
0.364734
0.363325
0.36147
0.369517
0.368723
0.367364
0.364392
0.362273
0.372777
0.371573
0.369507
0.367726
0.365941
0.377828
0.37523
0.372211
0.372211
0.371427
0.379919
0.379919
0.377595
0.377235
0.376513
0.387642
0.386877
0.385092
0.38238
0.393689
0.392026
0.39013
0.389196
0.38804
0.398587
0.397745
0.393191
0.391219
0.405052
0.404973
0.401739
0.400779
0.398293
0.411764
0.409854
0.40887
0.405551
0.404549
0.418863
0.417256
0.414247
0.41318
0.426817
0.42584
0.423667
0.420782
0.435466
0.435466
0.432729
0.431662
0.428883
0.445632
0.441345
0.428969
0.409174
0.444137
0.44207
0.438233
0.430783
0.426779
0.456631
0.4549
0.448903
0.447093
0.444588
0.470204
0.460461
0.459839
0.458765
0.485263
0.482713
0.482965
0.484512
0.485077
0.502662
0.503382
0.503467
0.504023
0.517374
0.519588
0.518715
0.520172
0.520915
0.536696
0.536454
0.536789
0.537864
0.542963
0.551279
0.554123
0.555364
0.555071
0.560912
0.560364
0.560077
0.55921
0.570288
0.569932
0.570534
0.574231
0.57546
0.555494
0.558441
0.558441
0.562416
0.562416
0.54064
0.543467
0.545336
0.546277
0.527187
0.529249
0.529861
0.53357
0.5345
0.513639
0.515483
0.516638
0.518709
0.501446
0.502998
0.504371
0.504371
0.50651
0.490299
0.490986
0.492788
0.49411
0.479064
0.479811
0.481403
0.483848
0.484683
0.470031
0.472086
0.473849
0.474793
0.460674
0.462275
0.463428
0.467875
0.467875
0.451966
0.455043
0.456107
0.459893
0.442502
0.4439
0.447669
0.450339
0.453141
0.43615
0.439168
0.440336
0.444168
0.427335
0.430425
0.433067
0.43565
0.43565
0.436932
0.424209
0.424209
0.427349
0.429736
0.414181
0.415511
0.417451
0.419389
0.421243
0.408937
0.410964
0.411726
0.413172
0.403599
0.404685
0.405681
0.406295
0.407324
0.400192
0.402268
0.403139
0.404002
0.395963
0.398647
0.399048
0.399762
0.399762
0.401076
0.391462
0.392547
0.392906
0.394504
0.395367
0.395367
0.389802
0.390213
0.390948
0.383327
0.383446
0.384575
0.385809
0.387074
0.379489
0.380397
0.381435
0.382561
0.383109
0.376062
0.377043
0.378455
0.378903
0.372653
0.373982
0.374781
0.37557
0.376301
0.370019
0.370019
0.371042
0.371438
0.366611
0.366679
0.367466
0.367466
0.368025
0.367982
0.36373
0.364039
0.364054
0.364357
0.364592
0.361427
0.36259
0.363071
0.363303
0.359304
0.359983
0.360217
0.36053
0.36079
0.357247
0.357312
0.357522
0.3577
0.355348
0.355506
0.355824
0.355996
0.355996
0.353563
0.353574
0.355964
0.355863
0.356108
0.351394
0.351386
0.351274
0.351172
0.350132
0.349909
0.349839
0.349687
0.349515
0.348919
0.348723
0.348546
0.348364
0.347994
0.347764
0.347553
0.347348
0.347089
0.347175
0.346847
0.346855
0.346555
0.346519
0.346224
0.34588
0.345706
0.346261
0.346261
0.345842
0.345474
0.344993
0.346245
0.346143
0.345938
0.345277
0.344754
0.344255
0.346213
0.345738
0.345512
0.344792
0.346553
0.346044
0.34529
0.344971
0.347195
0.346783
0.346175
0.345424
0.345093
0.347795
0.347067
0.346447
0.345753
0.34519
0.348046
0.348046
0.347711
0.346397
0.345
0.350236
0.349578
0.34856
0.347872
0.345972
0.351892
0.350912
0.349984
0.34847
0.354034
0.353417
0.352968
0.349923
0.348774
0.356117
0.355147
0.35395
0.353227
0.358526
0.35846
0.356324
0.355589
0.36109
0.36099
0.359915
0.358783
0.357693
0.363802
0.36273
0.361735
0.36061
0.359472
0.36661
0.364781
0.364128
0.362838
0.369762
0.369454
0.366745
0.364988
0.363157
0.373495
0.371831
0.369966
0.368076
0.377482
0.376516
0.374578
0.370632
0.370632
0.366387
0.383353
0.380786
0.374292
0.374292
0.394756
0.392688
0.392109
0.391559
0.401605
0.400622
0.399251
0.398768
0.398305
0.407555
0.40651
0.404461
0.404461
0.414771
0.4136
0.41143
0.41143
0.409571
0.421561
0.420834
0.420131
0.420131
0.412131
0.412131
0.396539
0.395543
0.432782
0.432061
0.430206
0.42858
0.442738
0.442738
0.412188
0.409329
0.403811
0.442437
0.420495
0.418384
0.416419
0.454051
0.451895
0.445773
0.439663
0.46666
0.466939
0.463638
0.462426
0.460384
0.480135
0.479182
0.477898
0.482653
0.483468
0.499163
0.501579
0.505555
0.505555
0.511038
0.513546
0.51641
0.518324
0.518271
0.527842
0.532202
0.533679
0.536674
0.544509
0.547327
0.548699
0.550985
0.553222
0.563175
0.564675
0.565041
0.564863
0.56477
0.571021
0.570126
0.568083
0.567422
0.580825
0.578865
0.583177
0.583177
0.586475
0.568643
0.570549
0.577122
0.58144
0.583706
0.553493
0.556238
0.563123
0.534685
0.534685
0.539026
0.541267
0.545625
0.517202
0.519125
0.525336
0.526967
0.528604
0.505008
0.506323
0.508834
0.510393
0.511076
0.49193
0.491612
0.491569
0.49135
0.481676
0.480899
0.480794
0.479686
0.473138
0.472946
0.471515
0.471213
0.470784
0.464966
0.464966
0.46472
0.464724
0.464724
0.453917
0.453768
0.455833
0.456529
0.458922
0.444807
0.445983
0.44862
0.451338
0.454369
0.436419
0.440111
0.443685
0.447745
0.427545
0.430119
0.43431
0.438383
0.420311
0.420311
0.424507
0.428576
0.432642
0.412597
0.415144
0.418221
0.421185
0.424022
0.406743
0.408963
0.411899
0.41277
0.400605
0.401922
0.4028
0.403731
0.404156
0.397879
0.398273
0.398663
0.398962
0.393599
0.393595
0.393485
0.393964
0.393919
0.390309
0.390292
0.390462
0.390646
0.390872
0.387136
0.387773
0.388595
0.389487
0.384205
0.384826
0.386088
0.387593
0.389201
0.38175
0.38175
0.384147
0.384147
0.390141
0.390141
0.390141
0.378382
0.379599
0.380768
0.383008
0.37132
0.372633
0.373276
0.376229
0.367354
0.367867
0.368624
0.369232
0.369697
0.364347
0.36455
0.364638
0.361827
0.361827
0.361691
0.362107
0.361838
0.361838
0.360184
0.359719
0.359291
0.358694
0.358378
0.357446
0.35684
0.355828
0.355475
0.355012
0.355411
0.353033
0.352611
0.352196
0.351802
0.353691
0.353535
0.354192
0.356392
0.356392
0.351954
0.353353
0.353353
0.354138
0.349175
0.350148
0.350752
0.351033
0.351577
0.347775
0.348675
0.348675
0.34898
0.346594
0.346691
0.347018
0.347224
0.347337
0.345772
0.345152
0.343707
0.34367
0.343602
0.345248
0.345216
0.34534
0.345438
0.345422
0.344763
0.344766
0.344622
0.344439
0.344544
0.344407
0.344182
0.343663
0.343663
0.344798
0.344423
0.344207
0.344047
0.343959
0.344823
0.344304
0.343969
0.343786
0.344998
0.344998
0.344982
0.34464
0.344311
0.345376
0.345376
0.344808
0.344651
0.344087
0.346297
0.345656
0.345372
0.344917
0.347487
0.346567
0.346567
0.346518
0.346128
0.349102
0.348587
0.348489
0.348082
0.350466
0.350513
0.350837
0.350464
0.350145
0.352004
0.351877
0.351371
0.35115
0.354092
0.353447
0.353032
0.352182
0.351075
0.356162
0.355671
0.35483
0.353011
0.353011
0.357761
0.357208
0.355462
0.354094
0.36162
0.359947
0.357404
0.353121
0.353121
0.364543
0.363632
0.362526
0.361123
0.369008
0.36832
0.366978
0.364872
0.364068
0.372281
0.370764
0.369146
0.368357
0.377246
0.373592
0.372094
0.370391
0.369594
0.382483
0.382414
0.381665
0.37925
0.379315
0.378558
0.3865
0.385709
0.383889
0.381357
0.392354
0.390421
0.388444
0.387457
0.385561
0.397273
0.396422
0.393352
0.392361
0.404667
0.402757
0.400705
0.398674
0.412592
0.410649
0.409656
0.405857
0.419306
0.419156
0.417834
0.412826
0.411641
0.429036
0.427893
0.425375
0.42145
0.43721
0.43721
0.432146
0.430844
0.430231
0.447248
0.446373
0.44205
0.440129
0.440129
0.44998
0.449277
0.445922
0.442107
0.439747
0.457035
0.457035
0.455208
0.446091
0.4746
0.473611
0.469932
0.46905
0.488864
0.489574
0.487502
0.487502
0.487402
0.503466
0.505079
0.504296
0.505101
0.505612
0.521957
0.523073
0.523494
0.525043
0.537397
0.539387
0.54005
0.54005
0.54358
0.545195
0.554463
0.552524
0.552524
0.550734
0.561806
0.561463
0.561251
0.568281
0.568281
0.569807
0.569807
0.571986
0.573854
0.551712
0.553245
0.554072
0.554936
0.559314
0.560156
0.533962
0.536619
0.538019
0.538019
0.538474
0.538741
0.51689
0.517897
0.518649
0.519047
0.519495
0.504155
0.505021
0.506617
0.507751
0.492778
0.493743
0.495095
0.496492
0.498014
0.47964
0.48226
0.483115
0.486604
0.487559
0.470844
0.476534
0.476534
0.478759
0.459778
0.461018
0.461018
0.463444
0.467654
0.470036
0.471116
0.44612
0.448672
0.450256
0.452472
0.438045
0.439347
0.440681
0.443938
0.446319
0.44752
0.428153
0.428153
0.438937
0.44241
0.44241
0.448237
0.416523
0.418899
0.419717
0.421487
0.423095
0.412118
0.412118
0.413002
0.413002
0.41472
0.41472
0.407103
0.408233
0.409142
0.402474
0.402474
0.404235
0.404235
0.406026
0.406026
0.407847
0.397383
0.398788
0.40162
0.402185
0.405658
0.393222
0.394789
0.394789
0.396232
0.398519
0.38809
0.389089
0.389965
0.391545
0.391545
0.38484
0.385124
0.386242
0.388841
0.392989
0.392989
0.37913
0.379948
0.381506
0.383986
0.383986
0.386661
0.377114
0.378208
0.378896
0.379534
0.381371
0.371599
0.372322
0.373092
0.373377
0.373646
0.373646
0.368314
0.367381
0.367381
0.36716
0.364924
0.364571
0.364099
0.36371
0.362786
0.362099
0.361748
0.361185
0.361185
0.361137
0.360892
0.360746
0.358679
0.358679
0.35859
0.358446
0.357782
0.357782
0.357782
0.357406
0.36505
0.36505
0.365357
0.365403
0.36804
0.36804
0.36804
0.349781
0.349781
0.34748
0.34686
0.34686
0.34686
0.344533
0.346744
0.346744
0.345215
0.344382
0.345159
0.345001
0.346488
0.345358
0.341892
0.34036
0.34036
0.34036
0.342521
0.342521
0.33804
0.33804
0.339141
0.339149
0.339149
0.34003
0.34003
0.338174
0.338174
0.3373
0.338629
0.337504
0.336903
0.336903
0.338407
0.33812
0.337813
0.33697
0.336042
0.337393
0.337393
0.336941
0.336765
0.336765
0.336697
0.338405
0.338451
0.338636
0.338636
0.339191
0.339328
0.339845
0.340771
0.340771
0.340771
0.341143
0.34137
0.341352
0.337899
0.337937
0.337822
0.337434
0.338928
0.338213
0.337475
0.336695
0.336695
0.340633
0.343753
0.345377
0.344297
0.343826
0.342265
0.342265
0.342393
0.341806
0.340649
0.338997
0.336295
0.336295
0.336295
0.343876
0.343876
0.343876
0.343876
0.344505
0.343512
0.343075
0.34827
0.347545
0.346973
0.345524
0.345524
0.350348
0.348833
0.348833
0.348833
0.347769
0.347769
0.354
0.354
0.355775
0.355775
0.353625
0.353095
0.352115
0.351184
0.359341
0.358706
0.358706
0.357835
0.363924
0.364169
0.362078
0.362078
0.360081
0.357661
0.356641
0.367537
0.367537
0.363618
0.363618
0.364392
0.363401
0.363401
0.369576
0.369598
0.367807
0.367807
0.354061
0.383329
0.390654
0.390408
0.389556
0.388773
0.388408
0.3881
0.387085
0.387085
0.382602
0.380734
0.395846
0.39453
0.393037
0.391213
0.3894
0.403061
0.401958
0.400392
0.398161
0.398161
0.410958
0.411755
0.410501
0.408335
0.408335
0.408335
0.409467
0.421193
0.421193
0.415689
0.414819
0.412826
0.412826
0.412826
0.433029
0.430794
0.429606
0.427877
0.425
0.424294
0.442914
0.443643
0.440781
0.440781
0.439446
0.438683
0.438278
0.455688
0.44053
0.428339
0.417166
0.417166
0.409934
0.459939
0.456847
0.452346
0.449031
0.444987
0.500861
0.500861
0.498713
0.494961
0.490743
0.485919
0.486915
0.480948
0.47983
0.478591
0.478136
0.500642
0.500642
0.522382
0.522619
0.522619
0.523583
0.521013
0.520741
0.520214
0.520566
0.521379
0.539213
0.539213
0.540855
0.540855
0.543821
0.543821
0.557468
0.573154
0.57286
0.57286
0.57286
0.565873
0.561796
0.561906
0.596348
0.602324
0.601721
0.601339
0.600612
0.611599
0.61079
0.613361
0.613361
0.613631
0.599323
0.6029
0.6029
0.6029
0.611717
0.612311
0.616049
0.574929
0.575464
0.576386
0.578127
0.556917
0.556917
0.557995
0.557845
0.558021
0.558587
0.537866
0.535473
0.535203
0.535203
0.535203
0.535203
0.533904
0.517316
0.517229
0.517448
0.517849
0.517539
0.517254
0.517254
0.49385
0.493939
0.494606
0.494606
0.495722
0.497303
0.483293
0.483293
0.457775
0.462807
0.462807
0.462807
0.465675
0.460172
0.460172
0.463314
0.466153
0.470852
0.473195
0.481454
0.441211
0.451587
0.451587
0.460199
0.460199
0.461667
0.433482
0.434181
0.437898
0.437898
0.442711
0.421248
0.421748
0.422823
0.412917
0.413543
0.413797
0.414313
0.402474
0.402474
0.402566
0.402792
0.402792
0.400925
0.394193
0.394193
0.359004
0.359004
0.352976
0.352523
0.390013
0.390013
0.390013
0.395139
0.395139
0.399823
0.399823
0.399823
0.380512
0.382561
0.385161
0.39024
0.394989
0.371074
0.378236
0.378236
0.379832
0.385078
0.386555
0.364072
0.369409
0.369923
0.372926
0.357953
0.358997
0.358901
0.358901
0.358434
0.358434
0.357892
0.352971
0.350778
0.350778
0.350778
0.348763
0.348401
0.352482
0.351233
0.350202
0.351193
0.351193
0.350861
0.346678
0.346685
0.347014
0.34726
0.348671
0.349068
0.34827
0.349239
0.355248
0.355248
0.355248
0.342579
0.345651
0.347177
0.34999
0.356123
0.356123
0.337393
0.342328
0.342328
0.35715
0.35715
0.35715
0.352113
0.334162
0.336715
0.338504
0.338504
0.332989
0.333732
0.333694
0.333874
0.333874
0.333417
0.332311
0.332156
0.332156
0.332513
0.331453
0.330905
0.331757
0.330939
0.330939
0.330939
0.331643
0.331643
0.33093
0.33093
0.329442
0.329755
0.329467
0.329467
0.329467
0.329892
0.329216
0.326888
0.326888
0.333825
0.336102
0.336102
0.336102
0.336102
0.333788
0.323588
0.323562
0.323455
0.323302
0.323182
0.323182
0.322473
0.322309
0.32206
0.32206
0.32206
0.32241
0.322234
0.322395
0.322395
0.32342
0.321366
0.322575
0.321459
0.321099
0.320852
0.320888
0.319904
0.320153
0.319913
0.319339
0.318368
0.317846
0.321241
0.320977
0.320977
0.31908
0.31908
0.318612
0.322931
0.322524
0.322524
0.322112
0.321888
0.321888
0.324831
0.324768
0.324768
0.324849
0.324849
0.324849
0.328419
0.329009
0.329009
0.329998
0.329998
0.33581
0.331219
0.332176
0.332176
0.332176
0.332823
0.333344
0.333297
0.333297
0.33263
0.332889
0.332742
0.331114
0.338846
0.338037
0.338037
0.335921
0.334947
0.333649
0.332695
0.331457
0.344764
0.34
0.33844
0.33742
0.336688
0.348129
0.347584
0.343326
0.342725
0.342725
0.354953
0.350432
0.350018
0.349625
0.349661
0.360286
0.360101
0.360101
0.360297
0.361052
0.364772
0.365171
0.364798
0.365248
0.365248
0.365248
0.365416
0.366063
0.366063
0.374615
0.374903
0.374694
0.374398
0.374271
0.374271
0.373131
0.382682
0.381883
0.381039
0.380441
0.380441
0.37977
0.387865
0.387865
0.387865
0.380948
0.377859
0.376866
0.4035
0.403436
0.401031
0.401031
0.401793
0.398784
0.398784
0.41185
0.408461
0.40831
0.407287
0.410288
0.410288
0.410288
0.425545
0.425104
0.417633
0.417633
0.415026
0.437463
0.435646
0.435646
0.425749
0.422625
0.444151
0.444151
0.430821
0.444813
0.4379
0.4345
0.428031
0.446404
0.440507
0.436111
0.426833
0.459868
0.456561
0.454584
0.450207
0.450207
0.442662
0.47376
0.47376
0.47436
0.4612
0.459251
0.490959
0.488399
0.487894
0.488581
0.505197
0.505935
0.504502
0.504502
0.504502
0.496054
0.506025
0.507451
0.533
0.532407
0.533394
0.536323
0.54557
0.54557
0.54557
0.54247
0.548539
0.548539
0.582327
0.570976
0.570976
0.570247
0.581275
0.581275
0.580374
0.58982
0.631821
0.634396
0.640482
0.640482
0.637491
0.637426
0.637426
0.638603
0.638016
0.637684
0.664571
0.663702
0.66295
0.66295
0.69406
0.69406
0.695633
0.696151
0.696151
0.696151
0.695244
0.717928
0.717909
0.693282
0.697487
0.697487
0.701928
0.705969
0.707981
0.717066
0.717066
0.717066
0.728121
0.67287
0.673416
0.673416
0.677054
0.680765
0.651059
0.651059
0.653602
0.654806
0.657847
0.658828
0.658828
0.660208
0.624419
0.621867
0.622256
0.624452
0.624576
0.608542
0.60882
0.60882
0.60858
0.595275
0.595231
0.594712
0.593912
0.584474
0.584474
0.585214
0.586527
0.586527
0.586527
0.591089
0.569795
0.580753
0.580753
0.583686
0.585059
0.585059
0.586375
0.545152
0.549997
0.552563
0.552563
0.558987
0.558987
0.561856
0.527871
0.527871
0.531447
0.532938
0.544316
0.544316
0.545095
0.515932
0.515932
0.523291
0.526983
0.526983
0.507159
0.507159
0.511467
0.513261
0.515021
0.498277
0.499122
0.500792
0.5026
0.504464
0.492929
0.494776
0.495855
0.49886
0.488906
0.488906
0.492005
0.494563
0.497637
0.498741
0.484835
0.488933
0.49491
0.49491
0.497818
0.500629
0.480788
0.480788
0.488148
0.494391
0.496659
0.499584
0.47431
0.475254
0.476781
0.478031
0.479815
0.472281
0.472682
0.473582
0.473582
0.474758
0.474758
0.476107
0.476159
0.471487
0.477963
0.477963
0.478093
0.468292
0.468292
0.468292
0.466798
0.466813
0.466709
0.466634
0.466634
0.466571
0.468648
0.468648
0.469577
0.469993
0.469993
0.469993
0.470063
0.46715
0.467581
0.467728
0.467968
0.468657
0.46744
0.468033
0.468955
0.469644
0.469888
0.471645
0.471645
0.46933
0.470831
0.470831
0.470831
0.473685
0.470577
0.470577
0.470879
0.470971
0.470819
0.470526
0.472341
0.472795
0.472795
0.472162
0.471911
0.471123
0.471123
0.473813
0.472833
0.472833
0.472408
0.479289
0.479183
0.479285
0.479303
0.481798
0.481616
0.481616
0.482677
0.4828
0.4828
0.482067
0.482067
0.488445
0.492423
0.492423
0.492423
0.492768
0.493686
0.49377
0.492281
0.492281
0.492077
0.492006
0.49099
0.496672
0.495822
0.495822
0.495822
0.491344
0.503115
0.50229
0.504555
0.504555
0.499481
0.498598
0.512097
0.512097
0.511878
0.510992
0.50915
0.50915
0.506861
0.519501
0.519186
0.515849
0.515255
0.515255
0.515255
0.510663
0.526728
0.526728
0.52576
0.522912
0.519114
0.518325
0.537587
0.53991
0.538865
0.535969
0.535969
0.535969
0.549113
0.549344
0.549344
0.545343
0.545343
0.543156
0.543156
0.559746
0.558639
0.558639
0.556068
0.556068
0.524034
0.567867
0.565641
0.562572
0.561821
0.585031
0.585031
0.583739
0.583332
0.583084
0.583084
0.596376
0.595834
0.595834
0.593594
0.592707
0.612414
0.61304
0.612904
0.613897
0.613973
0.625046
0.625093
0.619179
0.619179
0.619179
0.619179
0.639456
0.641678
0.659445
0.659445
0.659445
0.659445
0.66499
0.667184
0.667184
0.676474
0.676474
0.672158
0.681491
0.681491
0.687875
0.696222
0.696222
0.68128
0.678827
0.678827
0.678827
0.657369
0.727172
0.720814
0.734148
0.733439
0.742958
0.742774
0.752731
0.753019
0.753019
0.752403
0.75132
0.750051
0.774874
0.774874
0.770666
0.769955
0.768036
0.768036
0.809145
0.809145
0.809721
0.807795
0.807795
0.806825
0.8317
0.830148
0.825502
0.823751
0.820103
0.852139
0.86321
0.866082
0.863471
0.86033
0.858538
0.871543
0.867499
0.865442
0.861552
0.903532
0.900625
0.898904
0.895704
0.887661
0.926826
0.923291
0.919625
0.917219
0.818677
0.910506
0.880664
0.711746
0.65045
0.602415
0.994861
0.977767
0.957415
0.943224
0.93039
1.08818
1.08818
1.09961
1.1267
1.10888
1.10623
1.09075
1.08891
1.08766
1.14328
1.14609
1.15063
1.13215
1.13215
1.1218
1.17629
1.18046
1.18959
1.18691
1.19464
1.23035
1.25933
1.26377
1.26377
1.19618
1.27729
1.27729
1.27729
1.29574
1.30512
1.31522
1.3203
1.33044
1.3396
1.35226
1.36848
1.38441
1.36308
1.38017
1.39574
1.4027
1.41547
1.36881
1.38066
1.38027
1.37836
1.37836
1.37222
1.3714
1.38673
1.3913
1.40423
1.25587
1.26468
1.3393
1.35222
1.35532
1.36447
1.31093
1.31093
1.34343
1.33392
1.34141
1.34315
1.34548
1.28435
1.27737
1.27943
1.29122
1.26637
1.26734
1.26869
1.26021
1.26021
1.274
1.2466
1.25054
1.25947
1.26315
1.27114
1.25908
1.25908
1.25908
1.27738
1.29022
1.22526
1.23092
1.24249
1.26239
1.2758
1.28927
1.21894
1.24041
1.26016
1.274
1.20139
1.20872
1.23241
1.24984
1.2604
1.20423
1.21521
1.23183
1.23756
1.24394
1.24721
1.20661
1.22344
1.22599
1.22599
1.22781
1.21335
1.21781
1.21781
1.21874
1.21873
1.22362
1.21937
1.21825
1.20556
1.20028
1.24029
1.24088
1.23587
1.23542
1.23542
1.25578
1.25776
1.25628
1.25239
1.24873
1.26751
1.26751
1.23405
1.23684
1.23684
1.23569
1.23401
1.30818
1.30818
1.30818
1.32178
1.34651
1.35301
1.35301
1.38181
1.3162
1.34176
1.35248
1.37271
1.3197
1.34704
1.36125
1.3714
1.3714
1.31986
1.31986
1.32265
1.312
1.312
1.312
1.312
1.27744
1.37829
1.38008
1.38008
1.39147
1.39857
1.39768
1.39922
1.39922
1.40687
1.40737
1.43036
1.42992
1.43735
1.43735
1.44259
1.44547
1.44879
1.44879
1.46276
1.45767
1.46162
1.47151
1.47356
1.46847
1.50549
1.50029
1.49674
1.49668
1.49337
1.49051
1.5108
1.54163
1.54163
1.53897
1.56113
1.55222
1.55222
1.55219
1.55129
1.55099
1.60809
1.61045
1.62466
1.63638
1.64771
1.63693
1.6402
1.64069
1.62813
1.62813
1.62813
1.67747
1.67848
1.67848
1.6805
1.6796
1.67918
1.6782
1.72234
1.72515
1.73009
1.73397
1.75033
1.74807
1.7388
1.73392
1.73046
1.79068
1.7893
1.79279
1.79408
1.82064
1.82064
1.8227
1.82851
1.82484
1.82211
1.81925
1.85158
1.85868
1.85947
1.85628
1.86135
1.88245
1.88052
1.88052
1.8777
1.87761
1.90599
1.9092
1.90848
1.9105
1.91267
1.91834
1.91795
1.9175
1.91535
1.91416
1.93475
1.93475
1.93151
1.93128
1.94647
1.94569
1.94356
1.94181
1.93942
1.96106
1.95802
1.95303
1.95062
1.95062
1.94286
1.98282
1.98132
1.98054
1.97173
1.97173
1.97101
1.99919
2.00066
1.9998
