0
0
0
0
0
0
0
0
0
0
0
0
0
0
0
0
0
0
0
0
0
0
0
0
0
0
0
0
0
0
0
0
0
0
0
0
0
0
0
0
0
0
0
0
0
0
0
0
0
0
0
0
0
0
0
0
0
0
0
0
0
0
0
0
0
0
0
0
0
0
0
0
0
0
0
0
0
0
0
0
0
0
0
0
0
0
0
0
0
0
0
0
0
0
0
0
0
0
0
0
0
0
0
0
0
0
0
0
0
0
0
0
0
0
0
0
0
0
0
0
0
0
0
0
0
0
0
0
0
0
0
0
0
0
0
0
0
0
0
0
0
0
0
0
0
0
0
0
0
0
0
0
0
0
0
0
0
0
0
0
0
0
0
0
0
0
0
0
0
0
0
0
0
0
0
0
0
0
0
0
0
0
0
0
0
0
0
0
0
0
0
0
0
0
0
0
0
0
0
0
0
0
0
0
0
0
0
0
0
0
0
0
0
0
0
0
0
0
0
0
0
0
0
0
0
0
0
0
0
0
0
0
0
0
0
0
0
0
0
0
0
0
0
0
0
0
0
0
0
0
0
0
0
0
0
0
0
0
0
0
0
0
0
0
0
0
0
0
0
0
0
0
0
0
0
0
0
0
0
0
0
0
0
0
0
0
0
0
0
0
0
0
0
0
0
0
0
0
0
0
0
0
0
0
0
0
0
0
0
0
0
0
0
0
0
0
0
0
0
0
0
0
0
0
0
0
0
0
0
0
0
0
0
0
0
0
0
0
0
0
0
0
0
0
0
0
0
0
0
0
0
0
0
0
0
0
0
0
0
0
0
0
0
0
0
0
0
0
0
0
0
0
0
0
0
0
0
0
0
0
0
0
0
0
0
0
0
0
0
0
0
0
0
0
0
0
0
0
0
0
0
0
0
0
0
0
0
0
0
0
0
0
0
0
0
0
0
0
0
0
0
0
0
0
0
0
0
0
0
0
0
0
0
0
0
0
0
0
0
0
0
0
0
0
0
0
0
0
0
0
0
0
0
0
0
0
0
0
0
0
0
0
0
0
0
0
0
0
0
0
0
0
0
0
0
0
0
0
0
0
0
0
0
0
0
0
0
0
0
0
0
0
0
0
0
0
0
0
0
0
-0.000103896
-0.000103917
-0.00077222
-0.00107711
0.00158407
0.0011249
0.000726428
0.000376978
0.00404397
0.00393264
0.00378713
0.00354085
0.0034701
0.0034701
0.0076177
0.00837135
0.00819158
0.00838492
0.00869934
0.0114519
0.00816679
0.00757363
0.00649016
0.0145748
0.0139362
0.0137712
0.0240255
0.0230638
0.0178811
0.0185276
0.0191504
0.0194858
0.0204648
0.0211681
0.0220807
0.022735
0.0228248
0.0228248
0.0239793
0.0245016
0.0256719
0.0256719
0.0256719
0.0276358
0.0279911
0.0286381
0.0286381
0.0301016
0.0304415
0.0306606
0.0308219
0.0311079
0.0337638
0.0336626
0.0338278
0.0339374
0.0339914
0.0370187
0.0366303
0.0365094
0.0361901
0.0405545
0.0395496
0.0395496
0.0387933
0.0382612
0.0437599
0.0437599
0.043146
0.0428612
0.0475699
0.0474099
0.0467719
0.0465752
0.0461886
0.0508371
0.0506641
0.0504177
0.0503114
0.054284
0.054277
0.054442
0.0547671
0.0568676
0.0573197
0.0577104
0.058335
0.0591167
0.0591167
0.0604563
0.0611687
0.0620707
0.0620707
0.0624685
0.0638879
0.0642976
0.0651052
0.0651052
0.0678867
0.0678867
0.0693836
0.069606
0.0711311
0.0711641
0.0712687
0.0712687
0.0730198
0.0737044
0.0736551
0.073494
0.0733534
0.0767203
0.076211
0.0760111
0.0757821
0.075569
0.0795298
0.0791427
0.078956
0.0788501
0.0825348
0.0821097
0.0820232
0.0817835
0.0816949
0.0852074
0.0850387
0.0850387
0.0881823
0.0883256
0.0883624
0.0884674
0.0885888
0.0887249
0.0911882
0.0916756
0.0918883
0.0920943
0.093906
0.093906
0.0943861
0.0945572
0.0949082
0.0967867
0.0969946
0.0973455
0.0990893
0.0991436
0.0996839
0.0998411
0.100151
0.100337
0.10025
0.103366
0.103565
0.103706
0.103976
0.104421
0.106184
0.106526
0.106774
0.106844
0.109372
0.109464
0.109464
0.10949
0.109487
0.112527
0.112505
0.112482
0.112482
0.112165
0.115556
0.11543
0.11535
0.11513
0.118636
0.118636
0.118259
0.118259
0.121949
0.12184
0.121485
0.12111
0.120498
0.125389
0.124972
0.124781
0.124193
0.128738
0.128835
0.128306
0.128013
0.127849
0.132172
0.132008
0.131642
0.131642
0.135608
0.13565
0.135429
0.135331
0.135238
0.139664
0.139836
0.139836
0.139485
0.139447
0.139447
0.139258
0.144812
0.144812
0.144714
0.144505
0.144432
0.148327
0.148094
0.147973
0.147623
0.151973
0.151857
0.151698
0.151257
0.156211
0.15606
0.155715
0.155143
0.154761
0.160071
0.160032
0.159399
0.158637
0.158637
0.164136
0.163658
0.163411
0.162537
0.168536
0.168154
0.167628
0.167256
0.166699
0.17285
0.17257
0.171533
0.170954
0.177633
0.177337
0.176424
0.175461
0.182389
0.182389
0.181753
0.181066
0.179839
0.187218
0.186832
0.186022
0.185209
0.19262
0.191469
0.191469
0.190072
0.189263
0.19713
0.19713
0.195936
0.195173
0.194438
0.20265
0.202273
0.201115
0.200363
0.208667
0.209072
0.208303
0.207221
0.207221
0.214252
0.213474
0.212632
0.211808
0.221111
0.219897
0.219048
0.218231
0.226934
0.226724
0.225894
0.224728
0.224365
0.233868
0.233235
0.233735
0.219146
0.219146
0.235419
0.235419
0.242767
0.24213
0.240877
0.240101
0.24306
0.242869
0.241123
0.240544
0.251084
0.250438
0.249097
0.24829
0.246695
0.2577
0.257291
0.255687
0.255687
0.254803
0.265522
0.264299
0.264039
0.26324
0.27379
0.273593
0.272345
0.272262
0.271817
0.282514
0.282184
0.282188
0.282253
0.291533
0.291498
0.291697
0.293321
0.293308
0.300962
0.301054
0.30136
0.301603
0.310855
0.310941
0.311155
0.311349
0.321013
0.321013
0.321887
0.323215
0.324538
0.326822
0.328548
0.329598
0.329757
0.329968
0.330617
0.328722
0.328722
0.330995
0.330135
0.326681
0.327116
0.327721
0.329174
0.319338
0.318994
0.31952
0.319937
0.320039
0.311085
0.311073
0.311073
0.311225
0.311367
0.303968
0.302699
0.303021
0.304043
0.29754
0.297404
0.297716
0.298128
0.29121
0.291513
0.291774
0.292049
0.292635
0.284592
0.284592
0.287365
0.287365
0.289265
0.277595
0.277562
0.277548
0.278076
0.279718
0.280291
0.27282
0.274266
0.274964
0.277169
0.266282
0.267885
0.270285
0.271016
0.261242
0.262028
0.264253
0.266348
0.266348
0.257413
0.258834
0.259445
0.260613
0.253102
0.253691
0.254729
0.254729
0.255721
0.255721
0.247637
0.248104
0.249851
0.249851
0.251345
0.243645
0.244563
0.245537
0.246424
0.247246
0.240339
0.240863
0.24154
0.241833
0.237075
0.237168
0.237695
0.237876
0.238366
0.234205
0.234233
0.234437
0.234592
0.23166
0.231803
0.232177
0.232621
0.227928
0.227928
0.227928
0.228658
0.229108
0.229535
0.230964
0.225156
0.22569
0.227107
0.228016
0.228473
0.223157
0.22403
0.224887
0.225322
0.220337
0.22137
0.221779
0.22261
0.223896
0.219427
0.220158
0.220591
0.220889
0.216777
0.217912
0.217912
0.218576
0.21922
0.215781
0.216113
0.216903
0.217269
0.214213
0.214627
0.214843
0.215279
0.215686
0.213403
0.213572
0.213707
0.214323
0.2145
0.212513
0.212693
0.213325
0.211347
0.211389
0.21225
0.21225
0.210669
0.210737
0.210943
0.210787
0.211406
0.211797
0.211797
0.210874
0.211835
0.211835
0.209832
0.210147
0.210411
0.211197
0.211604
0.208768
0.209166
0.209499
0.209533
0.208665
0.208666
0.208711
0.208734
0.208729
0.208681
0.208697
0.20882
0.20887
0.208643
0.208657
0.208724
0.208785
0.208789
0.208887
0.208953
0.20902
0.209162
0.209198
0.209224
0.209327
0.209327
0.209327
0.209327
0.209502
0.20956
0.209599
0.209628
0.209706
0.209717
0.209601
0.209286
0.209153
0.210277
0.209957
0.209788
0.209238
0.211206
0.211139
0.210346
0.210018
0.2092
0.212436
0.212165
0.211551
0.211368
0.210877
0.213677
0.212853
0.212601
0.212601
0.212601
0.211152
0.211152
0.211152
0.215377
0.211357
0.212022
0.212022
0.212277
0.217949
0.217926
0.217756
0.217788
0.219448
0.220182
0.220001
0.219316
0.218753
0.22132
0.220762
0.220424
0.219847
0.224272
0.223605
0.222953
0.222562
0.221374
0.226815
0.226102
0.22545
0.225353
0.229817
0.229596
0.229596
0.22812
0.22812
0.227336
0.233396
0.233221
0.232902
0.231811
0.231141
0.236475
0.235616
0.234706
0.233815
0.240111
0.239672
0.239238
0.2379
0.244452
0.243958
0.243597
0.242144
0.241114
0.248377
0.247269
0.246241
0.245194
0.244232
0.251974
0.250886
0.249788
0.248773
0.24825
0.256011
0.254931
0.253694
0.252408
0.260956
0.259712
0.258345
0.257045
0.266668
0.265402
0.263505
0.262875
0.26164
0.271515
0.270235
0.268945
0.267677
0.277667
0.276434
0.275159
0.275159
0.27387
0.283016
0.280154
0.280154
0.280154
0.277617
0.29068
0.290117
0.289492
0.288513
0.286699
0.298024
0.296228
0.295568
0.290895
0.303443
0.302672
0.301349
0.278146
0.278146
0.303445
0.29971
0.29519
0.293827
0.311214
0.311214
0.307996
0.304262
0.32572
0.32572
0.325328
0.325328
0.319951
0.319951
0.318248
0.318157
0.317679
0.317773
0.341691
0.341991
0.343912
0.346183
0.351942
0.354193
0.355272
0.357498
0.361997
0.364104
0.365834
0.3677
0.369161
0.374742
0.376626
0.377386
0.380811
0.386171
0.38682
0.388114
0.388359
0.393847
0.393246
0.395761
0.395885
0.394704
0.393573
0.397444
0.395379
0.395077
0.399495
0.399017
0.401134
0.40252
0.405063
0.406889
0.388694
0.391515
0.392666
0.393872
0.378241
0.379728
0.381566
0.382176
0.383359
0.369237
0.37042
0.371677
0.371677
0.356255
0.356255
0.358635
0.359581
0.360446
0.361227
0.348034
0.348797
0.349033
0.349438
0.339946
0.339866
0.339588
0.339621
0.339651
0.332539
0.332267
0.332083
0.331477
0.325616
0.328162
0.328064
0.327959
0.327967
0.31843
0.318615
0.318737
0.318958
0.312124
0.312777
0.313663
0.314094
0.315165
0.304326
0.305128
0.306852
0.30844
0.310133
0.297785
0.300126
0.302016
0.303722
0.305538
0.292642
0.295187
0.295966
0.297415
0.2862
0.287782
0.289263
0.290743
0.292203
0.281945
0.283232
0.284553
0.285822
0.2767
0.277798
0.277798
0.277798
0.277798
0.281437
0.281437
0.266086
0.265659
0.265659
0.265659
0.265659
0.265659
0.261187
0.266638
0.266469
0.265859
0.264236
0.265198
0.267439
0.268186
0.25996
0.260066
0.261729
0.262236
0.263518
0.25601
0.256689
0.257695
0.257695
0.258492
0.258492
0.252868
0.254195
0.254697
0.254475
0.249346
0.249372
0.249672
0.250209
0.246532
0.246568
0.247061
0.247376
0.247629
0.244452
0.244597
0.245518
0.245827
0.242076
0.242732
0.243383
0.243727
0.239918
0.240212
0.240659
0.241821
0.242213
0.237926
0.237926
0.239268
0.239725
0.240201
0.24245
0.234705
0.235388
0.236537
0.237103
0.238219
0.232726
0.233221
0.233877
0.234155
0.234464
0.231093
0.23185
0.232068
0.232624
0.229744
0.230116
0.230273
0.230273
0.228812
0.228744
0.228767
0.22872
0.228711
0.228144
0.228113
0.22814
0.228151
0.22825
0.227451
0.227563
0.227613
0.227647
0.227032
0.227084
0.227125
0.22726
0.227301
0.226927
0.227204
0.227478
0.226673
0.226743
0.226895
0.227231
0.227386
0.227476
0.227045
0.227141
0.227387
0.227633
0.227082
0.227293
0.227522
0.227682
0.227763
0.227577
0.227608
0.227504
0.227434
0.228207
0.228093
0.227935
0.227859
0.229095
0.229099
0.228663
0.228663
0.227861
0.230108
0.229883
0.229499
0.228855
0.231629
0.231393
0.230694
0.230453
0.230036
0.232793
0.232282
0.231977
0.231977
0.230778
0.234115
0.233276
0.232478
0.231678
0.235878
0.235155
0.23446
0.23366
0.233255
0.238267
0.237077
0.236366
0.235362
0.240505
0.239566
0.238649
0.237755
0.236869
0.242576
0.242142
0.241287
0.240021
0.24571
0.244875
0.243819
0.242919
0.242042
0.248748
0.248332
0.246992
0.245889
0.245889
0.252188
0.252009
0.252009
0.248889
0.248136
0.247649
0.24686
0.257628
0.256643
0.255514
0.254365
0.253239
0.261049
0.259976
0.258766
0.257568
0.265973
0.264795
0.263592
0.262189
0.270626
0.270025
0.268747
0.267538
0.266373
0.275593
0.27442
0.27322
0.271968
0.280684
0.280684
0.280116
0.280116
0.274418
0.271724
0.290163
0.288933
0.288102
0.285569
0.283944
0.29537
0.295538
0.293874
0.291452
0.302469
0.300849
0.299134
0.297471
0.295566
0.308936
0.30738
0.306656
0.304548
0.316468
0.313849
0.312486
0.311053
0.309866
0.323159
0.322244
0.309956
0.299935
0.32376
0.32223
0.318182
0.315868
0.313069
0.332761
0.32908
0.328147
0.326571
0.325317
0.343036
0.341006
0.340398
0.340086
0.353342
0.352901
0.353194
0.3535
0.364054
0.364408
0.364076
0.364873
0.365616
0.376314
0.377074
0.377074
0.377806
0.378005
0.378627
0.390762
0.391038
0.391245
0.38842
0.401089
0.403608
0.405976
0.407408
0.408579
0.407214
0.406344
0.405278
0.405006
0.404229
0.410971
0.415212
0.415516
0.41614
0.406805
0.409642
0.413256
0.414338
0.394212
0.394015
0.39589
0.397755
0.399499
0.382865
0.382865
0.38437
0.385404
0.3864
0.372578
0.372725
0.373068
0.373824
0.374276
0.363262
0.363381
0.363775
0.364158
0.354116
0.354216
0.354668
0.354882
0.346295
0.34574
0.346855
0.346855
0.347947
0.349486
0.349971
0.334237
0.335431
0.336494
0.337029
0.338854
0.326399
0.327715
0.32923
0.329985
0.319169
0.320083
0.321885
0.322772
0.312185
0.31459
0.316601
0.316601
0.319684
0.305741
0.306827
0.309889
0.31076
0.313434
0.299153
0.300159
0.30316
0.30316
0.303922
0.292462
0.292628
0.29472
0.296146
0.29685
0.287847
0.288505
0.289726
0.292216
0.283964
0.284027
0.284477
0.286221
0.286753
0.279823
0.279823
0.280629
0.281517
0.275961
0.275995
0.276245
0.277352
0.277352
0.271993
0.272925
0.272925
0.273696
0.274612
0.274612
0.266616
0.266956
0.267343
0.268521
0.269199
0.263025
0.263419
0.263917
0.264889
0.259107
0.259468
0.260099
0.260319
0.26107
0.256644
0.25683
0.256953
0.257589
0.257905
0.253518
0.2542
0.25476
0.255044
0.250467
0.251024
0.25198
0.252643
0.252643
0.252643
0.247878
0.248054
0.252129
0.252538
0.253652
0.244508
0.245687
0.245687
0.246639
0.241789
0.242153
0.242487
0.242779
0.243075
0.23969
0.240136
0.240404
0.241213
0.23778
0.237954
0.238285
0.238322
0.238378
0.23626
0.236447
0.236547
0.236547
0.23512
0.235208
0.235863
0.236173
0.233577
0.233577
0.23402
0.234209
0.234411
0.232835
0.233039
0.233149
0.233664
0.234017
0.232108
0.232508
0.233201
0.233436
0.231181
0.231423
0.231653
0.231949
0.232235
0.230784
0.231049
0.231363
0.231677
0.230311
0.230505
0.230975
0.230975
0.231166
0.231573
0.229969
0.229916
0.229822
0.229715
0.230158
0.229973
0.229812
0.229508
0.230379
0.230322
0.230047
0.229877
0.229224
0.23124
0.230808
0.23048
0.230144
0.229766
0.232047
0.231478
0.23118
0.230677
0.230677
0.232806
0.232316
0.232316
0.231426
0.23127
0.234052
0.233643
0.233643
0.231668
0.236024
0.236002
0.235856
0.235487
0.234588
0.237322
0.237322
0.235637
0.235295
0.239353
0.238843
0.238072
0.237673
0.236453
0.241206
0.240708
0.238665
0.238132
0.237271
0.243129
0.242672
0.242267
0.240675
0.240272
0.245305
0.244926
0.244214
0.248857
0.248534
0.247809
0.246974
0.246136
0.254485
0.254229
0.254229
0.253411
0.257774
0.257012
0.256523
0.254961
0.254352
0.260364
0.259087
0.257047
0.256357
0.265814
0.265814
0.26321
0.26201
0.270246
0.268919
0.267633
0.265448
0.26473
0.274967
0.273022
0.271708
0.271061
0.279901
0.278657
0.278014
0.276758
0.274977
0.285144
0.283383
0.282454
0.281884
0.291078
0.289927
0.288613
0.2868
0.2868
0.296387
0.295127
0.293266
0.292685
0.302474
0.301379
0.300721
0.299474
0.298257
0.308924
0.307107
0.306452
0.304549
0.304549
0.314399
0.312981
0.310427
0.310012
0.320094
0.320094
0.318119
0.31647
0.328907
0.327185
0.326319
0.323747
0.322955
0.321576
0.321576
0.321576
0.321576
0.320736
0.323834
0.346641
0.34446
0.342107
0.339668
0.338798
0.356615
0.354348
0.352987
0.35197
0.367217
0.367485
0.366018
0.365845
0.365651
0.378952
0.378103
0.377861
0.37794
0.389962
0.391022
0.39032
0.390793
0.391449
0.402884
0.402822
0.403009
0.403009
0.416053
0.416665
0.425801
0.43027
0.431165
0.432406
0.432197
0.426659
0.424335
0.422434
0.426417
0.426417
0.427858
0.428742
0.430323
0.431653
0.415637
0.416216
0.416829
0.417768
0.404441
0.404393
0.404478
0.404684
0.405034
0.393987
0.39441
0.393916
0.394
0.394
0.394178
0.379371
0.379371
0.379371
0.379061
0.377654
0.36748
0.36748
0.367185
0.366962
0.366403
0.358476
0.358477
0.358332
0.357895
0.35017
0.349917
0.350854
0.351658
0.341089
0.341634
0.343517
0.344939
0.346616
0.333363
0.334353
0.336282
0.338134
0.339099
0.324467
0.327496
0.329316
0.329316
0.333098
0.333098
0.338018
0.313339
0.314529
0.316259
0.317416
0.31912
0.306247
0.307768
0.309427
0.310996
0.299994
0.301145
0.301808
0.302408
0.304071
0.294392
0.294926
0.295799
0.296555
0.289589
0.289674
0.290116
0.290656
0.284637
0.284282
0.287129
0.287777
0.288109
0.289094
0.280043
0.280654
0.281309
0.281993
0.275618
0.276415
0.277404
0.279024
0.279024
0.272172
0.273437
0.274812
0.27625
0.267564
0.269121
0.270672
0.272215
0.27302
0.264564
0.266904
0.267681
0.269258
0.260654
0.261579
0.262258
0.264261
0.265481
0.266745
0.256355
0.257652
0.258726
0.259858
0.252987
0.253498
0.254313
0.255237
0.255828
0.250253
0.251859
0.252121
0.252553
0.247826
0.247863
0.248063
0.248402
0.248432
0.245549
0.245638
0.245762
0.245702
0.243775
0.243717
0.244005
0.244473
0.244533
0.244533
0.241817
0.242276
0.250924
0.251877
0.252328
0.238416
0.238999
0.239084
0.239084
0.235838
0.235792
0.23571
0.235671
0.235559
0.234173
0.234094
0.234021
0.233984
0.232731
0.232453
0.232409
0.232266
0.231497
0.231445
0.231445
0.231526
0.231581
0.230446
0.230446
0.230493
0.231136
0.231136
0.231174
0.231118
0.229202
0.229504
0.229638
0.22998
0.230081
0.228358
0.228552
0.228588
0.228612
0.22862
0.227884
0.227702
0.227424
0.227139
0.228032
0.227595
0.227343
0.227343
0.228343
0.228074
0.227967
0.227723
0.227723
0.228774
0.228615
0.228615
0.227615
0.225514
0.225449
0.229821
0.229969
0.229952
0.230033
0.229905
0.230677
0.230487
0.230392
0.229995
0.232047
0.231826
0.231399
0.231104
0.230686
0.2336
0.23323
0.232893
0.23244
0.235089
0.235123
0.234853
0.234447
0.234018
0.237079
0.236882
0.236429
0.236021
0.234942
0.23903
0.238618
0.238098
0.237909
0.241426
0.241006
0.240254
0.239586
0.244146
0.243821
0.243124
0.242439
0.241757
0.246893
0.245983
0.245623
0.244911
0.244166
0.249527
0.249108
0.247481
0.2468
0.245806
0.253266
0.251886
0.251349
0.24973
0.255909
0.255909
0.254184
0.252695
0.251955
0.25968
0.258942
0.257504
0.255329
0.255329
0.262929
0.261348
0.259946
0.26884
0.26884
0.267505
0.26545
0.263991
0.263991
0.272841
0.27143
0.269369
0.278412
0.282464
0.282464
0.282464
0.283603
0.282586
0.281541
0.284699
0.283141
0.280807
0.277761
0.291022
0.289978
0.287968
0.285986
0.284077
0.296784
0.295823
0.294018
0.292257
0.304484
0.303741
0.302303
0.300684
0.298863
0.311021
0.30975
0.308425
0.308425
0.317976
0.316596
0.315883
0.312925
0.310999
0.308573
0.326942
0.326212
0.323846
0.323846
0.321571
0.335286
0.333102
0.332379
0.318673
0.310734
0.337018
0.335129
0.332048
0.332048
0.349103
0.346937
0.3453
0.344566
0.359901
0.359349
0.357591
0.357242
0.356676
0.371429
0.371288
0.370307
0.370307
0.384765
0.384765
0.385561
0.385588
0.385876
0.386252
0.39781
0.39781
0.397982
0.400098
0.403073
0.406784
0.409725
0.409176
0.408579
0.410426
0.409873
0.409493
0.408246
0.418569
0.418569
0.41435
0.415869
0.417932
0.405662
0.406532
0.406561
0.407355
0.408252
0.395233
0.394825
0.394995
0.395105
0.39514
0.383395
0.38298
0.382985
0.38297
0.375476
0.375286
0.375616
0.37604
0.37604
0.366394
0.367332
0.367332
0.367928
0.35757
0.35799
0.358575
0.359225
0.349284
0.349665
0.350323
0.3512
0.352267
0.340037
0.345978
0.346821
0.348654
0.350585
0.328892
0.332327
0.332327
0.336709
0.320963
0.323404
0.323404
0.326604
0.312983
0.312983
0.317436
0.319539
0.321677
0.307569
0.308636
0.311302
0.312156
0.313846
0.302325
0.303012
0.305625
0.305625
0.306908
0.297093
0.298082
0.291208
0.291208
0.291208
0.292499
0.292499
0.294718
0.294718
0.286979
0.287723
0.288132
0.289304
0.281966
0.282795
0.28368
0.284661
0.285636
0.278157
0.279699
0.280255
0.282059
0.275041
0.275041
0.276228
0.278099
0.278742
0.270652
0.271788
0.273676
0.274318
0.266974
0.269454
0.270064
0.270698
0.261748
0.261748
0.262403
0.263905
0.263905
0.266095
0.259394
0.260477
0.26147
0.26147
0.255716
0.256867
0.258117
0.258525
0.258928
0.25307
0.25404
0.254675
0.254976
0.255546
0.250824
0.251094
0.251607
0.252319
0.249241
0.249241
0.249241
0.249472
0.24964
0.250228
0.24551
0.245705
0.246033
0.246417
0.24677
0.243316
0.243575
0.243973
0.244093
0.241279
0.241437
0.241598
0.241748
0.241857
0.239797
0.239899
0.240189
0.240464
0.2382
0.238396
0.238396
0.23932
0.235901
0.235901
0.23635
0.237004
0.237276
0.237795
0.234364
0.234592
0.234739
0.234857
0.234845
0.232398
0.232198
0.231952
0.231809
0.231139
0.230907
0.230429
0.229621
0.229334
0.230405
0.230259
0.22997
0.229672
0.230493
0.316366
0.316366
0.270132
0.270274
0.270815
0.269321
0.26416
0.260167
0.258024
0.271339
0.266778
0.266778
0.257599
0.275328
0.270711
0.270711
0.262038
0.278597
0.27982
0.273953
0.270837
0.266689
0.265532
0.277612
0.276796
0.276294
0.276235
0.279412
0.279618
0.280463
0.281248
0.279094
0.281762
0.283174
0.286384
0.289803
0.278863
0.282762
0.289092
0.291275
0.275682
0.280039
0.283864
0.2898
0.293603
0.276574
0.283549
0.285153
0.287949
0.278644
0.281893
0.282575
0.283776
0.283776
0.280002
0.280416
0.280838
0.279823
0.281735
0.281735
0.281735
0.278346
0.27588
0.282897
0.280063
0.280063
0.275164
0.287573
0.285929
0.280468
0.276629
0.274673
0.290849
0.28723
0.28231
0.280706
0.29379
0.292305
0.289742
0.285654
0.29696
0.295266
0.294031
0.292357
0.290757
0.299992
0.299167
0.298031
0.297672
0.297672
0.302624
0.302647
0.303095
0.303405
0.304057
0.306379
0.306379
0.307332
0.308789
0.308424
0.310069
0.310876
0.311278
0.312938
0.314004
0.314004
0.314479
0.314509
0.318223
0.318223
0.317726
0.316524
0.323832
0.323832
0.320287
0.318452
0.318452
0.331834
0.331834
0.328852
0.327655
0.326463
0.338852
0.337673
0.334169
0.332843
0.330109
0.344779
0.343448
0.328139
0.323057
0.350265
0.348199
0.342848
0.339743
0.335483
0.35886
0.357422
0.355698
0.352111
0.372174
0.362657
0.359895
0.358344
0.357331
0.373587
0.373587
0.373587
0.373587
0.373186
0.380669
0.390139
0.392261
0.392912
0.39528
0.396476
0.402184
0.403309
0.405276
0.407863
0.409158
0.415208
0.416936
0.418856
0.420804
0.426154
0.426559
0.428215
0.429991
0.435057
0.437845
0.438763
0.438315
0.436724
0.440858
0.439944
0.439944
0.437801
0.451418
0.451418
0.454394
0.457514
0.435134
0.433739
0.437924
0.440545
0.443165
0.421366
0.4242
0.426702
0.430471
0.431631
0.41163
0.413863
0.416311
0.418649
0.398577
0.399546
0.401974
0.40371
0.405327
0.388592
0.38883
0.38883
0.390574
0.390574
0.376874
0.376195
0.376378
0.376616
0.376873
0.368912
0.368677
0.368625
0.368657
0.360817
0.360817
0.360465
0.360599
0.360958
0.353097
0.353587
0.354139
0.354909
0.344919
0.346149
0.347391
0.349476
0.35029
0.337968
0.340001
0.342039
0.344275
0.329101
0.33056
0.334557
0.337334
0.340223
0.323383
0.326459
0.334154
0.334154
0.313692
0.315643
0.31865
0.321705
0.324748
0.307918
0.310655
0.311991
0.316061
0.318629
0.303754
0.305926
0.307025
0.31019
0.298345
0.299176
0.300573
0.301369
0.303639
0.293945
0.294929
0.295906
0.296849
0.289582
0.290027
0.290739
0.291529
0.291949
0.285486
0.285575
0.285804
0.286347
0.281935
0.281841
0.282354
0.282575
0.283068
0.278273
0.278684
0.279254
0.279891
0.274816
0.275226
0.276066
0.27659
0.278153
0.271289
0.272767
0.27395
0.275214
0.267134
0.268359
0.269749
0.271164
0.272765
0.264594
0.267112
0.267112
0.26848
0.269944
0.262331
0.262997
0.26368
0.265022
0.258047
0.259282
0.260386
0.261468
0.262506
0.255616
0.257014
0.258227
0.258953
0.253662
0.253923
0.254435
0.254822
0.251431
0.251502
0.251637
0.251915
0.251954
0.249808
0.249869
0.249917
0.249344
0.249344
0.249344
0.247777
0.247893
0.247897
0.247792
0.246304
0.246221
0.246161
0.246065
0.246102
0.245108
0.245681
0.245761
0.245961
0.243908
0.243969
0.244143
0.244346
0.244587
0.24314
0.243482
0.243862
0.244302
0.24239
0.242644
0.243151
0.243566
0.243916
0.241717
0.242379
0.242379
0.243906
0.244445
0.240836
0.240945
0.240329
0.240181
0.24029
0.240857
0.24092
0.240831
0.240551
0.241368
0.241249
0.241009
0.240698
0.240218
0.24189
0.241663
0.240898
0.240703
0.240504
0.242519
0.241538
0.240877
0.240555
0.243749
0.24345
0.242613
0.24235
0.241809
0.244877
0.243964
0.243964
0.243368
0.242424
0.246595
0.245523
0.245028
0.244811
0.248181
0.248219
0.2479
0.247789
0.249721
0.249903
0.249668
0.24948
0.248834
0.248652
0.251645
0.251295
0.250868
0.250489
0.253755
0.253513
0.253052
0.256262
0.256262
0.256339
0.256239
0.255123
0.254701
0.25931
0.25931
0.258437
0.257288
0.256346
0.262487
0.261539
0.260007
0.260007
0.259058
0.26522
0.26456
0.261961
0.261961
0.269533
0.268976
0.267085
0.266487
0.273405
0.272181
0.271166
0.270133
0.270133
0.27735
0.276075
0.276075
0.272805
0.281786
0.281805
0.281209
0.278573
0.277743
0.287492
0.287535
0.286214
0.284148
0.28354
0.292167
0.29072
0.289036
0.287788
0.286609
0.297296
0.296056
0.293249
0.292613
0.30292
0.302307
0.299938
0.299148
0.297688
0.308542
0.307816
0.305281
0.303785
0.303068
0.295871
0.295871
0.293383
0.293839
0.291497
0.31978
0.316893
0.315759
0.313574
0.324152
0.322269
0.318325
0.313821
0.310971
0.335614
0.333108
0.328603
0.327319
0.32647
0.344178
0.341909
0.342713
0.344113
0.355405
0.35722
0.360217
0.364313
0.365847
0.367711
0.369429
0.368835
0.372147
0.372147
0.379624
0.383321
0.383321
0.384966
0.387947
0.388801
0.39464
0.395751
0.39614
0.399101
0.405279
0.405279
0.405308
0.403165
0.401912
0.406844
0.404354
0.403601
0.402887
0.41388
0.413538
0.413814
0.416078
0.406354
0.40647
0.407515
0.408174
0.408388
0.395656
0.396588
0.397071
0.397868
0.397868
0.387016
0.384285
0.384598
0.385076
0.385493
0.374727
0.374899
0.375088
0.375516
0.365273
0.365442
0.365442
0.365753
0.365797
0.356548
0.356828
0.356878
0.357043
0.357156
0.348354
0.348899
0.349199
0.349381
0.340544
0.34142
0.342056
0.342733
0.332514
0.332514
0.334317
0.336382
0.337527
0.325324
0.32598
0.328988
0.329679
0.330414
0.319024
0.320744
0.322346
0.323149
0.310862
0.314394
0.315222
0.316897
0.317726
0.306287
0.307175
0.309581
0.310358
0.299684
0.300435
0.302588
0.303897
0.304568
0.295686
0.296861
0.296861
0.298025
0.289518
0.290523
0.29304
0.29304
0.29304
0.283976
0.284397
0.285222
0.286004
0.286763
0.279484
0.280138
0.280751
0.281333
0.275434
0.275872
0.276119
0.276598
0.276838
0.271593
0.272035
0.272485
0.272761
0.268031
0.26781
0.268348
0.268864
0.264276
0.26456
0.265494
0.267234
0.267234
0.267657
0.260433
0.261118
0.26196
0.262652
0.257303
0.257699
0.258417
0.259517
0.259888
0.254362
0.255101
0.255789
0.256133
0.251602
0.251936
0.252608
0.253258
0.253898
0.249185
0.250071
0.25077
0.251337
0.251804
0.247068
0.24771
0.24771
0.248146
0.244708
0.24486
0.245416
0.245018
0.242903
0.243049
0.243144
0.243236
0.243378
0.241161
0.241205
0.241251
0.241271
0.239692
0.239523
0.239576
0.2396
0.239662
0.238144
0.238198
0.238162
0.238103
0.238066
0.237029
0.236963
0.23693
0.236938
0.236023
0.235989
0.235367
0.235407
0.235437
0.235053
0.235004
0.234939
0.234885
0.234433
0.234378
0.234348
0.234326
0.234292
0.233897
0.233875
0.233872
0.233873
0.233544
0.23321
0.233045
0.232893
0.232718
0.23339
0.233165
0.232987
0.232799
0.233487
0.233253
0.233112
0.232858
0.233767
0.233492
0.233052
0.23259
0.232101
0.23435
0.233855
0.233418
0.232917
0.235284
0.234754
0.234103
0.233448
0.23271
0.23616
0.235486
0.23476
0.234046
0.233319
0.236975
0.236259
0.23555
0.234455
0.238665
0.237975
0.237143
0.236313
0.240451
0.239971
0.238735
0.238418
0.238504
0.242211
0.241397
0.240615
0.239854
0.239055
0.243761
0.243021
0.242583
0.241206
0.246732
0.24569
0.244973
0.244133
0.249292
0.248862
0.247582
0.247116
0.246197
0.251965
0.250984
0.249396
0.248481
0.248481
0.253662
0.253662
0.252635
0.250953
0.258051
0.256767
0.2555
0.254283
0.253597
0.260903
0.260247
0.257585
0.256206
0.265036
0.264414
0.262937
0.260815
0.269806
0.268291
0.267597
0.264934
0.263142
0.273994
0.270472
0.270472
0.269238
0.266509
0.265619
0.277966
0.276454
0.272626
0.27582
0.283846
0.282055
0.276287
0.274354
0.273413
0.287633
0.285891
0.284975
0.283216
0.295032
0.293365
0.28904
0.28904
0.288211
0.299503
0.298627
0.296906
0.291228
0.304914
0.304031
0.301389
0.299595
0.313019
0.311331
0.311331
0.307848
0.306239
0.305439
0.320634
0.319841
0.317368
0.316566
0.32188
0.318704
0.317049
0.319157
0.332041
0.332041
0.328195
0.325493
0.323172
0.34225
0.341131
0.33906
0.338685
0.352504
0.352938
0.352262
0.355063
0.35544
0.363906
0.363906
0.363652
0.364116
0.364396
0.375129
0.375096
0.375386
0.376245
0.384896
0.385921
0.386137
0.386227
0.397395
0.39903
0.401332
0.403297
0.406465
0.403535
0.402785
0.40191
0.398802
0.397826
0.406584
0.413343
0.413797
0.414445
0.402411
0.402871
0.404879
0.406065
0.391506
0.391113
0.391846
0.39244
0.393045
0.380802
0.380802
0.381643
0.381643
0.371009
0.370896
0.371525
0.372183
0.372183
0.361514
0.361514
0.362535
0.363754
0.363754
0.352665
0.353424
0.353424
0.353424
0.35534
0.342513
0.343478
0.344026
0.345679
0.334834
0.335325
0.336535
0.33777
0.339079
0.327048
0.328614
0.329298
0.330768
0.319717
0.320611
0.322302
0.323973
0.32572
0.312856
0.315789
0.316648
0.318526
0.305423
0.307373
0.309287
0.311191
0.313102
0.300412
0.302391
0.304319
0.305197
0.308169
0.293442
0.295359
0.296283
0.299327
0.287959
0.289209
0.290359
0.293238
0.295088
0.28249
0.284259
0.285885
0.288338
0.289175
0.2788
0.280036
0.281421
0.282756
0.27451
0.275165
0.276305
0.277505
0.278668
0.270781
0.271883
0.273596
0.274162
0.266465
0.267643
0.268685
0.268685
0.270904
0.263844
0.264473
0.26551
0.267129
0.260294
0.261405
0.262461
0.26295
0.264019
0.257709
0.258611
0.259592
0.260708
0.254317
0.25442
0.255932
0.256804
0.257783
0.252167
0.252668
0.253477
0.254371
0.248641
0.249484
0.249885
0.251161
0.251761
0.246849
0.248002
0.248002
0.249139
0.250555
0.250555
0.251037
0.243686
0.244367
0.244975
0.245266
0.240966
0.241379
0.241689
0.242115
0.242209
0.239057
0.239566
0.239584
0.239748
0.237319
0.238141
0.238448
0.238541
0.238592
0.235871
0.235887
0.235954
0.236007
0.23458
0.23458
0.23458
0.23458
0.235036
0.235097
0.235097
0.233012
0.233012
0.233329
0.233329
0.234205
0.234205
0.23098
0.231122
0.230982
0.231057
0.229872
0.229912
0.229817
0.229716
0.229419
0.229319
0.229914
0.229893
0.229844
0.229015
0.228973
0.229007
0.229007
0.229023
0.228811
0.228725
0.228667
0.228654
0.228654
0.229126
0.229217
0.229294
0.229552
0.229721
0.229344
0.229512
0.22949
0.229473
0.229848
0.229833
0.229824
0.229671
0.229616
0.230721
0.230592
0.2306
0.230473
0.231665
0.231538
0.231344
0.230805
0.230614
0.233051
0.232509
0.231636
0.231375
0.234477
0.234674
0.235092
0.235092
0.234249
0.234249
0.235592
0.234913
0.234198
0.238196
0.238062
0.236915
0.236538
0.235761
0.2401
0.239281
0.238919
0.23818
0.236924
0.242186
0.240402
0.240402
0.239693
0.244181
0.244181
0.242954
0.242515
0.241466
0.247094
0.246711
0.246711
0.24393
0.243124
0.250519
0.249876
0.249397
0.248393
0.247217
0.253229
0.252693
0.251058
0.249491
0.249491
0.255954
0.254858
0.254197
0.252308
0.260081
0.259423
0.258175
0.256259
0.255622
0.264016
0.261579
0.260978
0.259789
0.268103
0.267454
0.265568
0.26432
0.26432
0.273446
0.271269
0.271269
0.271269
0.267599
0.266481
0.279675
0.278546
0.277194
0.275675
0.274194
0.284753
0.282529
0.281748
0.27908
0.290229
0.289493
0.287221
0.284958
0.284958
0.29561
0.294193
0.293494
0.291464
0.30263
0.301997
0.300687
0.297087
0.29578
0.310963
0.309793
0.308599
0.308008
0.306414
0.305921
0.317813
0.316606
0.301646
0.301168
0.321268
0.320358
0.317437
0.315797
0.329039
0.327869
0.325525
0.324996
0.319269
0.337688
0.337028
0.334475
0.333932
0.333623
0.348179
0.347651
0.347654
0.347654
0.358641
0.358637
0.358498
0.359049
0.359049
0.370155
0.371465
0.371655
0.372662
0.381086
0.381086
0.381614
0.382485
0.382485
0.392417
0.395909
0.397718
0.400921
0.399467
0.399507
0.395426
0.403151
0.410104
0.414761
0.412697
0.414104
0.416509
0.407909
0.407909
0.407909
0.413185
0.414209
0.416182
0.389419
0.391776
0.392287
0.39287
0.378915
0.379085
0.378331
0.378633
0.378655
0.369402
0.368602
0.368485
0.36856
0.360062
0.359989
0.359989
0.360518
0.351722
0.35132
0.351716
0.352197
0.352781
0.352781
0.340697
0.339885
0.341496
0.342562
0.332853
0.332759
0.335926
0.336705
0.338392
0.324742
0.325777
0.328627
0.330763
0.331886
0.319785
0.319785
0.322323
0.326124
0.311153
0.311153
0.313618
0.315916
0.30173
0.304229
0.305356
0.308511
0.309505
0.297552
0.297552
0.300348
0.302993
0.290601
0.291542
0.293597
0.294934
0.296239
0.285587
0.286193
0.287748
0.288239
0.289223
0.281564
0.281564
0.282962
0.282962
0.276676
0.276966
0.277646
0.277875
0.278327
0.273001
0.273168
0.273845
0.274032
0.26875
0.269424
0.269906
0.270156
0.265038
0.265335
0.265962
0.267283
0.267283
0.267635
0.26265
0.263447
0.262225
0.262797
0.264701
0.265151
0.257358
0.257999
0.259755
0.260363
0.254165
0.254748
0.25519
0.256915
0.250574
0.250574
0.252049
0.253446
0.253446
0.248233
0.248624
0.248915
0.249723
0.245347
0.245347
0.245418
0.245757
0.245875
0.243228
0.24264
0.24264
0.24264
0.243629
0.243629
0.243629
0.241425
0.239641
0.239871
0.24046
0.241182
0.241788
0.236526
0.236834
0.236958
0.236995
0.233868
0.233775
0.23351
0.233596
0.233113
0.23213
0.231692
0.231413
0.231116
0.231075
0.230933
0.230837
0.231016
0.23108
0.229811
0.229963
0.230175
0.230175
0.230871
0.230948
0.228903
0.229154
0.230184
0.226925
0.227033
0.228076
0.228814
0.229597
0.226065
0.226496
0.227136
0.228212
0.228977
0.225619
0.226723
0.227365
0.227706
0.225272
0.226197
0.226197
0.227055
0.227055
0.225373
0.225373
0.225538
0.225552
0.225552
0.225454
0.225454
0.225462
0.225811
0.22541
0.225702
0.225702
0.224952
0.224952
0.224377
0.226578
0.22622
0.225509
0.224774
0.224378
0.227805
0.22666
0.225574
0.22521
0.22903
0.228653
0.227946
0.227288
0.230904
0.230588
0.229846
0.229568
0.229065
0.232192
0.232062
0.231627
0.231542
0.231463
0.233637
0.233005
0.232427
0.23223
0.235751
0.235096
0.235096
0.234941
0.234585
0.237514
0.237075
0.236878
0.236338
0.240255
0.239233
0.238847
0.237352
0.237352
0.24222
0.241834
0.241018
0.239804
0.245519
0.245116
0.24469
0.24288
0.24243
0.248191
0.247099
0.246884
0.245162
0.252651
0.251072
0.250052
0.248298
0.255909
0.255286
0.254068
0.252729
0.252065
0.259839
0.258568
0.257244
0.256591
0.264001
0.264001
0.262108
0.260796
0.260162
0.268481
0.267796
0.266423
0.264571
0.273229
0.273229
0.273229
0.270151
0.268903
0.266451
0.266451
0.282874
0.279701
0.279701
0.279701
0.280892
0.28813
0.286773
0.284584
0.282902
0.281277
0.293712
0.292091
0.290444
0.288827
0.299536
0.299536
0.298047
0.296631
0.295005
0.30692
0.305297
0.303732
0.302586
0.314372
0.310363
0.308211
0.30631
0.319428
0.319481
0.317902
0.316378
0.314939
0.314276
0.314276
0.326279
0.324241
0.324241
0.309928
0.330716
0.33472
0.33472
0.332547
0.343588
0.342652
0.341916
0.339163
0.338594
0.354607
0.353481
0.352002
0.35174
0.364931
0.364477
0.364601
0.365194
0.365603
0.37669
0.376006
0.376717
0.377406
0.377815
0.388711
0.388489
0.389618
0.399197
0.400315
0.400338
0.403269
0.406265
0.408716
0.408868
0.408652
0.407548
0.405612
0.411369
0.410256
0.409252
0.416732
0.416227
0.417128
0.419359
0.419359
0.421446
0.404294
0.405128
0.405372
0.405852
0.393766
0.393923
0.393316
0.393022
0.393057
0.384384
0.384279
0.384275
0.38423
0.374595
0.374561
0.374096
0.374445
0.374557
0.365611
0.365957
0.365957
0.366893
0.356206
0.357428
0.357857
0.358632
0.359531
0.347932
0.349665
0.350743
0.351323
0.352183
0.338637
0.338637
0.341819
0.343529
0.345325
0.347217
0.326762
0.331132
0.332041
0.335087
0.320041
0.322306
0.323052
0.325117
0.328282
0.313045
0.315204
0.317117
0.319915
0.30678
0.308633
0.310201
0.310876
0.312444
0.302519
0.302519
0.303779
0.305309
0.295872
0.295872
0.296541
0.296541
0.300244
0.30145
0.302139
0.288012
0.289171
0.290907
0.292076
0.292076
0.283043
0.283869
0.28432
0.285039
0.285871
0.27844
0.279154
0.279939
0.281055
0.274275
0.274927
0.275735
0.276513
0.270358
0.27068
0.271042
0.271775
0.27307
0.266722
0.26768
0.26865
0.269149
0.26272
0.263804
0.264327
0.265387
0.266454
0.259411
0.260496
0.261582
0.262693
0.263252
0.256943
0.257534
0.258668
0.260426
0.25333
0.254484
0.255002
0.256056
0.250504
0.251112
0.251562
0.252942
0.253852
0.254303
0.248632
0.24948
0.250285
0.250783
0.246114
0.246401
0.247298
0.247864
0.243681
0.244174
0.244422
0.244663
0.245392
0.241791
0.24218
0.242598
0.242771
0.240117
0.240196
0.240441
0.240726
0.240912
0.238723
0.238909
0.239518
0.239518
0.237291
0.237336
0.237753
0.237888
0.237964
0.236076
0.236321
0.236481
0.238008
0.238137
0.23494
0.235246
0.235347
0.235515
0.233769
0.233942
0.234133
0.23415
0.234153
0.233286
0.233336
0.233336
0.233602
0.233627
0.23293
0.233207
0.233433
0.233663
0.232397
0.232397
0.232418
0.232389
0.232306
0.232273
0.232255
0.232235
0.23217
0.23217
0.232361
0.232178
0.232178
0.23207
0.232474
0.232052
0.23189
0.231294
0.233005
0.232809
0.232447
0.231877
0.231678
0.233157
0.233157
0.232837
0.232044
0.234698
0.234396
0.233857
0.233332
0.232795
0.235877
0.235653
0.235441
0.234423
0.237227
0.237227
0.23682
0.236375
0.235545
0.239356
0.238774
0.238516
0.238032
0.237327
0.241204
0.240858
0.240272
0.239865
0.239865
0.242968
0.242422
0.241835
0.24129
0.24563
0.245075
0.245075
0.244144
0.243542
0.24801
0.247209
0.246529
0.246191
0.250472
0.25005
0.248406
0.247359
0.246238
0.246238
0.252884
0.252884
0.246553
0.244256
0.244256
0.26014
0.259302
0.258257
0.255174
0.254723
0.262582
0.261585
0.260457
0.259335
0.266173
0.265592
0.263462
0.262832
0.260444
0.270268
0.26894
0.267597
0.265554
0.275602
0.274328
0.273037
0.271736
0.271076
0.27043
0.277977
0.277977
0.277423
0.286122
0.285002
0.283477
0.282067
0.280374
0.290551
0.289162
0.287865
0.286545
0.296168
0.295576
0.294217
0.292868
0.291568
0.302334
0.301041
0.299643
0.298281
0.308795
0.30825
0.306719
0.304626
0.303964
0.31604
0.314621
0.313225
0.311676
0.32333
0.312762
0.310742
0.308775
0.307743
0.328901
0.332453
0.330165
0.329524
0.338248
0.339164
0.332044
0.330774
0.329426
0.344999
0.343191
0.341558
0.341185
0.355953
0.35465
0.354276
0.354399
0.354646
0.366447
0.366666
0.366842
0.367615
0.36796
0.378194
0.379474
0.380182
0.380667
0.388731
0.389874
0.390831
0.394086
0.397828
0.396754
0.397588
0.39636
0.393987
0.400684
0.400015
0.398981
0.397736
0.404804
0.402669
0.404533
0.40622
0.406814
0.407853
0.393596
0.394239
0.395113
0.395989
0.383132
0.383132
0.383317
0.38337
0.38337
0.383813
0.371943
0.372149
0.37243
0.372671
0.362426
0.362657
0.362525
0.36264
0.36276
0.353863
0.353993
0.354401
0.354869
0.345715
0.34574
0.346589
0.347516
0.34852
0.337331
0.338709
0.340634
0.342046
0.329476
0.330264
0.332027
0.332765
0.332765
0.337211
0.318271
0.320736
0.322337
0.322337
0.324057
0.312206
0.312949
0.315216
0.316779
0.305593
0.305641
0.307888
0.308601
0.310753
0.299721
0.300431
0.30181
0.303811
0.293622
0.294933
0.295956
0.296592
0.297846
0.289425
0.289425
0.291154
0.292839
0.293403
0.28517
0.286141
0.286638
0.28765
0.280364
0.280837
0.281717
0.282683
0.283664
0.276352
0.277742
0.278672
0.279144
0.272411
0.272871
0.273738
0.27536
0.27536
0.268686
0.269567
0.270536
0.271861
0.265178
0.265662
0.266614
0.267108
0.269316
0.261032
0.260687
0.262691
0.264227
0.264679
0.257604
0.25809
0.258963
0.259691
0.26041
0.254451
0.25509
0.255661
0.256714
0.251304
0.252162
0.252466
0.25306
0.253595
0.24896
0.24942
0.249972
0.250505
0.246351
0.247139
0.247429
0.248368
0.243839
0.244712
0.244712
0.24516
0.245749
0.242285
0.242673
0.242979
0.243515
0.244035
0.240232
0.240661
0.241509
0.241782
0.238306
0.23882
0.239296
0.239537
0.240247
0.237117
0.237701
0.238253
0.23834
0.235545
0.23606
0.236609
0.237631
0.237917
0.234442
0.23492
0.235336
0.235759
0.233374
0.233769
0.233896
0.234278
0.234278
0.234679
0.23214
0.232314
0.232631
0.232914
0.233079
0.23146
0.231502
0.231641
0.231783
0.231043
0.231203
0.231329
0.231452
0.230698
0.230755
0.230817
0.230781
0.230658
0.230729
0.23059
0.230515
0.230407
0.231
0.230905
0.230774
0.231034
0.230704
0.230704
0.231068
0.230886
0.230886
0.230293
0.229958
0.231359
0.230736
0.230291
0.23008
0.231933
0.231259
0.231259
0.230798
0.229946
0.232735
0.231932
0.231396
0.231074
0.230492
0.233443
0.233031
0.232578
0.232141
0.234734
0.234294
0.233801
0.233487
0.236434
0.236074
0.235071
0.235071
0.234325
0.238248
0.237668
0.237377
0.236584
0.240113
0.240113
0.239577
0.238802
0.237858
0.242409
0.241698
0.241045
0.240728
0.240111
0.244871
0.244235
0.243247
0.242932
0.247453
0.246591
0.246158
0.245295
0.250662
0.250195
0.250195
0.248346
0.247613
0.253402
0.252551
0.251069
0.249347
0.249347
0.255502
0.254117
0.25335
0.251888
0.260599
0.258474
0.257679
0.2556
0.264679
0.264679
0.261273
0.261273
0.260151
0.268905
0.267548
0.266096
0.265968
0.264643
0.272558
0.270447
0.269003
0.268286
0.27774
0.272333
0.272333
0.272333
0.282085
0.281357
0.281357
0.279346
0.27804
0.287334
0.286687
0.284692
0.284037
0.29294
0.292325
0.292325
0.290348
0.288425
0.299455
0.29823
0.296831
0.295157
0.295157
0.3053
0.303483
0.299822
0.299186
0.311319
0.311319
0.308028
0.308162
0.317514
0.317318
0.314601
0.31368
0.311907
0.325936
0.324344
0.322617
0.312089
0.311385
0.326572
0.332922
0.331308
0.329579
0.340681
0.339432
0.338237
0.337346
0.336483
0.350838
0.349309
0.349126
0.348842
0.361439
0.361475
0.360395
0.360597
0.360786
0.372343
0.372169
0.372359
0.37285
0.38259
0.382919
0.382849
0.38306
0.390469
0.394193
0.396413
0.397472
0.397717
0.398261
0.396585
0.394466
0.394103
0.39342
0.411657
0.407487
0.408265
0.40898
0.394418
0.394633
0.394897
0.39505
0.395272
0.384939
0.384635
0.384674
0.373047
0.373047
0.373047
0.372776
0.371957
0.371803
0.371199
0.364094
0.363862
0.363806
0.363964
0.35552
0.355218
0.355419
0.356443
0.356443
0.346382
0.347709
0.348128
0.34877
0.34973
0.338491
0.340427
0.341584
0.342196
0.329825
0.331042
0.334877
0.334877
0.337394
0.337394
0.320689
0.322778
0.324551
0.326505
0.313503
0.314696
0.316841
0.318923
0.321079
0.307108
0.309391
0.311561
0.313811
0.300627
0.301985
0.30475
0.30563
0.307025
0.295084
0.295636
0.297602
0.299652
0.289877
0.290576
0.29171
0.293406
0.285191
0.285211
0.286184
0.287208
0.288183
0.280849
0.281297
0.282643
0.283111
0.283641
0.276751
0.277618
0.278646
0.27965
0.272818
0.27336
0.274904
0.275446
0.276578
0.26966
0.270172
0.271295
0.272454
0.265423
0.266131
0.267287
0.268486
0.269696
0.261302
0.260938
0.262853
0.263458
0.26512
0.265706
0.258177
0.259184
0.260255
0.261298
0.254635
0.255679
0.256614
0.257579
0.251703
0.252321
0.253591
0.254026
0.254874
0.249274
0.249994
0.250721
0.251437
0.252124
0.247271
0.248209
0.24853
0.249221
0.244645
0.246492
0.246492
0.246492
0.246837
0.247514
0.242167
0.242417
0.24272
0.243214
0.240142
0.24025
0.240451
0.241134
0.241134
0.23852
0.238997
0.239293
0.239515
0.237271
0.237273
0.237571
0.23799
0.238359
0.236017
0.236438
0.237097
0.237325
0.234534
0.236472
0.236472
0.232664
0.232889
0.233486
0.234036
0.234495
0.230723
0.230848
0.230743
0.230339
0.230159
0.229868
0.22945
0.229261
0.228841
0.229823
0.229423
0.228767
0.228581
0.229456
0.229128
0.228924
0.22855
0.227944
0.229266
0.229266
0.228982
0.228495
0.228495
0.229556
0.228098
0.228098
0.227973
0.227897
0.230034
0.229874
0.229767
0.229747
0.230531
0.230563
0.230578
0.230703
0.230824
0.231353
0.231386
0.231431
0.231362
0.231931
0.232156
0.231956
0.231857
0.231792
0.233257
0.233248
0.232835
0.232653
0.234842
0.234697
0.234103
0.233854
0.233345
0.236775
0.236857
0.235784
0.235658
0.235405
0.23462
0.239118
0.237966
0.237966
0.237354
0.241197
0.241532
0.240677
0.240245
0.239363
0.243385
0.242396
0.241407
0.24042
0.246704
0.245304
0.244842
0.243923
0.242671
0.249592
0.248021
0.246946
0.245956
0.245956
0.251699
0.250651
0.249681
0.255936
0.255513
0.256357
0.254861
0.254861
0.258795
0.258164
0.256865
0.255572
0.254241
0.262296
0.260999
0.259659
0.257679
0.266334
0.26567
0.264283
0.262839
0.261414
0.270515
0.269086
0.267666
0.266228
0.275158
0.274394
0.272944
0.272944
0.280412
0.279407
0.280464
0.279043
0.27765
0.276809
0.285134
0.283645
0.282047
0.280469
0.291407
0.289861
0.287527
0.28676
0.297472
0.29673
0.295225
0.293748
0.292327
0.303969
0.30323
0.301096
0.29973
0.29844
0.309488
0.308761
0.307455
0.306059
0.31791
0.306782
0.306782
0.305341
0.320074
0.320802
0.318837
0.316937
0.314909
0.332961
0.332122
0.328815
0.324704
0.323405
0.339488
0.340855
0.340331
0.340017
0.33991
0.350478
0.350119
0.34993
0.349999
0.360255
0.36061
0.360393
0.360653
0.36107
0.371037
0.370929
0.371531
0.371985
0.381938
0.381938
0.382802
0.382806
0.393041
0.393041
0.393041
0.394484
0.395788
0.398147
0.401253
0.406973
0.406715
0.405232
0.403156
0.410777
0.40972
0.417628
0.414354
0.415225
0.40963
0.411711
0.413277
0.414036
0.397268
0.398442
0.399511
0.400845
0.401899
0.387349
0.387326
0.388077
0.38878
0.377675
0.377553
0.377545
0.377845
0.378125
0.367464
0.366803
0.366811
0.366767
0.358515
0.358466
0.358274
0.357969
0.357783
0.350054
0.349897
0.349765
0.349687
0.342461
0.342164
0.34275
0.343264
0.334616
0.334414
0.335592
0.336911
0.338603
0.326887
0.327813
0.329093
0.33175
0.333774
0.319302
0.320395
0.32542
0.32542
0.311943
0.313134
0.315008
0.316827
0.31864
0.305572
0.306569
0.309375
0.311187
0.299388
0.30128
0.302142
0.303842
0.305446
0.293977
0.29537
0.296841
0.298242
0.288885
0.289584
0.290694
0.292163
0.293754
0.284261
0.284261
0.284521
0.285413
0.285847
0.287094
0.278585
0.279085
0.279807
0.280477
0.274587
0.27453
0.275425
0.275975
0.276577
0.270643
0.270868
0.272101
0.272644
0.266779
0.267265
0.267543
0.268501
0.269122
0.263514
0.264988
0.264988
0.265724
0.266607
0.259756
0.260649
0.261586
0.262619
0.256485
0.257037
0.258001
0.25849
0.25298
0.253407
0.2538
0.254665
0.255911
0.250663
0.251107
0.252046
0.252757
0.253517
0.248108
0.248794
0.249497
0.250146
0.245293
0.246005
0.246247
0.24668
0.247173
0.24349
0.243027
0.243425
0.243811
0.241409
0.240578
0.241296
0.241296
0.242018
0.239743
0.240144
0.240653
0.241159
0.238077
0.238453
0.238801
0.239286
0.239676
0.236504
0.236998
0.237382
0.237785
0.234813
0.235217
0.235522
0.235858
0.236164
0.233942
0.234112
0.234876
0.235086
0.232785
0.232785
0.233595
0.234345
0.234345
0.235186
0.235511
0.231405
0.231659
0.231739
0.231961
0.2306
0.23062
0.230632
0.230632
0.230602
0.230115
0.229962
0.229939
0.229682
0.230111
0.229969
0.229838
0.229783
0.229566
0.230197
0.230004
0.230004
0.229968
0.229816
0.229816
0.230289
0.230208
0.22961
0.229345
0.22907
0.230638
0.230471
0.230149
0.230595
0.231364
0.230734
0.230734
0.229887
0.229514
0.232066
0.230625
0.230412
0.229615
0.23391
0.23344
0.233268
0.232809
0.232666
0.235257
0.234853
0.234661
0.234302
0.234136
0.236708
0.236708
0.236402
0.236019
0.238688
0.238112
0.237461
0.236829
0.236163
0.240499
0.239689
0.238838
0.237983
0.243082
0.242589
0.241734
0.240885
0.240452
0.24572
0.243124
0.242683
0.241813
0.249173
0.248044
0.247142
0.246281
0.245323
0.251852
0.251032
0.250206
0.249407
0.254675
0.254675
0.253796
0.252382
0.251872
0.258231
0.256955
0.255735
0.255112
0.262241
0.261614
0.260323
0.259953
0.266367
0.266311
0.265027
0.263626
0.261402
0.27088
0.270078
0.26939
0.267309
0.26597
0.275733
0.274422
0.273082
0.271784
0.280737
0.280011
0.278598
0.277199
0.275806
0.28466
0.28466
0.283965
0.281794
0.291699
0.291033
0.288818
0.288818
0.286705
0.298634
0.297954
0.29622
0.294775
0.29339
0.305196
0.303785
0.303065
0.300975
0.312749
0.31149
0.307193
0.30515
0.303377
0.317927
0.317133
0.314753
0.313173
0.326479
0.324973
0.323744
0.322999
0.334985
0.333697
0.327094
0.325923
0.316534
0.341312
0.341812
0.339631
0.338223
0.338193
0.352767
0.351667
0.35078
0.350238
0.350017
0.363474
0.36292
0.362795
0.362866
0.373911
0.373381
0.373717
0.374143
0.374736
0.385446
0.385284
0.385389
0.385651
0.396247
0.398829
0.400379
0.401151
0.40164
0.401348
0.399308
0.397705
0.396098
0.404987
0.410888
0.410888
0.41191
0.400933
0.4005
0.40102
0.401634
0.402145
0.389139
0.389088
0.389038
0.389148
0.379829
0.379274
0.378816
0.378564
0.378279
0.370533
0.369349
0.368797
0.368507
0.368239
0.360936
0.360875
0.361134
0.361492
0.352199
0.352757
0.352757
0.352757
0.359825
0.360197
0.341157
0.341099
0.342505
0.34363
0.332257
0.332845
0.333816
0.335957
0.337486
0.338295
0.326054
0.327238
0.329085
0.330889
0.317711
0.319915
0.320815
0.322786
0.30984
0.311945
0.313784
0.314658
