0
0
0
0
0
0
0
0
0
0
0
0
0
0
0
0
0
0
0
0
0
0
0
0
0
0
0
0
0
0
0
0
0
0
0
0
0
0
0
0
0
0
0
0
0
0
0
0
0
0
0
0
0
0
0
0
0
0
0
0
0
0
0
0
0
0
0
0
0
0
0
0
0
0
0
0
0
0
0
0
0
0
0
0
0
0
0
0
0
0
0
0
0
0
0
0
0
0
0
0
0
0
0
0
0
0
0
0
0
0
0
0
0
0
0
0
0
0
0
0
0
0
0
0
0
0
0
0
0
0
0
0
0
0
0
0
0
0
0
0
0
0
0
0
0
0
0
0
0
0
0
0
0
0
0
0
0
0
0
0
0
0
0
0
0
0
0
0
0
0
0
0
0
0
0
0
0
0
0
0
0
0
0
0
0
0
0
0
0
0
0
0
0
0
0
0
0
0
0
0
0
0
0
0
0
0
0
0
0
0
0
0
0
0
0
0
0
0
0
0
0
0
0
0
0
0
0
0
0
0
0
0
0
0
0
0
0
0
0
0
0
0
0
0
0
0
0
0
0
0
0
0
0
0
0
0
0
0
0
0
0
0
0
0
0
0
0
0
0
0
0
0
0
0
0
0
0
0
0
0
0
0
0
0
0
0
0
0
0
0
0
0
0
0
0
0
0
0
0
0
0
0
0
0
0
0
0
0
0
0
0
0
0
0
0
0
0
0
0
0
0
0
0
0
0
0
0
0
0
0
0
0
0
0
0
0
0
0
0
0
0
0
0
0
0
0
0
0
0
0
0
0
0
0
0
0
0
0
0
0
0
0
0
0
0
0
0
0
0
0
0
0
0
0
0
0
0
0
0
0
0
0
0
0
0
0
0
0
0
0
0
0
0
0
0
0
0
0
0
0
0
0
0
0
0
0
0
0
0
0
0
0
0
0
0
0
0
0
0
0
0
0
0
0
0
0
0
0
0
0
0
0
0
0
0
0
0
0
0
0
0
0
0
0
0
0
0
0
0
0
0
0
0
0
0
0
0
0
0
0
0
0
0
0
0
0
0
0
0
0
0
0
0
0
0
0
0
0
0
0
0
0
0
0
0
0
0
0
0
0
0
0
-0.000131407
-0.0006147
-0.000937651
-0.00134724
0.00163885
0.00110898
0.000635531
0.000109238
-0.000420097
0.00492326
0.00455948
0.00433189
0.00435896
0.00996834
0.0100711
0.0101582
0.00890174
0.0045017
0.0109125
0.0109125
0.0123775
0.0141833
0.0212032
0.0135528
0.0864132
0.0317068
0.0322692
0.0262913
0.0266418
0.0275548
0.0286809
0.0294729
0.0311883
0.0324145
0.0336629
0.0349818
0.0340666
0.0348828
0.0364228
0.0373996
0.0381542
0.0386367
0.0390882
0.0404835
0.0413574
0.0429304
0.0435699
0.0445403
0.0452355
0.0483985
0.0483985
0.0485165
0.049037
0.049037
0.049037
0.04801
0.04801
0.0570277
0.0567374
0.0556046
0.0549364
0.0545984
0.0619626
0.0610561
0.0597183
0.058634
0.067649
0.0668415
0.066435
0.0654041
0.0745535
0.073241
0.0729681
0.0724638
0.0722434
0.0799073
0.079583
0.0793954
0.0850169
0.0850169
0.085271
0.0854107
0.0856071
0.0860856
0.0899605
0.0903328
0.0921227
0.0925872
0.0936392
0.094197
0.096579
0.0984874
0.0984874
0.0978755
0.100393
0.101238
0.102893
0.10192
0.102624
0.103978
0.105175
0.106273
0.106145
0.107479
0.108516
0.108516
0.110968
0.111206
0.111576
0.112497
0.112672
0.112815
0.116595
0.117082
0.117216
0.117216
0.12156
0.12156
0.12123
0.120916
0.126486
0.126907
0.126085
0.125047
0.124701
0.131619
0.131325
0.130996
0.13033
0.136925
0.137093
0.136594
0.136528
0.136426
0.14181
0.1418
0.141842
0.141892
0.14751
0.14751
0.14773
0.148141
0.148464
0.148853
0.1493
0.152226
0.153263
0.153958
0.154698
0.156349
0.157135
0.157876
0.158613
0.160186
0.161164
0.161381
0.161822
0.162293
0.165087
0.165315
0.165809
0.166314
0.169363
0.169711
0.169737
0.169762
0.169712
0.175069
0.175069
0.176996
0.176758
0.176407
0.177828
0.180306
0.179713
0.178929
0.178319
0.185847
0.185167
0.184264
0.183951
0.183275
0.19099
0.190706
0.189964
0.189451
0.196633
0.196088
0.19563
0.195185
0.194948
0.201804
0.20105
0.20105
0.200729
0.20739
0.206988
0.206988
0.206437
0.206316
0.212921
0.212673
0.212463
0.212275
0.218135
0.219302
0.219026
0.218651
0.218391
0.223878
0.223518
0.222997
0.222616
0.229377
0.229416
0.228928
0.228465
0.235404
0.235795
0.235374
0.234906
0.234435
0.24151
0.241518
0.240895
0.240262
0.239732
0.248307
0.247372
0.246421
0.246421
0.254343
0.254594
0.253652
0.253023
0.252326
0.261504
0.26085
0.260132
0.259078
0.268297
0.267503
0.266008
0.265553
0.264646
0.275002
0.273659
0.273185
0.272713
0.271312
0.28292
0.281927
0.280878
0.279833
0.290898
0.289863
0.288767
0.28987
0.288638
0.298384
0.296608
0.295068
0.293933
0.306225
0.304736
0.303245
0.30174
0.314614
0.313898
0.312469
0.311049
0.30969
0.322617
0.321946
0.320593
0.319266
0.318005
0.331451
0.330149
0.328174
0.327571
0.341176
0.340289
0.339037
0.337846
0.337285
0.350364
0.349163
0.347896
0.34668
0.359976
0.357989
0.356462
0.355658
0.354667
0.36884
0.367782
0.349324
0.348975
0.369841
0.36535
0.36535
0.362011
0.357036
0.379593
0.379593
0.374308
0.375024
0.373536
0.393544
0.392121
0.391582
0.390703
0.390188
0.405997
0.405287
0.40548
0.405625
0.419372
0.419498
0.419936
0.420174
0.432372
0.432741
0.432666
0.433162
0.433544
0.446396
0.447364
0.448333
0.448999
0.449231
0.462339
0.462339
0.462339
0.464115
0.464696
0.465095
0.481238
0.482375
0.482565
0.482718
0.496903
0.496947
0.49667
0.496419
0.510451
0.511695
0.513025
0.513857
0.515941
0.517738
0.518865
0.519131
0.519282
0.5197
0.524673
0.522961
0.522961
0.522491
0.517753
0.518603
0.519812
0.520031
0.503423
0.503423
0.503669
0.506569
0.506569
0.50771
0.508825
0.487252
0.488057
0.489202
0.489587
0.475879
0.476242
0.477083
0.477377
0.477952
0.465589
0.4662
0.46765
0.46765
0.455906
0.455747
0.456091
0.456469
0.44674
0.446381
0.447358
0.4477
0.44883
0.437743
0.438677
0.442121
0.442121
0.442886
0.444036
0.428604
0.428264
0.429336
0.433184
0.434661
0.418263
0.420509
0.423266
0.428023
0.411731
0.41197
0.414617
0.419212
0.420391
0.404822
0.407398
0.411079
0.411079
0.413149
0.39975
0.402543
0.403455
0.404358
0.392304
0.394068
0.395643
0.397316
0.387413
0.387413
0.391043
0.393213
0.393945
0.394823
0.383934
0.384476
0.386405
0.387066
0.378787
0.379968
0.380547
0.38314
0.38314
0.374854
0.377328
0.377912
0.370919
0.370919
0.37149
0.372268
0.372888
0.374244
0.368024
0.368629
0.3702
0.372411
0.36384
0.364016
0.367613
0.369204
0.369204
0.359461
0.359774
0.36194
0.362675
0.364845
0.356736
0.357446
0.358778
0.360128
0.361446
0.353854
0.356297
0.356297
0.35812
0.351074
0.35163
0.353147
0.354132
0.354607
0.349542
0.349984
0.350255
0.351882
0.347103
0.347406
0.348242
0.348724
0.344003
0.344246
0.34505
0.345331
0.345841
0.342796
0.3433
0.343615
0.344786
0.341392
0.341388
0.342306
0.342599
0.343257
0.34019
0.340816
0.341315
0.342066
0.33831
0.339213
0.340043
0.340573
0.341315
0.338258
0.338656
0.338847
0.339539
0.33785
0.33785
0.338089
0.339543
0.339883
0.339883
0.336952
0.337137
0.337467
0.337585
0.337725
0.336607
0.336634
0.336653
0.336653
0.336617
0.336853
0.33689
0.336908
0.336955
0.337136
0.337119
0.337223
0.336841
0.33797
0.337961
0.337552
0.337428
0.337128
0.338954
0.338812
0.3387
0.33849
0.338859
0.34039
0.340656
0.339942
0.339699
0.339175
0.341644
0.341644
0.341309
0.340227
0.343979
0.343437
0.343437
0.343095
0.345964
0.345957
0.345041
0.344937
0.344319
0.34847
0.348198
0.347442
0.347152
0.350964
0.350523
0.349875
0.349875
0.349263
0.354364
0.35432
0.353501
0.352777
0.351609
0.357703
0.357083
0.356478
0.355779
0.355779
0.36098
0.356864
0.361718
0.360347
0.368264
0.367727
0.365955
0.365352
0.372988
0.372335
0.369365
0.369365
0.367785
0.378848
0.376637
0.373893
0.371906
0.371238
0.382138
0.380378
0.377233
0.376254
0.3897
0.387753
0.384981
0.383067
0.395702
0.394767
0.391184
0.391184
0.389512
0.40121
0.399637
0.397973
0.39634
0.408572
0.407732
0.404213
0.403308
0.402422
0.414867
0.414049
0.41085
0.41085
0.423152
0.420251
0.420251
0.418229
0.431055
0.428981
0.428981
0.42686
0.423559
0.438523
0.437504
0.436432
0.433242
0.431603
0.447558
0.446542
0.443238
0.442022
0.439586
0.455593
0.453018
0.451782
0.467845
0.466577
0.465301
0.458763
0.453922
0.47712
0.477099
0.450806
0.444007
0.439247
0.476957
0.466581
0.466581
0.458939
0.490203
0.485412
0.483084
0.477235
0.477235
0.505101
0.5041
0.500006
0.498456
0.498318
0.519445
0.517595
0.517595
0.521244
0.523514
0.53935
0.542458
0.543581
0.546493
0.547453
0.556799
0.557962
0.559062
0.560554
0.572813
0.575445
0.575445
0.576432
0.57811
0.591202
0.593104
0.595792
0.600493
0.602009
0.606071
0.606067
0.605051
0.604346
0.614192
0.614076
0.612559
0.612168
0.612168
0.616958
0.624465
0.626539
0.629247
0.603841
0.606183
0.608001
0.608806
0.586303
0.588284
0.58992
0.592258
0.573367
0.573448
0.573815
0.576476
0.578075
0.558841
0.559496
0.560832
0.56202
0.563154
0.545957
0.546633
0.547034
0.547819
0.533004
0.533519
0.534027
0.534574
0.534867
0.520468
0.520468
0.521422
0.521905
0.52253
0.522936
0.505293
0.506335
0.507391
0.5083
0.509418
0.494983
0.496826
0.498333
0.500036
0.483808
0.48741
0.489721
0.491816
0.473668
0.474975
0.477261
0.479466
0.481788
0.464183
0.466705
0.468992
0.471261
0.455273
0.456617
0.45901
0.462463
0.462463
0.445373
0.446488
0.447621
0.447621
0.454021
0.454021
0.460001
0.460001
0.432744
0.434917
0.437134
0.438184
0.440195
0.427423
0.427998
0.428774
0.431119
0.419443
0.420131
0.421243
0.422922
0.42346
0.414392
0.414556
0.415456
0.415841
0.408798
0.409146
0.409896
0.410165
0.410165
0.404582
0.404778
0.405857
0.406402
0.406709
0.399606
0.400457
0.401615
0.402592
0.394624
0.395341
0.39774
0.398556
0.400145
0.391386
0.392334
0.39418
0.397067
0.385946
0.387547
0.390428
0.392339
0.393261
0.382049
0.385274
0.385274
0.387703
0.378298
0.379213
0.381831
0.383246
0.375278
0.377581
0.377581
0.377986
0.379844
0.372398
0.373067
0.373539
0.374187
0.369958
0.369933
0.369789
0.370317
0.367851
0.367851
0.36782
0.367864
0.367836
0.367684
0.366045
0.3663
0.366581
0.366715
0.364478
0.364565
0.365062
0.365486
0.365687
0.362957
0.363137
0.363528
0.364185
0.364366
0.361704
0.36244
0.36244
0.364215
0.364215
0.364215
0.349011
0.349011
0.349011
0.349011
0.350555
0.350555
0.350555
0.356624
0.354952
0.360857
0.362212
0.36372
0.365288
0.358131
0.358837
0.358628
0.358785
0.358949
0.35631
0.356264
0.355649
0.355649
0.356372
0.356582
0.355688
0.354427
0.357445
0.357445
0.356844
0.354888
0.3532
0.351628
0.358157
0.356465
0.355694
0.353367
0.352581
0.359789
0.357765
0.356688
0.356169
0.361658
0.360663
0.360057
0.358881
0.358524
0.364161
0.363565
0.362946
0.366383
0.36672
0.365687
0.365687
0.365707
0.365811
0.365561
0.370917
0.37007
0.369791
0.369791
0.372898
0.373051
0.373005
0.372951
0.375961
0.376132
0.376005
0.375062
0.374654
0.380559
0.379317
0.378841
0.377407
0.384284
0.384257
0.383432
0.382497
0.381252
0.388889
0.387433
0.386623
0.386623
0.382352
0.381437
0.394999
0.39411
0.392457
0.389532
0.401399
0.398404
0.398404
0.395133
0.394035
0.407396
0.405053
0.401688
0.400473
0.398054
0.412599
0.410299
0.408105
0.419419
0.41847
0.41847
0.414617
0.414617
0.427152
0.426
0.422238
0.419692
0.419692
0.433309
0.431475
0.430542
0.428761
0.440933
0.440086
0.439122
0.434277
0.432147
0.449805
0.445475
0.444361
0.443266
0.458217
0.455936
0.453505
0.449931
0.449931
0.466509
0.465358
0.462949
0.45932
0.472674
0.472484
0.472484
0.466013
0.484858
0.484686
0.482415
0.47842
0.477165
0.496695
0.495643
0.493364
0.476274
0.460938
0.495384
0.490995
0.484777
0.479872
0.510607
0.508274
0.502137
0.500699
0.49782
0.526954
0.522607
0.520981
0.520099
0.541957
0.542781
0.541966
0.543172
0.543572
0.56065
0.563346
0.563346
0.565848
0.56759
0.569855
0.582349
0.582166
0.582629
0.580968
0.581825
0.600879
0.601809
0.603469
0.60402
0.618521
0.621141
0.622658
0.624451
0.629574
0.630922
0.63053
0.626298
0.625846
0.641612
0.64154
0.651219
0.65173
0.640415
0.644353
0.644353
0.647352
0.649801
0.652496
0.618282
0.622177
0.624215
0.626217
0.603746
0.604703
0.605349
0.607273
0.608169
0.58751
0.587953
0.589169
0.590985
0.574249
0.574227
0.575272
0.577029
0.577605
0.559464
0.560629
0.561399
0.562201
0.547795
0.547698
0.548076
0.549051
0.549051
0.552136
0.531442
0.530453
0.532922
0.535468
0.536364
0.537288
0.520716
0.521931
0.523954
0.527282
0.507242
0.510997
0.512214
0.516314
0.496442
0.499021
0.500401
0.505212
0.506469
0.486441
0.490374
0.491961
0.49433
0.477015
0.479504
0.479504
0.48411
0.468284
0.468386
0.471725
0.472848
0.476147
0.478326
0.458859
0.458978
0.462051
0.463088
0.466148
0.45174
0.452294
0.454288
0.455239
0.457072
0.445962
0.446754
0.449426
0.450303
0.438012
0.439693
0.442095
0.442912
0.444584
0.434365
0.434365
0.436558
0.436558
0.427066
0.428042
0.428717
0.431071
0.431851
0.421598
0.423815
0.424649
0.427055
0.416473
0.417248
0.419514
0.421048
0.421898
0.412439
0.413179
0.415322
0.416066
0.407053
0.407767
0.409821
0.411901
0.412577
0.402564
0.405008
0.404918
0.40545
0.406924
0.399486
0.401909
0.401909
0.403391
0.404983
0.394421
0.3952
0.395567
0.396267
0.390424
0.390629
0.390629
0.391456
0.392134
0.387192
0.387898
0.38844
0.38871
0.38412
0.384356
0.385363
0.385562
0.38596
0.381542
0.381728
0.382281
0.382783
0.378733
0.378907
0.379555
0.38046
0.37595
0.37595
0.376349
0.376811
0.377247
0.377399
0.374128
0.374452
0.374452
0.375026
0.372333
0.372476
0.3728
0.372939
0.372958
0.371072
0.371226
0.371401
0.371494
0.369991
0.370068
0.370317
0.370405
0.37122
0.369141
0.369221
0.369259
0.369287
0.368832
0.368832
0.368602
0.368393
0.368148
0.36915
0.36901
0.368762
0.368556
0.368186
0.369405
0.369297
0.368972
0.368404
0.368202
0.370051
0.369857
0.36945
0.369283
0.371049
0.371049
0.370452
0.370072
0.369858
0.372214
0.37168
0.371153
0.371153
0.369441
0.373601
0.37275
0.372444
0.372352
0.376964
0.376322
0.376029
0.375473
0.375209
0.378997
0.378525
0.377424
0.376971
0.376879
0.381049
0.380511
0.380003
0.384509
0.384048
0.383582
0.382599
0.380926
0.387956
0.386733
0.386131
0.383944
0.38326
0.392313
0.392843
0.391215
0.390081
0.389502
0.396748
0.396018
0.39445
0.391976
0.391161
0.401162
0.399543
0.396993
0.396127
0.405849
0.402386
0.402386
0.400759
0.398818
0.410819
0.407896
0.406879
0.405811
0.415399
0.415299
0.411336
0.410742
0.407383
0.421806
0.421806
0.418549
0.417191
0.414561
0.429311
0.425495
0.424716
0.420722
0.434865
0.433375
0.429263
0.426489
0.426489
0.442008
0.4394
0.435386
0.43403
0.432733
0.44845
0.447161
0.443263
0.443263
0.438237
0.435822
0.461054
0.459852
0.458121
0.457036
0.472623
0.47039
0.468256
0.467194
0.467462
0.481967
0.480797
0.47591
0.471831
0.491257
0.491257
0.487703
0.486419
0.484139
0.503562
0.500204
0.48482
0.48482
0.503771
0.500715
0.49985
0.499079
0.524308
0.524308
0.518886
0.517335
0.516919
0.514632
0.512663
0.540657
0.537726
0.53745
0.537154
0.556345
0.556695
0.554906
0.555154
0.572303
0.573482
0.574163
0.575523
0.575523
0.590616
0.591035
0.591325
0.592297
0.606801
0.608183
0.608183
0.608384
0.609042
0.6276
0.6276
0.630103
0.630581
0.629631
0.639671
0.639671
0.638872
0.637332
0.648062
0.648924
0.652872
0.653464
0.656024
0.656764
0.631583
0.632092
0.633811
0.63435
0.6152
0.614986
0.615664
0.616408
0.61677
0.600333
0.60095
0.601326
0.602067
0.585285
0.585033
0.585888
0.586164
0.571108
0.57098
0.57081
0.571019
0.57181
0.557172
0.557553
0.558165
0.558794
0.558794
0.544633
0.546204
0.547575
0.549833
0.532325
0.533248
0.536969
0.538145
0.540575
0.52035
0.52558
0.526924
0.528334
0.510532
0.510532
0.51223
0.516514
0.522357
0.522357
0.494882
0.496566
0.50107
0.503875
0.506649
0.485753
0.48852
0.491346
0.492726
0.474994
0.477395
0.481065
0.482283
0.484632
0.466628
0.469491
0.471439
0.472687
0.459136
0.460011
0.462307
0.463801
0.465274
0.452935
0.454069
0.455401
0.45605
0.457316
0.444647
0.445242
0.446883
0.448055
0.43865
0.439229
0.440471
0.441785
0.443823
0.432647
0.433357
0.435861
0.437633
0.439462
0.427895
0.430661
0.432603
0.434758
0.421219
0.423407
0.425493
0.426537
0.414807
0.414204
0.416229
0.418093
0.419975
0.421839
0.410254
0.411936
0.41386
0.414573
0.404538
0.406098
0.407596
0.40908
0.410362
0.401059
0.402353
0.403326
0.404375
0.396539
0.397526
0.398301
0.399081
0.39943
0.393839
0.393864
0.394382
0.394382
0.393296
0.389035
0.389035
0.389995
0.390019
0.391082
0.385042
0.385295
0.38527
0.386542
0.386973
0.387436
0.381693
0.381865
0.382306
0.382744
0.37837
0.378561
0.378951
0.379231
0.379352
0.376158
0.378199
0.378459
0.373207
0.373404
0.373474
0.373784
0.373892
0.371478
0.371478
0.371478
0.372143
0.373177
0.373951
0.368743
0.369061
0.36947
0.369762
0.3698
0.36705
0.367117
0.36719
0.367235
0.366173
0.366232
0.366349
0.366489
0.365677
0.365704
0.365788
0.365835
0.365812
0.365525
0.365471
0.365443
0.36542
0.365366
0.365705
0.365785
0.365682
0.365682
0.365695
0.365695
0.365633
0.365633
0.3678
0.367592
0.367252
0.366537
0.366313
0.365089
0.364088
0.367433
0.366732
0.365347
0.364885
0.363883
0.368108
0.367485
0.36605
0.364121
0.371194
0.370546
0.369441
0.367947
0.367266
0.372937
0.372937
0.372089
0.372146
0.376162
0.374733
0.374733
0.373891
0.372322
0.381384
0.381311
0.381311
0.378646
0.378192
0.377507
0.385311
0.384699
0.384395
0.383592
0.389256
0.389195
0.388819
0.388207
0.387352
0.3937
0.393013
0.391776
0.391368
0.391128
0.398281
0.396658
0.394916
0.394324
0.402932
0.401895
0.399964
0.399964
0.408311
0.406351
0.406351
0.406351
0.401509
0.41396
0.412148
0.410116
0.407915
0.405684
0.418899
0.416657
0.414315
0.411845
0.425258
0.424007
0.421514
0.418731
0.415783
0.431806
0.428899
0.425841
0.422889
0.440182
0.437284
0.43441
0.431552
0.428716
0.446388
0.445045
0.441593
0.438933
0.455788
0.453217
0.450652
0.448123
0.44566
0.463324
0.45973
0.453424
0.453424
0.453424
0.47728
0.475046
0.472969
0.47197
0.469132
0.486325
0.484106
0.482044
0.477393
0.49545
0.493099
0.492094
0.490142
0.488621
0.507491
0.505632
0.503828
0.502142
0.519384
0.512809
0.501248
0.49539
0.491733
0.521619
0.519637
0.519637
0.511016
0.538227
0.536475
0.532685
0.532685
0.530869
0.556167
0.556003
0.555238
0.555732
0.572364
0.572741
0.572039
0.572289
0.572435
0.590443
0.589579
0.589873
0.590702
0.608473
0.608949
0.608686
0.609197
0.628537
0.628537
0.629049
0.630821
0.634014
0.63548
0.646213
0.646107
0.645842
0.641726
0.640824
0.656865
0.656249
0.666664
0.666664
0.659753
0.662412
0.66386
0.66629
0.640731
0.641899
0.644343
0.64649
0.648253
0.625807
0.625807
0.625355
0.628142
0.608351
0.60901
0.609586
0.610519
0.61157
0.593846
0.594362
0.594895
0.596864
0.577845
0.578402
0.579351
0.580382
0.56419
0.563743
0.56506
0.566182
0.567459
0.55014
0.551171
0.5543
0.556037
0.53747
0.53747
0.541285
0.542238
0.545714
0.54696
0.529627
0.529627
0.534465
0.535923
0.514752
0.518141
0.521171
0.521171
0.528047
0.529709
0.501472
0.504967
0.507996
0.510954
0.491394
0.494273
0.496915
0.499483
0.480891
0.483289
0.484467
0.486892
0.473749
0.472745
0.474981
0.479461
0.479461
0.46498
0.468165
0.469745
0.470749
0.457882
0.457961
0.461241
0.461241
0.463755
0.45131
0.45136
0.452638
0.454758
0.455449
0.445251
0.446474
0.44775
0.448376
0.439287
0.439282
0.440963
0.442179
0.442784
0.433704
0.434317
0.435718
0.437246
0.428035
0.429694
0.430521
0.432308
0.422605
0.421911
0.423139
0.424165
0.427373
0.427373
0.41577
0.418299
0.419079
0.42135
0.411019
0.411743
0.413774
0.415054
0.415667
0.407373
0.407961
0.409697
0.410278
0.40317
0.403209
0.404752
0.405775
0.398685
0.398685
0.399579
0.400385
0.401395
0.395609
0.395944
0.39729
0.398202
0.398495
0.391792
0.391792
0.392872
0.393647
0.393647
0.388377
0.38849
0.388731
0.388848
0.385654
0.385577
0.384679
0.384931
0.385146
0.382959
0.383724
0.384003
0.384882
0.380442
0.380828
0.381016
0.381738
0.378114
0.378309
0.379101
0.379486
0.379727
0.379727
0.380259
0.380259
0.380259
0.380259
0.381783
0.378055
0.379286
0.3721
0.372585
0.37272
0.372666
0.37034
0.37034
0.369791
0.369238
0.368919
0.369655
0.368033
0.367572
0.367097
0.369407
0.368846
0.368533
0.367826
0.366714
0.369437
0.369073
0.368073
0.367674
0.367674
0.369686
0.369254
0.369001
0.368474
0.370987
0.370759
0.370421
0.370099
0.372242
0.372139
0.372139
0.372111
0.371983
0.373705
0.373657
0.373836
0.373663
0.3756
0.375787
0.375787
0.377344
0.37731
0.377764
0.377764
0.377566
0.377059
0.376818
0.376818
0.376818
0.383131
0.383504
0.382806
0.382529
0.382896
0.385831
0.384461
0.383462
0.383015
0.382546
0.388304
0.385829
0.38514
0.384733
0.392225
0.391476
0.390358
0.388772
0.396574
0.395643
0.394344
0.393365
0.401075
0.400857
0.39884
0.397801
0.395641
0.395641
0.408481
0.408481
0.384482
0.384534
0.382955
0.381021
0.415643
0.414776
0.413781
0.412607
0.411435
0.420529
0.419196
0.417934
0.416641
0.425622
0.424959
0.423487
0.421872
0.431722
0.431722
0.430156
0.428149
0.426086
0.440527
0.438484
0.436538
0.434389
0.432246
0.448065
0.445064
0.444022
0.443002
0.457697
0.455716
0.453661
0.453134
0.450359
0.465621
0.463621
0.461727
0.460813
0.474736
0.473887
0.472904
0.470235
0.468565
0.485587
0.482924
0.481135
0.479416
0.494843
0.494149
0.492614
0.490831
0.487311
0.504718
0.502584
0.50149
0.499007
0.498412
0.515435
0.512906
0.510412
0.496133
0.517906
0.516539
0.511737
0.508106
0.533707
0.529394
0.52589
0.523031
0.520282
0.548834
0.546179
0.545135
0.543228
0.565286
0.565843
0.564409
0.563887
0.563818
0.583288
0.58153
0.58145
0.58146
0.600676
0.601208
0.59724
0.597502
0.597974
0.598627
0.624592
0.62411
0.624368
0.625589
0.641757
0.64481
0.646866
0.647945
0.648033
0.65454
0.653477
0.652961
0.655884
0.665819
0.681966
0.682483
0.683709
0.685796
0.655482
0.655912
0.657241
0.658462
0.637288
0.636887
0.637215
0.637913
0.638508
0.619501
0.619501
0.619466
0.619631
0.603054
0.601763
0.600929
0.600805
0.600674
0.587515
0.587406
0.58775
0.588202
0.588483
0.573724
0.574604
0.575373
0.576363
0.559912
0.562038
0.563118
0.564573
0.546962
0.547769
0.55112
0.55222
0.55222
0.55728
0.536281
0.536281
0.541064
0.544398
0.547911
0.522099
0.524457
0.530537
0.53447
0.508934
0.513356
0.517436
0.519487
0.497891
0.500373
0.504043
0.507559
0.510949
0.488808
0.492066
0.495502
0.500308
0.481072
0.481436
0.484093
0.485459
0.489355
0.472443
0.474112
0.476334
0.47736
0.479313
0.466376
0.467786
0.469197
0.470643
0.459097
0.459826
0.460479
0.46095
0.453198
0.453531
0.454439
0.455137
0.45616
0.447292
0.448752
0.449308
0.450428
0.451023
0.442168
0.443355
0.444734
0.44615
0.435899
0.435899
0.439358
0.439584
0.443532
0.428911
0.430217
0.430595
0.433317
0.435543
0.422825
0.424991
0.427089
0.428135
0.431348
0.418663
0.419618
0.423636
0.424366
0.413393
0.414325
0.415823
0.417294
0.419003
0.409056
0.410795
0.411971
0.413061
0.404288
0.405367
0.405763
0.406738
0.406955
0.400682
0.400828
0.401101
0.401179
0.401261
0.397541
0.397505
0.397944
0.397704
0.394007
0.393937
0.393813
0.393591
0.393293
0.391491
0.391024
0.391154
0.391227
0.388849
0.389068
0.389582
0.390142
0.390683
0.386349
0.386813
0.387355
0.388266
0.388368
0.384263
0.384318
0.385514
0.386534
0.381429
0.381904
0.382741
0.383117
0.37908
0.379371
0.379433
0.379697
0.37971
0.378108
0.378231
0.378413
0.378617
0.376798
0.377923
0.377982
0.378099
0.378085
0.375934
0.375723
0.375178
0.375008
0.375673
0.375511
0.375083
0.375083
0.37441
0.37563
0.37547
0.375132
0.374519
0.373792
0.376367
0.375689
0.375154
0.374496
0.373957
0.377131
0.376815
0.375826
0.375722
0.378416
0.379665
0.379173
0.378752
0.378314
0.379817
0.379245
0.3787
0.378177
0.381791
0.38115
0.380536
0.380536
0.37927
0.378533
0.384254
0.386332
0.385832
0.385055
0.386567
0.386088
0.385543
0.38389
0.383329
0.38905
0.38905
0.387661
0.387085
0.393011
0.392104
0.391356
0.389066
0.388293
0.397506
0.395264
0.394509
0.392277
0.400116
0.400116
0.399382
0.397271
0.396389
0.404676
0.404676
0.402378
0.400759
0.399938
0.410417
0.407728
0.405472
0.405472
0.415495
0.414683
0.412867
0.410032
0.409087
0.419404
0.419404
0.41659
0.415613
0.427838
0.425828
0.422749
0.420551
0.419454
0.432141
0.432141
0.427488
0.426353
0.441381
0.439012
0.434006
0.434006
0.431667
0.446371
0.445233
0.44286
0.439046
0.455292
0.451085
0.451085
0.448349
0.462913
0.462913
0.458865
0.455975
0.45315
0.470621
0.470621
0.466497
0.463744
0.46245
0.481627
0.477704
0.47511
0.4726
0.491861
0.491861
0.486604
0.484311
0.504396
0.503424
0.502097
0.497865
0.497865
0.516588
0.511767
0.510433
0.506858
0.505818
0.513797
0.503946
0.49852
0.496635
0.49486
0.530684
0.527132
0.524362
0.518635
0.548542
0.547759
0.545232
0.545232
0.543876
0.565491
0.564008
0.564192
0.564487
0.581838
0.578734
0.578393
0.578656
0.578656
0.60323
0.603756
0.603756
0.601721
0.602839
0.604268
0.627744
0.629803
0.633196
0.636133
0.640681
0.642665
0.642353
0.636697
0.635652
0.652745
0.652684
0.652046
0.664067
0.663465
0.664983
0.667744
0.67082
0.673378
0.64738
0.648124
0.649797
0.652797
0.628982
0.628982
0.628982
0.632483
0.633033
0.634356
0.606437
0.607369
0.607726
0.609083
0.610091
0.590868
0.591916
0.593095
0.593523
0.594434
0.576831
0.578091
0.578091
0.578901
0.561631
0.562599
0.564565
0.564565
0.548149
0.551444
0.551444
0.55294
0.555589
0.555589
0.534622
0.538448
0.54097
0.54097
0.521322
0.52494
0.528125
0.531789
0.509162
0.509383
0.51331
0.518804
0.498318
0.498318
0.502475
0.504461
0.50831
0.488007
0.489943
0.491687
0.494752
0.499312
0.478495
0.480205
0.484278
0.48559
0.489372
0.470539
0.471653
0.474918
0.475999
0.478153
0.463053
0.466721
0.466721
0.469419
0.45684
0.45684
0.458255
0.460459
0.448931
0.450291
0.450743
0.452586
0.453193
0.442776
0.444592
0.445117
0.446206
0.436548
0.436507
0.437518
0.439163
0.440649
0.430491
0.43127
0.432843
0.434432
0.435997
0.424444
0.425962
0.427487
0.429757
0.430577
0.419222
0.420656
0.422093
0.423503
0.413642
0.414975
0.416367
0.417762
0.418443
0.409412
0.410135
0.412174
0.412812
0.404169
0.405882
0.40643
0.407331
0.403538
0.400248
0.400049
0.401056
0.402
0.396064
0.397608
0.398141
0.399193
0.392211
0.392622
0.394311
0.394909
0.395661
0.388839
0.389494
0.390151
0.39118
0.39155
0.385768
0.386308
0.386819
0.38721
0.382734
0.383067
0.38349
0.38396
0.384337
0.384337
0.380999
0.382084
0.377772
0.377772
0.378547
0.378942
0.37919
0.379453
0.375859
0.376153
0.376476
0.376816
0.373968
0.374259
0.374582
0.37506
0.375214
0.372494
0.373345
0.373383
0.373458
0.371208
0.371308
0.371346
0.371394
0.371417
0.370392
0.370493
0.370545
0.370596
0.36835
0.369318
0.368712
0.368712
0.368131
0.36774
0.36774
0.369645
0.369558
0.369395
0.369082
0.368947
0.36952
0.369081
0.368531
0.367971
0.370579
0.370042
0.369546
0.369059
0.368546
0.371441
0.370863
0.370672
0.370414
0.373163
0.372882
0.370686
0.369984
0.369451
0.374989
0.374348
0.374174
0.373987
0.377153
0.376504
0.376201
0.376
0.375469
0.379842
0.379461
0.378283
0.377525
0.382669
0.382035
0.381689
0.380499
0.385654
0.385341
0.385041
0.383078
0.382512
0.389375
0.388219
0.38699
0.385329
0.39348
0.3922
0.391894
0.390856
0.389326
0.388379
0.397927
0.395546
0.394421
0.391919
0.402734
0.401094
0.399272
0.397452
0.395698
0.407036
0.404291
0.40329
0.401476
0.413317
0.41103
0.410149
0.406941
0.404827
0.418395
0.416535
0.41448
0.412448
0.425536
0.419728
0.418522
0.418522
0.41486
0.433127
0.431002
0.428914
0.42686
0.424848
0.439115
0.438137
0.4349
0.431668
0.447484
0.445397
0.442993
0.440395
0.439138
0.453875
0.451247
0.448465
0.445738
0.463457
0.462139
0.458026
0.453827
0.452477
0.471449
0.468755
0.467392
0.465299
0.482574
0.481121
0.478344
0.475642
0.473054
0.493201
0.490441
0.487806
0.486705
0.502991
0.502121
0.499247
0.484273
0.466823
0.500553
0.496431
0.492306
0.487338
0.518591
0.510989
0.509212
0.506167
0.503876
0.533019
0.533019
0.528848
0.528129
0.52707
0.552398
0.552588
0.550399
0.552278
0.568019
0.568945
0.567656
0.569135
0.570378
0.585059
0.586315
0.58618
0.590999
0.592292
0.604317
0.604263
0.604996
0.605687
0.621706
0.625797
0.62712
0.629872
0.631159
0.634888
0.63399
0.633067
0.630992
0.630076
0.647674
0.648507
0.648507
0.661707
0.662832
0.640121
0.641276
0.643344
0.646322
0.623406
0.622785
0.6245
0.625618
0.626674
0.607006
0.606754
0.607604
0.608562
0.609499
0.590783
0.591744
0.592475
0.592786
0.577022
0.576316
0.576923
0.577158
0.577438
0.562377
0.567073
0.568773
0.569838
0.571005
0.547426
0.548742
0.550412
0.550931
0.551661
0.536678
0.538516
0.539386
0.5423
0.5236
0.525947
0.529803
0.533335
0.513858
0.515358
0.517433
0.520437
0.501257
0.505127
0.506637
0.509527
0.510978
0.491656
0.494686
0.496363
0.499148
0.482094
0.480892
0.486869
0.489775
0.495233
0.50495
0.50495
0.505598
0.469032
0.473073
0.474479
0.478636
0.461894
0.462108
0.464291
0.466662
0.469843
0.455032
0.45673
0.457675
0.460209
0.461002
0.448589
0.45048
0.451117
0.452887
0.442705
0.443208
0.444602
0.445085
0.437186
0.437598
0.438339
0.439249
0.440229
0.43184
0.432343
0.433814
0.434815
0.435333
0.42694
0.427512
0.428611
0.420859
0.421486
0.422124
0.4235
0.425653
0.415831
0.416556
0.418904
0.420319
0.421419
0.411762
0.412584
0.41437
0.418045
0.418045
0.407855
0.40934
0.410336
0.411877
0.40283
0.404019
0.40554
0.407372
0.408033
0.398341
0.399476
0.399476
0.399476
0.401336
0.402023
0.402316
0.393727
0.394511
0.395003
0.395209
0.389983
0.389983
0.390029
0.389997
0.387555
0.387069
0.3867
0.386236
0.385674
0.384744
0.383639
0.383109
0.382846
0.382487
0.382202
0.382013
0.381802
0.381802
0.380125
0.380126
0.380257
0.380732
0.380914
0.378356
0.379483
0.379483
0.380743
0.375392
0.376908
0.378039
0.378039
0.378813
0.374595
0.374862
0.375323
0.372773
0.37285
0.373519
0.373749
0.374362
0.372026
0.372538
0.372914
0.373276
0.373463
0.37153
0.37154
0.371548
0.371539
0.371539
0.371248
0.371145
0.371079
0.370729
0.371632
0.370765
0.370765
0.369782
0.36938
0.37181
0.371155
0.370815
0.370121
0.373391
0.373006
0.372099
0.370503
0.370503
0.374657
0.373193
0.373193
0.372311
0.376402
0.375958
0.375389
0.374868
0.378361
0.378114
0.377883
0.377339
0.376164
0.380622
0.380372
0.379812
0.379087
0.378858
0.383276
0.383045
0.382549
0.382549
0.386141
0.385932
0.384674
0.38408
0.389811
0.389443
0.388182
0.387744
0.386742
0.392664
0.392664
0.392044
0.390416
0.39584
0.39584
0.395324
0.395324
0.392726
0.390326
0.403373
0.401872
0.401129
0.398467
0.397534
0.406307
0.404638
0.403579
0.401577
0.412341
0.410083
0.409
0.408046
0.404507
0.418063
0.414561
0.413383
0.411246
0.40862
0.423967
0.419693
0.419693
0.416423
0.430189
0.429073
0.425692
0.420155
0.420155
0.436955
0.436839
0.434145
0.432162
0.443105
0.443105
0.439814
0.438501
0.451601
0.451404
0.448804
0.444749
0.443403
0.459666
0.455773
0.455773
0.451877
0.469764
0.467291
0.465969
0.463413
0.460923
0.47792
0.474942
0.473661
0.469271
0.486765
0.486472
0.481528
0.476596
0.476596
0.496641
0.501047
0.501047
0.501047
0.495558
0.493129
0.466265
0.468085
0.502803
0.500603
0.492803
0.490477
0.519473
0.517378
0.511707
0.507012
0.536132
0.535323
0.532862
0.531289
0.531289
0.553181
0.552079
0.551981
0.553128
0.569488
0.570385
0.572046
0.572692
0.573378
0.588783
0.589687
0.590289
0.589151
0.606443
0.607885
0.610666
0.612467
0.612467
0.626331
0.627025
0.632948
0.635364
0.636332
0.639399
0.639399
0.637794
0.63587
0.649767
0.64999
0.657126
0.657126
0.648175
0.64803
0.650224
0.653339
0.653339
0.630053
0.631677
0.632455
0.634643
0.63534
0.615665
0.615665
0.616882
0.61766
0.598446
0.597877
0.596521
0.597828
0.598675
0.583382
0.583382
0.583783
0.584553
0.568894
0.568894
0.56686
0.56686
0.568152
0.555786
0.556306
0.5583
0.559793
0.542117
0.542992
0.546047
0.547861
0.549841
0.532207
0.532207
0.535917
0.53835
0.518493
0.517179
0.520354
0.524607
0.526212
0.505779
0.512542
0.512542
0.514093
0.496427
0.495012
0.49825
0.502412
0.503757
0.485617
0.488322
0.489547
0.4919
0.494221
0.479379
0.479379
0.481529
0.484821
0.485943
0.467266
0.469402
0.472576
0.474636
0.476669
0.46078
0.464384
0.466328
0.468145
0.453622
0.454351
0.45521
0.45761
0.458383
0.446396
0.448488
0.449868
0.45055
0.440168
0.441634
0.443
0.444467
0.445855
0.434522
0.436524
0.437274
0.439591
0.428915
0.429761
0.432135
0.433773
0.433773
0.422112
0.424094
0.424094
0.426964
0.428676
0.417363
0.418921
0.419774
0.422138
0.422598
0.412757
0.414074
0.415364
0.416598
0.407689
0.407199
0.408199
0.409163
0.40962
0.403457
0.404368
0.405444
0.406826
0.398201
0.399815
0.400824
0.402328
0.394551
0.395001
0.395805
0.396569
0.396922
0.391018
0.391704
0.392427
0.393162
0.387613
0.387934
0.388636
0.38934
0.389936
0.384381
0.384891
0.384891
0.386855
0.386928
0.382099
0.382607
0.383135
0.383984
0.378907
0.379734
0.379989
0.380244
0.380985
0.376551
0.376856
0.37718
0.377351
0.374433
0.37439
0.374533
0.374904
0.375194
0.373158
0.373313
0.373655
0.373826
0.371605
0.371631
0.371725
0.371895
0.371966
0.370899
0.371021
0.371192
0.371435
0.370225
0.37025
0.370216
0.370197
0.3701
0.370109
0.370047
0.369969
0.369964
0.369922
0.370132
0.36998
0.36973
0.36973
0.37043
0.370016
0.36974
0.36881
0.368139
0.371188
0.370625
0.37022
0.369732
0.37261
0.37171
0.371378
0.370637
0.370637
0.373695
0.37342
0.372522
0.371545
0.375938
0.375129
0.375023
0.374603
0.374089
0.377174
0.376882
0.376179
0.375241
0.3801
0.379142
0.378163
0.377172
0.376199
0.382757
0.381843
0.380963
0.379518
0.386669
0.386001
0.38503
0.38399
0.382961
0.389638
0.38858
0.387469
0.386756
0.394161
0.392968
0.391721
0.389223
0.389223
0.399064
0.39834
0.397614
0.396907
0.395261
0.403808
0.402252
0.400476
0.400173
0.4089
0.40719
0.40624
0.404362
0.402399
0.414016
0.412123
0.409993
0.407865
0.419942
0.419768
0.41642
0.414075
0.413015
0.425003
0.425003
0.422026
0.419593
0.433467
0.430947
0.428153
0.425508
0.424164
0.438996
0.436483
0.433593
0.430851
0.42948
0.447448
0.444805
0.442055
0.440706
0.455606
0.455113
0.452437
0.449771
0.44717
0.464256
0.461627
0.457597
0.456285
0.475012
0.468836
0.466248
0.463782
0.461457
0.483919
0.481578
0.479456
0.477393
0.494718
0.492825
0.491778
0.488668
0.487404
0.504669
0.504669
0.499543
0.499543
0.496278
0.505429
0.495743
0.492096
0.487933
0.522103
0.520563
0.51622
0.512124
0.509488
0.537182
0.53534
0.533457
0.532682
0.532228
0.553211
0.551568
0.551723
0.55185
0.569458
0.568962
0.568503
0.568808
0.569351
0.587126
0.587055
0.587421
0.588231
0.606236
0.608284
0.607535
0.607715
0.609317
0.612059
0.626198
0.627623
0.628494
0.62824
0.635726
0.63501
0.634669
0.634479
0.634778
0.658782
0.660403
0.661754
0.664067
0.637657
0.638772
0.641213
0.643259
0.645155
0.621062
0.621898
0.623564
0.604925
0.604925
0.605972
0.607573
0.608407
0.610083
0.588316
0.589368
0.59053
0.591913
0.593002
0.573507
0.575295
0.576597
0.577976
0.559717
0.561305
0.562606
0.564027
0.565595
0.547677
0.54972
0.550372
0.552802
0.534459
0.53671
0.538644
0.539644
0.522869
0.524398
0.526085
0.529722
0.532429
0.510109
0.51336
0.516624
0.522817
0.524472
0.498331
0.500649
0.504492
0.508077
0.511713
0.488381
0.49205
0.495232
0.498375
0.501495
0.480604
0.483442
0.487698
0.489084
0.470601
0.472979
0.475513
0.476739
0.462924
0.464077
0.46611
0.468233
0.470282
0.456197
0.459031
0.461337
0.463152
0.449517
0.450369
0.451654
0.451654
0.453728
0.443699
0.445062
0.446296
0.447586
0.448894
0.439255
0.439841
0.441102
0.44246
0.432458
0.433928
0.435205
0.436613
0.438046
0.427831
0.429291
0.430024
0.431872
0.421796
0.423291
0.424833
0.42638
0.428144
0.417534
0.419188
0.420002
0.42238
0.410999
0.413378
0.414456
0.406792
0.406792
0.406792
0.407486
0.411433
0.412862
0.414304
0.402689
0.403246
0.405011
0.405988
0.39818
0.398516
0.399058
0.399642
0.400103
0.394252
0.394294
0.394474
0.39454
0.391264
0.391018
0.390972
0.390878
0.390711
0.388013
0.38773
0.387651
0.387385
0.387144
0.385051
0.384773
0.384602
0.384456
0.382685
0.382632
0.382894
0.383206
0.380235
0.380192
0.380678
0.381144
0.381474
0.378056
0.379152
0.380081
0.380729
0.381632
0.376238
0.376841
0.377092
0.378311
0.374325
0.374631
0.375017
0.375119
0.375244
0.373031
0.373096
0.37329
0.374053
0.372233
0.372281
0.372441
0.372441
0.372413
0.371535
0.371342
0.371089
0.37081
0.371743
0.371292
0.370916
0.37072
0.370013
0.371595
0.370837
0.370554
0.36998
0.372499
0.371467
0.3707
0.369952
0.369141
0.373192
0.372358
0.371843
0.371843
0.370877
0.370877
0.370877
0.374252
0.373991
0.372864
0.372231
0.376275
0.375667
0.375058
0.373449
0.37831
0.378015
0.377546
0.376746
0.376525
0.380471
0.379945
0.379288
0.378659
0.378017
0.382959
0.382344
0.381765
0.381233
0.386147
0.387103
0.387103
0.38577
0.38577
0.38577
0.386043
0.386043
0.388965
0.385109
0.382001
0.380388
0.378789
0.393557
0.395417
0.394454
0.393636
0.398483
0.396579
0.394709
0.393491
0.389705
0.402487
0.400071
0.397775
0.395343
0.392929
0.406919
0.404817
0.402066
0.401177
0.413624
0.411864
0.410739
0.408379
0.407598
0.418612
0.417828
0.416365
0.414979
0.425188
0.424417
0.421975
0.420439
0.430928
0.431668
0.429039
0.427242
0.425525
0.439617
0.436862
0.434889
0.432979
0.432006
0.446167
0.443654
0.441385
0.438939
0.453843
0.451347
0.448597
0.445841
0.445841
0.439361
0.463366
0.462725
0.459911
0.452441
0.475251
0.473684
0.472372
0.468601
0.46619
0.485451
0.484279
0.47759
0.475948
0.494896
0.493633
0.49128
0.488903
0.487731
0.506617
0.504265
0.503179
0.500051
0.499072
0.499008
0.495478
0.491756
0.487115
0.523283
0.520617
0.515304
0.511361
0.509964
0.537612
0.537612
0.533871
0.532417
0.531993
0.553761
0.552566
0.552985
0.554146
0.57067
0.571344
0.572179
0.573449
0.574718
0.588295
0.588641
0.589782
0.591836
0.60393
0.606346
0.606834
0.608251
0.625852
0.625852
0.626684
0.628356
0.632364
0.639562
0.640615
0.640947
0.638911
0.637998
0.651545
0.65149
0.650271
0.660807
0.660807
0.656338
0.658908
0.660044
0.663598
0.638902
0.640998
0.642155
0.64697
0.620646
0.623315
0.623315
0.624895
0.627865
0.60506
0.606871
0.60849
0.610026
0.610026
0.590837
0.592137
0.593297
0.594474
0.575378
0.574861
0.576403
0.576403
0.577398
0.561484
0.56268
0.563283
0.565284
0.56601
0.549678
0.550579
0.552085
0.554938
0.536193
0.537188
0.541075
0.543267
0.544397
0.525439
0.528337
0.529555
0.532114
0.511471
0.514302
0.518866
0.518866
0.500707
0.504006
0.507248
0.510284
0.513269
0.492012
0.495123
0.497837
0.500375
0.502879
0.482565
0.487397
0.488589
0.490896
0.474099
0.476265
0.478388
0.48049
0.482525
0.467417
0.469238
0.471067
0.472767
0.459286
0.461533
0.462993
0.463742
0.465196
0.453438
0.454611
0.456004
0.457319
0.446496
0.447669
0.448274
0.450146
0.440562
0.441185
0.442232
0.443497
0.444719
0.434914
0.436174
0.437683
0.438454
0.429179
0.429963
0.431636
0.43334
0.423577
0.423724
0.425242
0.426901
0.426901
0.418722
0.420925
0.421778
0.423351
0.425671
0.42643
0.413893
0.415848
0.416513
0.417159
0.408019
0.409057
0.410046
0.41103
0.40386
0.404272
0.405201
0.406115
0.406951
0.399852
0.400979
0.401386
0.402159
0.402815
0.396282
0.396829
0.397128
0.398169
0.392667
0.392918
0.393937
0.394558
0.396285
0.396285
0.396285
0.396285
0.390502
0.391434
0.391885
0.392949
0.382851
0.38304
0.383252
0.383419
0.380266
0.380134
0.380028
0.380084
0.380753
0.377741
0.376708
0.376596
0.376483
0.375954
0.375867
0.375993
0.376959
0.376914
0.374352
0.374332
0.374565
0.374813
0.372579
0.372634
0.372769
0.372963
0.373166
0.371572
0.371871
0.372253
0.372693
0.370882
0.371093
0.371541
0.371934
0.372216
0.370478
0.370723
0.37093
0.371164
0.370446
0.370622
0.370676
0.370755
0.370795
0.370778
0.370565
0.370335
0.37022
0.371845
0.3715
0.371178
0.370841
0.370841
0.373392
0.370473
0.368303
0.368303
0.367513
0.367237
0.374804
0.374567
0.374545
0.374082
0.376893
0.376724
0.376207
0.375692
0.379116
0.379103
0.378825
0.377512
0.376346
0.381981
0.38151
0.380681
0.38003
0.379221
0.385371
0.383987
0.383081
0.381731
0.388558
0.388127
0.3866
0.387362
0.387629
0.390722
0.390722
0.390412
0.389734
0.388555
0.396593
0.394451
0.393466
0.392172
0.390632
0.40032
0.398882
0.396865
0.395393
0.405839
0.405063
0.402536
0.400818
0.410997
0.409616
0.408534
0.406962
0.405159
0.416268
0.414402
0.413509
0.409381
0.422084
0.420776
0.418853
0.417024
0.413822
0.428178
0.426115
0.420229
0.417643
0.415048
0.433454
0.432321
0.428687
0.42642
0.441435
0.439171
0.43686
0.43333
0.432164
0.448138
0.445752
0.443198
0.439446
0.458053
0.454319
0.451658
0.449017
0.446985
0.465548
0.461679
0.457666
0.456367
0.477365
0.478526
0.478526
0.494782
0.492884
0.491144
0.490275
0.487422
0.484582
0.480889
0.47723
0.498461
0.496611
0.492805
0.489078
0.48556
0.509217
0.505365
0.482033
0.473635
0.511112
0.508441
0.501581
0.501581
0.496034
0.527848
0.524593
0.522555
0.521756
0.519581
0.543515
0.54166
0.539198
0.539071
0.559787
0.561197
0.561611
0.562666
0.563975
0.577123
0.577717
0.578607
0.579984
0.592878
0.594507
0.594734
0.595557
0.610723
0.611212
0.610902
0.612576
0.614381
0.625652
0.624701
0.623819
0.621431
0.618952
0.634823
0.633444
0.631318
0.640399
0.650622
0.651391
0.653047
0.654485
0.634365
0.63373
0.63464
0.634935
0.635795
0.617884
0.618337
0.618362
0.618643
0.619202
0.603993
0.604698
0.605072
0.606198
0.588114
0.58833
0.588782
0.589063
0.589689
0.57414
0.574803
0.575435
0.560796
0.560282
0.564572
0.565593
0.566384
0.547304
0.547831
0.549381
0.550069
0.551558
0.534716
0.537843
0.538785
0.540868
0.541961
0.523123
0.527188
0.529723
0.532422
0.51201
0.515134
0.518155
0.520339
0.501452
0.501452
0.505996
0.50897
0.511983
0.491529
0.494624
0.495938
0.500363
0.481942
0.483589
0.486428
0.490635
0.49201
0.473581
0.476178
0.4786
0.480468
0.465618
0.466747
0.468781
0.470664
0.472717
0.458704
0.460424
0.462074
0.463798
0.465508
0.452179
0.454397
0.455167
0.458207
0.44594
0.447557
0.448062
0.450232
0.451565
0.440511
0.441605
0.442257
0.443594
0.434313
0.435064
0.437801
0.439629
0.441608
0.42961
0.431549
0.433561
0.434577
0.424092
0.424938
0.426852
0.428777
0.417497
0.418564
0.420297
0.422048
0.423767
0.412745
0.413596
0.415855
0.418199
0.418199
0.418199
0.405287
0.405172
0.405172
0.405258
0.40764
0.408262
0.401608
0.402567
0.403045
0.403914
0.396311
0.396891
0.397119
0.397062
0.397443
0.392418
0.392342
0.392379
0.392308
0.389391
0.389095
0.389321
0.389435
0.389598
0.3862
0.3862
0.387327
0.387578
0.387578
0.381251
0.382094
0.382094
0.382523
0.38346
0.378726
0.379015
0.379557
0.380689
0.376067
0.376161
0.377039
0.377292
0.377875
0.374345
0.374729
0.375132
0.375627
0.376012
0.372733
0.373414
0.374472
0.374853
0.371083
0.37176
0.37176
0.372825
0.37311
0.369886
0.370496
0.371285
0.371285
0.368894
0.369322
0.369549
0.369677
0.3685
0.368517
0.369048
0.368937
0.368776
0.368666
0.368499
0.36839
0.368042
0.36789
0.368834
0.368563
0.367774
0.366946
0.37054
0.369465
0.368581
0.36805
0.371389
0.371389
0.374472
0.374255
0.375189
0.372481
0.372096
0.371471
0.371471
0.370628
0.374588
0.374057
0.373014
0.37138
0.370877
0.377181
0.376262
0.375114
0.374844
0.374582
0.379001
0.378655
0.377836
0.377592
0.381651
0.381428
0.380096
0.380096
0.384474
0.383873
0.383873
0.383043
0.381658
0.381075
0.387156
0.387156
0.384412
0.384412
0.391384
0.391384
0.389017
0.388281
0.395947
0.395262
0.39463
0.39228
0.390438
0.400348
0.398521
0.397561
0.394651
0.393673
0.405168
0.403243
0.400266
0.410516
0.410329
0.409327
0.406313
0.405205
0.403
0.415012
0.414053
0.410982
0.409946
0.422017
0.420197
0.417159
0.417159
0.428262
0.428262
0.425215
0.423082
0.421976
0.436116
0.433973
0.430745
0.429648
0.427465
0.442267
0.43583
0.43583
0.433953
0.449809
0.449809
0.455169
0.457294
0.455172
0.452067
0.459698
0.456219
0.453246
0.450223
0.468739
0.467447
0.462712
0.459395
0.457766
0.4786
0.475389
0.476204
0.471272
0.469694
0.483145
0.477155
0.47534
0.476699
0.498177
0.496839
0.495097
0.480351
0.478887
0.511253
0.509928
0.509928
0.490807
0.476997
0.482913
0.522143
0.517643
0.512756
0.510508
0.508394
0.536776
0.53437
0.533127
0.532309
0.552549
0.553044
0.551114
0.551172
0.5691
0.570228
0.570649
0.567097
0.567641
0.567992
0.58857
0.589509
0.59037
0.59145
0.605807
0.605855
0.607331
0.607331
0.624129
0.624747
0.630356
0.632787
0.633783
0.637265
0.636236
0.633696
0.631487
0.648206
0.647254
0.660664
0.66047
0.661326
0.649843
0.648832
0.650519
0.651954
0.632083
0.632088
0.633149
0.634362
0.635447
0.615187
0.614892
0.615695
0.616549
0.599269
0.596689
0.596576
0.597554
0.597965
0.583841
0.58415
0.584858
0.585509
0.567518
0.567518
0.568641
0.569489
0.570467
0.553703
0.554942
0.556067
0.557277
0.558666
0.541448
0.543333
0.544976
0.548192
0.528199
0.530441
0.53299
0.534177
0.537976
0.51726
0.521776
0.5233
0.526396
0.50577
0.50785
0.513124
0.51484
0.518435
0.495273
0.498922
0.502373
0.505957
0.485094
0.487279
0.49049
0.493649
0.496774
0.477674
0.478934
0.481421
0.485115
0.485115
0.466163
0.468353
0.470536
0.471596
0.474607
0.459595
0.461322
0.463179
0.451741
0.451774
0.453023
0.454543
0.455917
0.457237
0.446027
0.447185
0.449328
0.450002
0.439212
0.439212
0.441967
0.445847
0.445847
0.445847
0.432141
0.433886
0.434933
0.436998
0.425171
0.426062
0.428434
0.430065
0.43168
0.420405
0.421212
0.422714
0.425218
0.414274
0.416435
0.416435
0.417842
0.409492
0.40958
0.410932
0.413734
0.413734
0.405074
0.406422
0.407074
0.40951
0.410113
0.401739
0.402286
0.404042
0.404956
0.398048
0.398048
0.398603
0.400384
0.401439
0.392466
0.393488
0.393928
0.395165
0.395541
0.389251
0.389968
0.390689
0.39244
0.386028
0.386638
0.387666
0.387666
0.388423
0.38318
0.383472
0.384107
0.384107
0.380684
0.380737
0.381398
0.381398
0.381744
0.378282
0.378429
0.37882
0.378976
0.376234
0.376225
0.37638
0.376562
0.374656
0.374599
0.374599
0.374809
0.375421
0.372903
0.372903
0.373488
0.373655
0.373755
0.371866
0.371866
0.371981
0.372518
0.372518
0.371851
0.372111
0.372755
0.370109
0.369641
0.369626
0.369532
0.369444
0.369285
0.370154
0.370022
0.369998
0.369992
0.370259
0.370014
0.369877
0.369682
0.369682
0.370561
0.369977
0.369807
0.369459
0.371517
0.371079
0.370882
0.370686
0.372595
0.372651
0.37229
0.371912
0.371659
0.373274
0.372583
0.371793
0.370967
0.375212
0.374694
0.373884
0.373066
0.372201
0.371775
0.376361
0.37561
0.375081
0.37343
0.379775
0.378271
0.377134
0.376165
0.382692
0.381771
0.380831
0.379951
0.385513
0.385513
0.384652
0.383457
0.382626
0.389611
0.389112
0.388026
0.393749
0.393749
0.393748
0.3927
0.391364
0.390367
0.398616
0.397608
0.396277
0.394966
0.393668
0.403516
0.401571
0.401571
0.398672
0.407957
0.406724
0.406012
0.402718
0.402718
0.412877
0.412062
0.409329
0.408353
0.419507
0.418499
0.415489
0.413711
0.411457
0.426554
0.424401
0.422328
0.419782
0.434808
0.434808
0.434595
0.433648
0.43009
0.427843
0.426649
0.44186
0.440818
0.43855
0.436234
0.451532
0.450429
0.448237
0.444536
0.443262
0.458446
0.455911
0.454593
0.451998
0.4683
0.465857
0.462985
0.461753
0.460547
0.477604
0.47534
0.471153
0.469832
0.467298
0.463626
0.482173
0.482173
0.478168
0.475731
0.501272
0.481327
0.481327
0.478905
0.510617
0.510617
0.504872
0.502538
0.501544
0.499694
0.523196
0.504923
0.495956
0.493181
0.526379
0.522897
0.52057
0.517878
0.517211
0.540477
0.540477
0.536883
0.536608
0.558955
0.559045
0.557652
0.558259
0.575542
0.575928
0.574209
0.574315
0.574953
0.591958
0.593505
0.59249
0.592892
0.593163
0.611711
0.611101
0.611164
0.611379
0.628076
0.630589
0.632406
0.633506
0.633359
0.640617
0.63981
0.639106
0.638892
0.651914
0.653032
0.666869
0.666869
0.650829
0.650829
0.652895
0.654916
0.657332
0.658603
0.629077
0.631181
0.631181
0.634458
0.637528
0.609815
0.610483
0.611181
0.614618
0.614618
0.616543
0.589991
0.591368
0.593617
0.594368
0.594944
0.596498
0.576189
0.576189
0.576837
0.578215
0.557882
0.558312
0.559533
0.560879
0.562372
0.544408
0.546282
0.547464
0.5491
0.531943
0.533144
0.535209
0.537126
0.537126
0.542688
0.516299
0.516441
0.521713
0.524465
0.527369
0.528861
0.507309
0.51046
0.51046
0.515173
0.516777
0.516777
0.496564
0.499864
0.502884
0.505819
0.507278
0.478215
0.480948
0.483499
0.4871
0.4871
0.466949
0.469899
0.472178
0.457975
0.458969
0.459678
0.463717
0.463717
0.464566
0.46628
0.44899
0.450386
0.450386
0.453215
0.455029
0.442353
0.444188
0.444188
0.445858
0.447805
0.436703
0.437294
0.439554
0.439554
0.430879
0.430879
0.43212
0.432729
0.433749
0.424687
0.425918
0.426729
0.428066
0.418228
0.418303
0.418303
0.421823
0.422422
0.425418
0.412242
0.413698
0.416615
0.418548
0.418891
0.419488
0.406213
0.40725
0.408698
0.410931
0.411658
0.411658
0.402031
0.402031
0.40259
0.4061
0.406975
0.394071
0.394994
0.394994
0.396272
0.397157
0.39843
0.38847
0.389664
0.389664
0.390868
0.390609
0.385931
0.385913
0.385913
0.385724
0.38422
0.38422
0.384414
0.381443
0.380681
0.381314
0.381398
0.381528
0.37676
0.376276
0.375903
0.375732
0.374894
0.374894
0.372639
0.372639
0.373259
0.372943
0.371883
0.369587
0.368823
0.368215
0.368013
0.367069
0.367069
0.366555
0.366524
0.366396
0.366396
0.366008
0.364331
0.36452
0.364823
0.364823
0.366954
0.367708
0.360975
0.360571
0.360571
0.361309
0.361138
0.361055
0.359002
0.358392
0.358392
0.357647
0.357421
0.357187
0.356981
0.35856
0.35856
0.358352
0.358352
0.358352
0.356979
0.356963
0.356748
0.356748
0.354642
0.353968
0.353968
0.353968
0.349507
0.357737
0.357598
0.357626
0.357624
0.358131
0.357924
0.357479
0.357002
0.356344
0.359866
0.359169
0.359169
0.358561
0.361617
0.361397
0.361397
0.360801
0.360801
0.364331
0.363851
0.363851
0.363851
0.363824
0.364736
0.367697
0.367697
0.367697
0.36849
0.368861
0.369348
0.369348
0.369825
0.370179
0.370624
0.369259
0.369452
0.368741
0.375044
0.374663
0.373845
0.372652
0.379303
0.378246
0.378705
0.378106
0.375635
0.375635
0.372079
0.385287
0.383939
0.382618
0.382618
0.379657
0.391593
0.390277
0.389089
0.388133
0.38752
0.397211
0.397211
0.395084
0.395084
0.393001
0.393001
0.405723
0.403067
0.403067
0.401542
0.400537
0.397231
0.412831
0.411008
0.411008
0.411008
0.408272
0.408272
0.422258
0.430774
0.420727
0.419274
0.419274
0.417296
0.409966
0.408139
0.408139
0.429268
0.429103
0.42344
0.42344
0.42344
0.438722
0.435457
0.432414
0.429455
0.45313
0.451741
0.447429
0.43858
0.432729
0.430205
0.467878
0.464512
0.462799
0.460009
0.457608
0.477258
0.475177
0.475285
0.474176
0.472024
0.488685
0.488685
0.481713
0.502101
0.502101
0.502101
0.499279
0.499279
0.503458
0.503555
0.500954
0.497124
0.497124
0.514525
0.514525
0.514525
0.472134
0.46717
0.46469
0.46469
0.452624
0.532236
0.532236
0.527019
0.525731
0.524236
0.549472
0.548327
0.544774
0.535715
0.535715
0.535715
0.567203
0.565836
0.566983
0.567538
0.568726
0.585225
0.585225
0.58267
0.58267
0.573428
0.573388
0.612311
0.613416
0.613416
0.613416
0.616321
0.616682
0.618065
0.640656
0.645755
0.646049
0.645798
0.645538
0.645447
0.669151
0.668476
0.668476
0.666408
0.666408
0.666408
0.664847
0.703555
0.703555
0.754928
0.754928
0.768615
0.768615
0.731818
0.728429
0.72665
0.72665
0.725577
0.725577
0.752534
0.753661
0.749367
0.749367
0.749367
0.74108
0.74108
0.765992
0.758601
0.758601
0.758601
0.767577
0.767577
0.731463
0.730807
0.731759
0.734515
0.735211
0.705355
0.705355
0.704149
0.705071
0.705519
0.705519
0.707487
0.707788
0.682085
0.682085
0.686457
0.689773
0.690797
0.690797
0.66004
0.662278
0.662278
0.66213
0.64256
0.64256
0.64256
0.642816
0.64288
0.643337
0.641309
0.62455
0.6194
0.622886
0.622886
0.611159
0.611159
0.593967
0.597828
0.607722
0.607722
0.592742
0.593116
0.595145
0.601995
0.602676
0.604889
0.577137
0.581362
0.581362
0.586946
0.587795
0.589694
0.564148
0.56743
0.570295
0.57514
0.57514
0.57747
0.551158
0.555153
0.555153
0.558293
0.559289
0.561439
0.561439
0.537178
0.537178
0.540199
0.540784
0.54562
0.54562
0.548009
0.530855
0.532056
0.533654
0.533654
0.538981
0.521073
0.521247
0.523375
0.527486
0.530783
0.532012
0.534253
0.515253
0.515253
0.518007
0.522174
0.522174
0.525006
0.506815
0.508019
0.507528
0.511874
0.512483
0.503708
0.50408
0.504234
0.50487
0.505389
0.501371
0.50154
0.50348
0.50348
0.504936
0.504936
0.498285
0.498092
0.499071
0.499748
0.499748
0.494744
0.495232
0.495426
0.499075
0.499075
0.499075
0.499075
0.488729
0.4893
0.489666
0.489919
0.499137
0.499039
0.499039
0.499039
0.485762
0.487305
0.487305
0.486982
0.48757
0.482462
0.481466
0.481201
0.481201
0.479078
0.479078
0.484119
0.48028
0.479656
0.478639
0.477959
0.475938
0.475938
0.475938
0.477402
0.476646
0.476655
0.476655
0.476655
0.478264
0.481662
0.482532
0.482532
0.483848
0.483378
0.483378
0.483378
0.482745
0.482479
0.482895
0.482535
0.482623
0.482646
0.482646
0.482646
0.482382
0.482382
0.481386
0.483025
0.483025
0.481801
0.481801
0.480272
0.486589
0.486589
0.486444
0.484975
0.484975
0.484975
0.492182
0.492182
0.493665
0.493665
0.493665
0.493165
0.501151
0.501151
0.502426
0.50432
0.50432
0.50432
0.510338
0.508106
0.508106
0.51085
0.515267
0.524684
0.524684
0.525724
0.51309
0.513002
0.513826
0.514526
0.514526
0.514489
0.522343
0.522814
0.522814
0.524092
0.528465
0.528075
0.527228
0.526523
0.52395
0.523415
0.536458
0.536458
0.53704
0.536981
0.545048
0.545048
0.545804
0.563407
0.563407
0.568822
0.55399
0.554492
0.553177
0.551886
0.550262
0.565218
0.565218
0.559452
0.555969
0.555969
0.555969
0.553048
0.578388
0.574307
0.574307
0.573921
0.573011
0.588941
0.588618
0.588618
0.569682
0.56932
0.56932
0.56932
0.602657
0.602575
0.603336
0.605268
0.605268
0.613176
0.614628
0.614628
0.617299
0.617299
0.622124
0.622226
0.622226
0.622226
0.620701
0.620701
0.618705
0.636705
0.626658
0.626658
0.625105
0.622646
0.649985
0.641918
0.638375
0.635784
0.635784
0.672012
0.672012
0.639971
0.639277
0.637055
0.632477
0.632477
0.693025
0.691563
0.691563
0.688713
0.683201
0.710272
0.710272
0.705687
0.704019
0.702313
0.698845
0.698845
0.698845
0.732561
0.732561
0.732561
0.727287
0.726154
0.726154
0.731935
0.731929
0.757509
0.757509
0.746999
0.746999
0.746999
0.745111
0.741755
0.783575
0.779072
0.775091
0.772952
0.772952
0.800076
0.769716
0.761463
0.759692
0.759692
0.759692
0.835013
0.832055
0.832055
0.823529
0.836832
0.835239
0.832951
0.865195
0.819394
0.814346
0.756005
0.737642
0.72853
0.848087
0.836712
0.836786
0.831
0.825329
0.907188
0.912145
0.921679
0.929445
0.929445
0.932841
0.932841
0.929271
0.929271
0.931152
0.944321
0.939773
0.939773
0.947145
0.950093
0.949552
0.949421
0.983775
0.985863
0.985863
0.992489
1.01167
1.01433
1.01532
1.02004
1.02135
1.02135
1.05195
1.05421
1.05618
1.06135
1.06307
1.09152
1.09234
1.0919
1.0919
1.10605
1.12059
1.1156
1.1155
1.11836
1.12815
1.12775
1.14112
1.14595
1.15119
1.15011
1.14992
1.08846
1.09207
1.09956
1.10131
1.06033
1.06197
1.06452
1.069
1.07305
1.03252
1.03931
1.03931
1.0424
1.00921
1.01022
1.01297
1.01454
1.01894
1.02181
0.986707
0.989878
0.990877
0.993462
0.964303
0.965335
0.965175
0.960671
0.96249
0.946452
0.945323
0.941339
0.941339
0.93991
0.926349
0.927095
0.940852
0.940852
0.940852
0.943587
0.909456
0.912555
0.921844
0.929534
0.929534
0.934197
0.893141
0.898382
0.899721
0.91075
0.916747
0.922664
0.881268
0.885205
0.892957
0.896823
0.871855
0.872919
0.880797
0.890111
0.89656
0.862874
0.868433
0.876566
0.883747
0.886929
0.858924
0.865454
0.872052
0.879052
0.88588
0.8542
0.860281
0.867885
0.872208
0.86177
0.865788
0.868912
0.868912
0.871897
0.876426
0.849844
0.849844
0.853439
0.853439
0.856511
0.858104
0.851112
0.852702
0.852702
0.858067
0.858067
0.859963
0.861023
0.855755
0.858894
0.859475
0.85532
0.855772
0.858251
0.858251
0.858894
0.860405
0.861773
0.867604
0.858396
0.87249
0.879898
0.891074
0.849018
0.849018
0.86661
0.870868
0.870868
0.872127
0.874654
0.873774
0.848879
0.849193
0.85556
0.858427
0.85968
0.85968
0.85968
0.85968
0.85968
0.852066
0.852357
0.852098
0.851261
0.854636
0.854636
0.859086
0.852737
0.852618
0.851334
0.859193
0.859007
0.859007
0.85379
0.852159
0.852159
0.852159
0.852159
0.864517
0.864056
0.864056
0.849935
0.849935
0.848513
0.846998
0.872276
0.872276
0.932626
0.93643
0.935247
0.935247
0.934262
0.865866
0.865228
0.859584
0.857691
0.853596
0.851211
0.88491
0.889086
0.889086
0.884886
0.882148
0.882148
0.89808
0.896506
0.893774
0.892416
0.892416
0.912486
0.913028
0.913481
0.91317
0.91143
0.922454
0.922805
0.922805
0.918636
0.917488
0.917488
0.938453
0.938119
0.938823
0.939367
0.939872
0.941273
0.92128
0.921525
0.95266
0.953228
0.952451
0.953696
0.953696
0.969513
0.969922
0.969919
0.969332
0.968624
0.989906
0.989412
0.989206
0.989207
0.988823
0.987787
1.02119
1.02231
1.00964
1.00964
1.00794
1.00794
1.01277
1.04789
1.04902
1.04797
1.03102
1.02899
1.02853
1.07452
1.07477
1.07485
1.07485
1.07474
1.10347
1.10438
1.10465
1.10465
1.12405
1.12334
1.10359
1.10359
1.10042
1.10042
1.11342
1.18677
1.18819
1.18992
1.17298
1.20856
1.20993
1.20756
1.20756
1.20579
1.20566
1.23933
1.23925
1.23925
1.24051
1.24125
1.24175
1.28323
1.28355
1.2825
1.27899
1.27766
1.31308
1.31549
1.33152
1.33142
1.33155
1.35023
1.34985
1.34687
1.34581
1.37927
1.37901
1.38397
1.38397
1.38397
1.38045
1.37925
1.42697
1.42125
1.41857
1.41298
1.40805
1.47308
1.46723
1.45969
1.45969
1.45294
1.44837
1.5045
1.5017
1.4947
1.49302
1.54667
1.54015
1.5382
1.52863
1.52587
1.52596
1.51651
1.41241
1.41255
1.50175
1.4991
1.49539
1.48196
1.52458
1.52249
1.52038
1.55802
1.5584
1.55352
1.54807
1.54278
1.56796
1.55595
1.55446
1.58254
1.57983
1.58447
1.58008
1.5937
1.58997
1.58384
1.58154
1.60303
1.59795
1.59433
1.61357
1.60784
1.60476
1.60087
1.5971
1.61216
1.60781
1.60637
1.60094
1.59853
1.59418
1.61955
1.61717
1.61717
1.6093
1.60398
1.60398
1.62903
1.63693
1.63171
1.63317
1.63067
1.6259
1.62526
1.62314
1.62164
1.64624
1.64274
1.64274
1.84516
1.84689
1.84555
1.63283
1.63225
1.635
1.63434
1.65016
1.65116
1.65546
1.65813
1.6585
1.67155
1.67101
1.67614
1.66887
1.66559
1.66754
1.65411
1.64676
1.64642
1.67142
1.6766
1.72655
1.72655
1.61619
1.6389
1.64444
1.64444
1.66246
1.72538
1.72538
1.72538
1.5731
1.60576
1.62947
1.63922
1.68956
1.53268
1.53268
1.58893
1.61732
1.61732
1.62924
1.49549
1.50167
1.85468
1.79637
1.74875
1.68197
1.68197
1.33743
1.3112
1.3632
1.37481
1.45701
1.30924
1.34065
1.34065
1.41161
1.4367
1.30885
1.29832
1.32583
1.34563
1.35502
1.35502
1.32636
1.34822
1.35926
1.35926
1.30797
1.32217
1.31028
1.31028
1.30092
1.30789
1.30579
1.30665
1.30422
1.30554
1.30873
1.30257
1.30067
1.30067
1.27362
1.27037
1.29818
1.28525
1.28525
1.27216
1.26916
1.25993
1.30045
1.2533
1.2533
1.24499
1.24499
1.20401
1.30471
1.30471
1.29244
1.26782
1.2597
1.29092
1.28466
1.25854
1.23678
1.30428
1.29628
1.26428
1.23939
1.22937
1.30566
1.30566
1.2699
1.26692
1.25152
1.31344
1.31344
1.28806
1.27526
1.27112
1.25341
1.31228
1.24034
1.24034
1.24034
1.20678
1.33431
1.33431
1.29165
1.26896
1.2634
1.2634
1.26064
1.36433
1.34369
1.3416
1.33095
1.32521
1.32521
1.32564
1.36248
1.36248
1.36492
1.37256
1.37256
1.37887
1.3631
1.3631
1.3631
1.34585
1.34847
1.34847
1.34847
1.35617
1.35713
1.35887
1.35887
1.36463
1.36992
1.37102
1.37102
1.37102
1.28596
1.28813
1.28892
1.39305
1.38792
1.38792
1.38183
1.38161
1.40102
1.41349
1.41349
1.41778
1.42112
1.41664
1.41664
1.4479
1.44934
1.44758
1.41769
1.41769
1.41722
1.4215
1.43382
1.43446
1.43324
1.43251
1.43308
1.43308
1.43956
1.44078
1.43989
1.43512
1.43613
1.43497
1.43497
1.4386
1.44036
1.43533
1.43382
1.43082
1.43146
1.43284
1.43299
1.43334
1.43308
1.432
1.42798
1.42903
1.42842
1.42739
1.42739
1.42842
1.42328
1.42282
1.42075
1.4269
1.42806
1.4249
1.42584
1.42938
1.44735
1.45061
1.42401
1.42707
1.43358
1.44731
1.44731
1.45314
1.43372
1.43521
1.43088
1.43088
1.44668
1.43805
1.44419
1.44765
1.44701
1.44847
1.44616
1.44649
1.43254
1.32491
1.46507
1.45141
1.4492
1.44136
1.43312
1.43039
1.47029
1.46441
1.45879
1.45257
1.44452
1.47182
1.46332
1.46075
1.45821
1.45413
1.47495
1.47164
1.4666
1.46244
1.47211
1.47017
1.46608
1.46431
1.46277
1.45861
1.45861
1.46687
1.46594
1.46111
1.46256
1.46338
1.46338
1.46348
1.45618
1.4582
1.46037
1.46126
1.46126
1.46171
1.4614
1.46256
1.46322
1.45609
1.45609
1.43005
1.42174
1.42435
1.4254
1.45131
1.44604
1.44444
1.44317
1.44241
1.44232
1.44442
1.4473
1.4473
1.44703
1.44372
1.44564
1.44638
1.44837
1.44285
1.44285
1.44606
1.44707
1.44937
1.45135
1.45135
1.45383
1.44333
1.44327
1.44313
1.44295
1.44172
1.44228
1.44051
1.43938
1.43938
1.52616
1.4457
1.4457
1.42332
1.41416
1.39284
1.39284
1.33471
1.41386
1.40335
1.40177
1.40335
1.39936
1.57593
1.58281
1.57183
1.57011
1.80113
1.80342
1.79726
1.79982
1.79301
2.05335
2.03924
2.03684
2.03071
2.02925
2.29345
2.2894
2.2812
2.27823
2.27548
2.54828
2.54225
2.53645
2.51433
2.46515
2.46515
2.77922
2.76494
2.74745
2.70477
2.69558
2.68606
2.91935
2.91225
3.331
3.331
3.31156
2.98955
2.98955
2.92182
2.87114
2.87114
2.928
2.9998
2.95782
2.85421
2.83999
2.79086
3.03238
3.31723
3.79761
4.90362
3.04851
3.48759
6.24652
2.81862
-0.783626
9.66579
6.42417
6.42417
3.41678
3.05123
3.14194
-5.19394
3.6232
3.6232
2.31327
2.50054
-4.0097
-4.55009
4.13704
2.6171
9.14228
5.46371
3.03718
3.54386
3.65641
3.29054
3.29054
3.29054
3.22975
3.24787
3.24787
0.499753
1.71378
11.175
9.72236
9.72236
17.4977
-22.4407
-4.61809
-4.61809
3.70681
0.997157
7.06215
5.17846
-7.91071
8.56765
9.57853
9.57853
11.4182
11.4182
13.1407
8.53829
8.53829
8.93547
2.75525
2.75525
2.75525
3.57773
7.3183
6.21922
6.21922
0.0724277
0.259937
0.259937
6.38931
6.38931
11.8235
10.6056
10.6056
4.55297
3.88643
3.43488
3.58268
3.58268
3.71953
3.71953
-1.92155
3.12948
3.12948
3.12948
0.424085
8.52422
8.52422
8.31066
8.31066
4.23916
4.23916
4.23916
3.01311
2.95617
2.93556
2.93556
3.73079
3.92245
3.92245
3.92245
3.9746
3.8809
3.8809
3.8809
3.80823
3.80285
3.77972
3.61584
3.61584
3.82369
4.02764
4.10049
4.19203
4.32121
3.45945
4.15997
4.32391
4.32391
4.68176
5.13756
3.8262
3.96937
4.02504
4.08042
4.08042
3.75665
-0.238992
-0.335087
-0.320735
-1.26076
1.20597
1.20597
2.14374
1.72884
0.378188
3.76285
2.64388
2.75661
2.7914
3.70709
3.69552
3.8497
4.24674
4.24674
4.76107
4.76107
3.70676
3.88522
4.40985
4.65186
6.0618
6.29101
6.29101
3.78451
2.14369
2.54937
2.54937
2.27638
3.91791
3.83113
3.84596
3.84596
3.78706
3.77823
3.83056
3.85559
