0
0
0
0
0
0
0
0
0
0
0
0
0
0
0
0
0
0
0
0
0
0
0
0
0
0
0
0
0
0
0
0
0
0
0
0
0
0
0
0
0
0
0
0
0
0
0
0
0
0
0
0
0
0
0
0
0
0
0
0
0
0
0
0
0
0
0
0
0
0
0
0
0
0
0
0
0
0
0
0
0
0
0
0
0
0
0
0
0
0
0
0
0
0
0
0
0
0
0
0
0
0
0
0
0
0
0
0
0
0
0
0
0
0
0
0
0
0
0
0
0
0
0
0
0
0
0
0
0
0
0
0
0
0
0
0
0
0
0
0
0
0
0
0
0
0
0
0
0
0
0
0
0
0
0
0
0
0
0
0
0
0
0
0
0
0
0
0
0
0
0
0
0
0
0
0
0
0
0
0
0
0
0
0
0
0
0
0
0
0
0
0
0
0
0
0
0
0
0
0
0
0
0
0
0
0
0
0
0
0
0
0
0
0
0
0
0
0
0
0
0
0
0
0
0
0
0
0
0
0
0
0
0
0
0
0
0
0
0
0
0
0
0
0
0
0
0
0
0
0
0
0
0
0
0
0
0
0
0
0
0
0
0
0
0
0
0
0
0
0
0
0
0
0
0
0
0
0
0
0
0
0
0
0
0
0
0
0
0
0
0
0
0
0
0
0
0
0
0
0
0
0
0
0
0
0
0
0
0
0
0
0
0
0
0
0
0
0
0
0
0
0
0
0
0
0
0
0
0
0
0
0
0
0
0
0
0
0
0
0
0
0
0
0
0
0
0
0
0
0
0
0
0
0
0
0
0
0
0
0
0
0
0
0
0
0
0
0
0
0
0
0
0
0
0
0
0
0
0
0
0
0
0
0
0
0
0
0
0
0
0
0
0
0
0
0
0
0
0
0
0
0
0
0
0
0
0
0
0
0
0
0
0
0
0
0
0
0
0
0
0
0
0
0
0
0
0
0
0
0
0
0
0
0
0
0
0
0
0
0
0
0
0
0
0
0
0
0
0
0
0
0
0
0
0
0
0
0
0
0
0
0
0
0
0
0
0
0
0
0
0
0
0
0
0
0
0
0
0
0
0
0
0
0
0
0
0
0
0
0
0
0
0.591194
0.588705
0.603977
0.617989
0.608281
0.620597
0.631787
0.642151
0.651895
0.621346
0.629783
0.637566
0.644752
0.621336
0.624496
0.631054
0.64286
0.662385
0.632717
0.632717
0.652562
0.6676
0.616841
0.63885
0.590601
0.555572
0.556963
0.572774
0.572977
0.573384
0.573955
0.551362
0.549966
0.549571
0.549015
0.548372
0.526942
0.526476
0.524915
0.523781
0.503215
0.502601
0.501845
0.499849
0.498392
0.479059
0.477328
0.475629
0.473977
0.453974
0.453974
0.45281
0.447428
0.447428
0.447428
0.44431
0.44431
0.4156
0.414573
0.411805
0.410123
0.40933
0.392535
0.391751
0.389301
0.387781
0.371393
0.370682
0.369907
0.368529
0.352159
0.350312
0.349663
0.348505
0.347932
0.332717
0.331569
0.329994
0.313737
0.313737
0.312857
0.311985
0.311579
0.31081
0.295558
0.295233
0.294189
0.293867
0.278996
0.278744
0.277927
0.2772
0.2772
0.262979
0.262197
0.261946
0.261201
0.248569
0.247555
0.247112
0.246678
0.246306
0.233489
0.232972
0.232409
0.232409
0.219765
0.219645
0.219275
0.218479
0.218319
0.218221
0.204625
0.20471
0.203963
0.203963
0.191535
0.191535
0.191473
0.191226
0.180551
0.179937
0.17991
0.179747
0.179728
0.169172
0.168606
0.168546
0.168559
0.158123
0.157546
0.157661
0.157695
0.157789
0.14685
0.146909
0.147017
0.147144
0.134106
0.134106
0.133481
0.133757
0.133988
0.134111
0.134397
0.12354
0.123829
0.124021
0.12422
0.113569
0.113788
0.114023
0.114245
0.104316
0.104073
0.104204
0.104436
0.1047
0.0942187
0.0943472
0.0946892
0.0948978
0.0850642
0.0847477
0.0851159
0.085287
0.0854307
0.0740644
0.0740644
0.0740407
0.0744115
0.0748189
0.0683895
0.0637549
0.0641337
0.064492
0.0648746
0.0538646
0.054276
0.0548152
0.0550015
0.0553959
0.0442466
0.0444432
0.0449369
0.045272
0.0343684
0.034713
0.0351063
0.0354779
0.0356706
0.0251222
0.0259245
0.0259245
0.0263178
0.0156592
0.0162472
0.0162472
0.0168734
0.0172798
0.00603663
0.00645305
0.00687569
0.00727912
-0.00261516
-0.00302951
-0.00250298
-0.00186492
-0.00121581
-0.0119075
-0.0113085
-0.0106872
-0.0101178
-0.0205691
-0.020678
-0.0200867
-0.019526
-0.0296677
-0.0300045
-0.0294467
-0.0288618
-0.0283047
-0.038871
-0.039011
-0.038429
-0.037858
-0.037353
-0.0488154
-0.0480019
-0.0471779
-0.0471779
-0.0575494
-0.0579463
-0.0571124
-0.056567
-0.0560524
-0.0677331
-0.0671923
-0.0666373
-0.0658182
-0.0774152
-0.0768712
-0.0760362
-0.0757555
-0.0752726
-0.0870534
-0.0861161
-0.085808
-0.0855039
-0.0846787
-0.0982481
-0.0976586
-0.0970335
-0.0964215
-0.10873
-0.108146
-0.107516
-0.107327
-0.10651
-0.119082
-0.117721
-0.116805
-0.116353
-0.129639
-0.128816
-0.12796
-0.127138
-0.140645
-0.140318
-0.139512
-0.138696
-0.137968
-0.151719
-0.15132
-0.150462
-0.149649
-0.148976
-0.163381
-0.162665
-0.16146
-0.161066
-0.175175
-0.175099
-0.174255
-0.173514
-0.173221
-0.187978
-0.187257
-0.186473
-0.18576
-0.199942
-0.198467
-0.197552
-0.196961
-0.196514
-0.213521
-0.213033
-0.226806
-0.21139
-0.226908
-0.227297
-0.227297
-0.22672
-0.225693
-0.239274
-0.239274
-0.238622
-0.238082
-0.237762
-0.252471
-0.252898
-0.252528
-0.251403
-0.251073
-0.264471
-0.264272
-0.262588
-0.262352
-0.277774
-0.277571
-0.277021
-0.276818
-0.290805
-0.291085
-0.29077
-0.290198
-0.289213
-0.304331
-0.304321
-0.303347
-0.302667
-0.302329
-0.318194
-0.318194
-0.318194
-0.315748
-0.314863
-0.314763
-0.336898
-0.335088
-0.334133
-0.3339
-0.351277
-0.351117
-0.350567
-0.350058
-0.366996
-0.366411
-0.36517
-0.364864
-0.36428
-0.376396
-0.376074
-0.3752
-0.374821
-0.374511
-0.386297
-0.387111
-0.387111
-0.387855
-0.379163
-0.380135
-0.381693
-0.381993
-0.363647
-0.363647
-0.363834
-0.365782
-0.365782
-0.366458
-0.367102
-0.34552
-0.345908
-0.346412
-0.346571
-0.331188
-0.331407
-0.331889
-0.332051
-0.332417
-0.317037
-0.317247
-0.31822
-0.31822
-0.303307
-0.302889
-0.303203
-0.303608
-0.289411
-0.288776
-0.289432
-0.28966
-0.290398
-0.275101
-0.27567
-0.276991
-0.276991
-0.277359
-0.277605
-0.259637
-0.259903
-0.26017
-0.261417
-0.261812
-0.243302
-0.244073
-0.24476
-0.246278
-0.23158
-0.23107
-0.23171
-0.233341
-0.233727
-0.219193
-0.219368
-0.220507
-0.220507
-0.221303
-0.207032
-0.208
-0.208325
-0.208648
-0.194616
-0.195238
-0.195808
-0.196403
-0.183432
-0.183432
-0.184854
-0.185343
-0.18564
-0.185955
-0.171927
-0.172231
-0.172943
-0.173229
-0.161505
-0.161668
-0.161875
-0.163037
-0.163037
-0.150671
-0.151697
-0.151954
-0.141033
-0.141033
-0.140891
-0.141351
-0.141594
-0.142105
-0.131203
-0.13149
-0.131929
-0.132709
-0.121981
-0.121592
-0.122814
-0.123325
-0.123325
-0.110901
-0.110507
-0.111166
-0.111394
-0.11209
-0.101742
-0.101964
-0.102402
-0.102866
-0.103301
-0.0932901
-0.0941194
-0.0941194
-0.0947381
-0.0850386
-0.0852243
-0.0857899
-0.0861625
-0.0863443
-0.0776333
-0.0777553
-0.0779318
-0.0784753
-0.0697864
-0.0700277
-0.0703292
-0.0705371
-0.061835
-0.0620324
-0.0626011
-0.0627935
-0.0631578
-0.0546944
-0.0551194
-0.0552342
-0.0559298
-0.0476926
-0.0473761
-0.0478937
-0.0480743
-0.0486171
-0.0404492
-0.0405382
-0.0408941
-0.0412642
-0.0328483
-0.0329645
-0.0335149
-0.033865
-0.0343129
-0.0257922
-0.0261971
-0.0264029
-0.0271729
-0.0188843
-0.0188843
-0.0190587
-0.0198288
-0.0202053
-0.0202053
-0.00986026
-0.009251
-0.00967028
-0.00985389
-0.0104056
-0.00207426
-0.00193015
-0.00273151
-0.00273151
-0.00312002
0.00552664
0.00509937
0.00490339
0.00432292
0.0134257
0.0132622
0.0122067
0.0114214
0.0206554
0.0209637
0.0202712
0.0200424
0.0196377
0.0281577
0.0279398
0.0275129
0.0271419
0.0268761
0.0361614
0.0362448
0.0353563
0.0351182
0.0347633
0.043284
0.043284
0.0428798
0.0422614
0.0507743
0.0502876
0.0502876
0.0499331
0.0576255
0.0579795
0.0573462
0.0570959
0.0567423
0.0651269
0.0649649
0.0643116
0.0639443
0.0721205
0.0721012
0.0711117
0.0711117
0.071025
0.080249
0.0804954
0.0798504
0.0791541
0.0786396
0.0879332
0.087322
0.0864176
0.0858536
0.0858536
0.0959348
0.0937831
0.102501
0.101889
0.112052
0.111723
0.110926
0.11067
0.121102
0.120922
0.119843
0.119843
0.119295
0.130864
0.130364
0.12908
0.128647
0.128575
0.139785
0.139278
0.138633
0.13843
0.149455
0.149203
0.148345
0.147849
0.159159
0.159003
0.15802
0.15802
0.157574
0.169039
0.168505
0.168042
0.167546
0.179497
0.179331
0.178313
0.178018
0.177818
0.189702
0.189502
0.188378
0.188378
0.200487
0.199754
0.199754
0.199188
0.21101
0.211018
0.211018
0.210409
0.209752
0.222769
0.222591
0.222247
0.221514
0.221241
0.234392
0.234249
0.233347
0.232957
0.232328
0.245792
0.244968
0.244628
0.257674
0.257971
0.257575
0.258875
0.258029
0.271577
0.272141
0.27152
0.275112
0.274431
0.287184
0.287168
0.287168
0.286988
0.29817
0.297594
0.297527
0.296982
0.296982
0.309382
0.309012
0.308616
0.307774
0.307497
0.320899
0.32018
0.32018
0.31866
0.318656
0.336647
0.337054
0.336618
0.334506
0.333826
0.3503
0.349802
0.348555
0.347108
0.362411
0.361638
0.361638
0.360361
0.358599
0.375137
0.375276
0.374707
0.3718
0.370726
0.382672
0.382795
0.383476
0.384257
0.391498
0.391839
0.392942
0.39329
0.39329
0.392722
0.390233
0.391104
0.391958
0.378642
0.379376
0.380073
0.380432
0.364417
0.36527
0.365858
0.36668
0.352144
0.351738
0.351916
0.352858
0.35341
0.337726
0.338114
0.338501
0.338927
0.339356
0.324055
0.324467
0.324629
0.324963
0.310155
0.310425
0.310688
0.310975
0.311135
0.296046
0.296046
0.296066
0.296415
0.296859
0.297335
0.278304
0.278569
0.279255
0.279712
0.280203
0.265835
0.26684
0.267564
0.268095
0.252893
0.253556
0.254158
0.254776
0.240546
0.240671
0.241456
0.242102
0.24276
0.228604
0.229111
0.229914
0.230586
0.217314
0.217043
0.21779
0.218776
0.218776
0.203392
0.203667
0.203945
0.203945
0.205636
0.205636
0.207141
0.207141
0.185759
0.18603
0.186611
0.186903
0.187463
0.175597
0.175875
0.175993
0.176585
0.165152
0.165333
0.165727
0.166058
0.166201
0.15572
0.155975
0.156197
0.15632
0.146074
0.146194
0.146559
0.146657
0.146657
0.137039
0.137132
0.137702
0.138015
0.138191
0.127739
0.128118
0.128511
0.128876
0.119167
0.119001
0.119634
0.119863
0.120307
0.110602
0.110805
0.111359
0.112199
0.102424
0.102427
0.10328
0.103861
0.104139
0.0942295
0.0952173
0.0952173
0.0959865
0.0869192
0.0868496
0.0877682
0.0883878
0.0790994
0.0799968
0.0799968
0.0801866
0.0808327
0.0721041
0.0724002
0.0725903
0.0727737
0.0652543
0.0649456
0.0652267
0.0655053
0.0583873
0.0583873
0.0581871
0.0586437
0.0587942
0.0592192
0.0515529
0.051709
0.052196
0.0530429
0.0448049
0.0449349
0.0453715
0.0456569
0.0457949
0.0383243
0.0384092
0.0387502
0.0392259
0.0394092
0.0317215
0.0322799
0.0322799
0.0333802
0.0333802
0.0333802
0.0189856
0.0189856
0.0189856
0.0189856
0.0108354
0.0108354
0.0108354
0.0132289
0.0134876
0.00635356
0.00726352
0.00811448
0.00884413
-0.000526394
-0.00020801
-0.000562077
-0.000193029
0.00070718
-0.00766472
-0.00744084
-0.00635334
-0.00635334
-0.014437
-0.0149109
-0.0140542
-0.0136486
-0.0227497
-0.0227497
-0.0226096
-0.0221284
-0.0217856
-0.0215201
-0.0293014
-0.0289982
-0.028897
-0.0284382
-0.0283061
-0.0360147
-0.0355784
-0.035241
-0.0350824
-0.0427656
-0.0424437
-0.0422715
-0.0416799
-0.0415238
-0.049492
-0.0492101
-0.0485063
-0.0560973
-0.0565725
-0.0556017
-0.0556017
-0.0553518
-0.0551733
-0.0543106
-0.0651633
-0.0643982
-0.0632715
-0.0632715
-0.072556
-0.072167
-0.071901
-0.0714636
-0.0794093
-0.0795713
-0.0793834
-0.078591
-0.0783143
-0.0872079
-0.0863371
-0.0860836
-0.0851861
-0.0940825
-0.0941681
-0.0936422
-0.0931755
-0.0925152
-0.102343
-0.101739
-0.101534
-0.101534
-0.100208
-0.0999473
-0.112369
-0.112219
-0.111617
-0.110927
-0.121147
-0.120538
-0.120538
-0.119953
-0.119749
-0.13
-0.129712
-0.128924
-0.128696
-0.128391
-0.139097
-0.138704
-0.138304
-0.148047
-0.148158
-0.148158
-0.147315
-0.147315
-0.158487
-0.158298
-0.157257
-0.156596
-0.156596
-0.168417
-0.167891
-0.167699
-0.167205
-0.178653
-0.178502
-0.178181
-0.176877
-0.176227
-0.189316
-0.188013
-0.187641
-0.187278
-0.199315
-0.199211
-0.198555
-0.197833
-0.197833
-0.210729
-0.210544
-0.20982
-0.208925
-0.218671
-0.22393
-0.22393
-0.222486
-0.233591
-0.234127
-0.233553
-0.232644
-0.232411
-0.245281
-0.245671
-0.244974
-0.234593
-0.247698
-0.262717
-0.262577
-0.262184
-0.262208
-0.272131
-0.272004
-0.271821
-0.271676
-0.27106
-0.283161
-0.283205
-0.282612
-0.282113
-0.29377
-0.293953
-0.293171
-0.292411
-0.292062
-0.308321
-0.30922
-0.30922
-0.307672
-0.306837
-0.306088
-0.324564
-0.324155
-0.323265
-0.32179
-0.32142
-0.336017
-0.334772
-0.333232
-0.332805
-0.348989
-0.348958
-0.347428
-0.345847
-0.355318
-0.355875
-0.355742
-0.356559
-0.357642
-0.363333
-0.363818
-0.369472
-0.369901
-0.3594
-0.359546
-0.359546
-0.360481
-0.361066
-0.361726
-0.342632
-0.343498
-0.344136
-0.344712
-0.329822
-0.330101
-0.330532
-0.331234
-0.331506
-0.315901
-0.316662
-0.317015
-0.317417
-0.303052
-0.302589
-0.302831
-0.303368
-0.30355
-0.288544
-0.288911
-0.289152
-0.289493
-0.275992
-0.275409
-0.275491
-0.275736
-0.275736
-0.275402
-0.257945
-0.25717
-0.257791
-0.258475
-0.258712
-0.258963
-0.244738
-0.244828
-0.245447
-0.246226
-0.23151
-0.232173
-0.232574
-0.233489
-0.219129
-0.219696
-0.219789
-0.221126
-0.221363
-0.206925
-0.207542
-0.207631
-0.208198
-0.195016
-0.195602
-0.195602
-0.196714
-0.183957
-0.183451
-0.184288
-0.184455
-0.185288
-0.185831
-0.169793
-0.1693
-0.169949
-0.170192
-0.170898
-0.158455
-0.158913
-0.159382
-0.159592
-0.159937
-0.148107
-0.148312
-0.148879
-0.14907
-0.137642
-0.138004
-0.138557
-0.138748
-0.139141
-0.128456
-0.128456
-0.129004
-0.129004
-0.117951
-0.118269
-0.118367
-0.118809
-0.118984
-0.108665
-0.109246
-0.109352
-0.109909
-0.0996115
-0.0997874
-0.100312
-0.100649
-0.100807
-0.0910908
-0.0912485
-0.0917636
-0.0919403
-0.0824001
-0.0825674
-0.0831637
-0.0836993
-0.0838706
-0.0741467
-0.0747909
-0.0749898
-0.0751312
-0.0754914
-0.0665912
-0.0668976
-0.0668976
-0.0672449
-0.0674156
-0.0575689
-0.0578826
-0.0580381
-0.0583463
-0.0500601
-0.0502433
-0.0502985
-0.0506851
-0.0507963
-0.0427984
-0.0431871
-0.0434724
-0.0436128
-0.0357839
-0.0361197
-0.036421
-0.036612
-0.0369482
-0.0290143
-0.0292225
-0.0295681
-0.0299433
-0.0218345
-0.0219652
-0.0225342
-0.0230821
-0.0138055
-0.0138055
-0.0139896
-0.0145088
-0.0156874
-0.0158733
-0.0065178
-0.00701505
-0.00701505
-0.00751768
0.000584294
0.000444618
-0.000166134
-0.0003276
-0.000495418
0.00746891
0.00713562
0.00676617
0.00657994
0.0147533
0.0145921
0.0140269
0.0138273
0.0133803
0.0219445
0.0217596
0.0213385
0.0208394
0.029776
0.029776
0.0293533
0.0287744
0.0282851
0.0374476
0.0372535
0.0367912
0.036329
0.0357284
0.0443971
0.0442221
0.0437788
0.0431029
0.0428997
0.0512371
0.050987
0.0503753
0.0501616
0.0583222
0.0583222
0.0577123
0.0572888
0.0571172
0.0654013
0.0649268
0.0643953
0.0643953
0.0635709
0.073736
0.0732808
0.0730413
0.0721859
0.0811477
0.0805393
0.0803204
0.0798685
0.0796544
0.0883216
0.0877684
0.0870501
0.0868029
0.0865503
0.0956564
0.0951083
0.0948964
0.103297
0.103447
0.103148
0.102678
0.101934
0.111496
0.111006
0.11068
0.109859
0.109545
0.12077
0.121345
0.120134
0.119533
0.119293
0.129442
0.129531
0.128614
0.127518
0.127184
0.138203
0.137603
0.136463
0.136091
0.147072
0.145788
0.145788
0.145088
0.144476
0.15634
0.155206
0.154874
0.1545
0.165127
0.165518
0.164316
0.164112
0.163277
0.176744
0.176744
0.175848
0.17526
0.174337
0.187138
0.185777
0.185368
0.184071
0.196844
0.196794
0.195657
0.195566
0.195566
0.208467
0.207663
0.20656
0.206166
0.205859
0.219723
0.219319
0.218129
0.218129
0.217649
0.217171
0.236636
0.236252
0.235516
0.235132
0.249333
0.248875
0.248221
0.247916
0.247958
0.262049
0.261831
0.262987
0.261819
0.275779
0.275779
0.27455
0.274369
0.27344
0.28905
0.287546
0.277286
0.277286
0.305996
0.30504
0.304989
0.305101
0.320771
0.320771
0.319869
0.319288
0.319995
0.319317
0.318643
0.333794
0.332743
0.332252
0.331387
0.347431
0.346939
0.345386
0.344941
0.360029
0.360717
0.360563
0.357757
0.357757
0.374906
0.374317
0.373262
0.371212
0.388332
0.388185
0.388185
0.387414
0.385072
0.403909
0.403909
0.402522
0.400089
0.400214
0.412227
0.412227
0.412539
0.41197
0.418259
0.416851
0.416087
0.416641
0.417081
0.417396
0.40183
0.402065
0.402976
0.403242
0.387828
0.38763
0.38801
0.388434
0.388658
0.373223
0.373661
0.37386
0.374312
0.358949
0.35851
0.359229
0.359422
0.344365
0.343999
0.344221
0.344393
0.344983
0.329293
0.329539
0.329907
0.33076
0.33076
0.315156
0.315434
0.316184
0.317025
0.301134
0.301474
0.302437
0.302841
0.303424
0.287483
0.289047
0.289449
0.289935
0.274191
0.274191
0.274391
0.275853
0.277561
0.277561
0.256163
0.25628
0.257856
0.258825
0.259707
0.24414
0.244926
0.245772
0.246176
0.231531
0.232268
0.233211
0.233551
0.234166
0.219832
0.220565
0.221073
0.221381
0.208647
0.208833
0.209466
0.209888
0.210315
0.198112
0.198748
0.199062
0.199285
0.199665
0.1847
0.184849
0.18536
0.185785
0.174953
0.174751
0.175191
0.175674
0.176429
0.16445
0.164705
0.165508
0.166075
0.166661
0.154996
0.155567
0.156131
0.156785
0.145097
0.145725
0.146388
0.146717
0.135188
0.134274
0.135019
0.135607
0.136216
0.136807
0.125677
0.126219
0.126767
0.127033
0.11687
0.117445
0.117887
0.118389
0.118801
0.108878
0.109478
0.109733
0.110116
0.101102
0.101247
0.101468
0.101803
0.101967
0.0934408
0.0935848
0.0938834
0.0938834
0.0945687
0.0846337
0.0846337
0.0852303
0.0853369
0.0861413
0.0759075
0.0756392
0.0760049
0.0764842
0.0768409
0.0770362
0.0684717
0.0687444
0.0689558
0.0693759
0.0611257
0.0613712
0.0617871
0.0620558
0.0621847
0.0544623
0.0549477
0.055112
0.0475467
0.0473983
0.0476093
0.0480598
0.0482248
0.0406921
0.0406921
0.0406921
0.040776
0.0413498
0.0419656
0.0313242
0.0315176
0.0319434
0.0324297
0.0329791
0.0243076
0.0247999
0.025291
0.0255307
0.0168954
0.0173347
0.0178098
0.0182607
0.00997707
0.00965162
0.0100948
0.0105547
0.0107616
0.0021627
0.00256125
0.00301084
0.00341253
0.00377176
-0.00474904
-0.0044057
-0.00360184
-0.00360184
-0.00339818
-0.00339818
-0.0116672
-0.0116672
-0.0106419
-0.010557
-0.00995971
-0.0213464
-0.0211837
-0.0208068
-0.0202927
-0.0285351
-0.0283041
-0.0278018
-0.0276619
-0.0274367
-0.0351836
-0.0350049
-0.0347548
-0.0343829
-0.0420076
-0.0419201
-0.0416284
-0.0412028
-0.0410843
-0.0486073
-0.0486073
-0.0480627
-0.047556
-0.0555111
-0.0545704
-0.0545704
-0.0538547
-0.0531846
-0.0648586
-0.0655318
-0.0655318
-0.064556
-0.0639786
-0.0635512
-0.0732423
-0.0727681
-0.0724305
-0.0716052
-0.0803307
-0.080428
-0.0801867
-0.0796279
-0.0789792
-0.0883692
-0.0879377
-0.0871965
-0.0869605
-0.0866923
-0.0963164
-0.095503
-0.0947278
-0.0944886
-0.104029
-0.103944
-0.103298
-0.103298
-0.112965
-0.112349
-0.112349
-0.112349
-0.111435
-0.12175
-0.121268
-0.12085
-0.120406
-0.120106
-0.130861
-0.130431
-0.130027
-0.129628
-0.140193
-0.140089
-0.139636
-0.138723
-0.138148
-0.14957
-0.148928
-0.148335
-0.147699
-0.159449
-0.158934
-0.158362
-0.15785
-0.15747
-0.169437
-0.169124
-0.168414
-0.167837
-0.179921
-0.179507
-0.178955
-0.178435
-0.178109
-0.190558
-0.189858
-0.188791
-0.188791
-0.188791
-0.205089
-0.204642
-0.203968
-0.203669
-0.203068
-0.216356
-0.215953
-0.215368
-0.217227
-0.228446
-0.228426
-0.228043
-0.227393
-0.22695
-0.240586
-0.24015
-0.239527
-0.238953
-0.25205
-0.249341
-0.263746
-0.261198
-0.261099
-0.267764
-0.267421
-0.267421
-0.26642
-0.277806
-0.278528
-0.27781
-0.27781
-0.277571
-0.289352
-0.2892
-0.28839
-0.287489
-0.301571
-0.301291
-0.300359
-0.299368
-0.298954
-0.31306
-0.312693
-0.311693
-0.30995
-0.325368
-0.324926
-0.324386
-0.322461
-0.337547
-0.337547
-0.336751
-0.336197
-0.334307
-0.332924
-0.343456
-0.34334
-0.342875
-0.343829
-0.345096
-0.353941
-0.354261
-0.360636
-0.360636
-0.352696
-0.353143
-0.353302
-0.353946
-0.339176
-0.339516
-0.340279
-0.340788
-0.341305
-0.32646
-0.32646
-0.326441
-0.32733
-0.312614
-0.312874
-0.313336
-0.313495
-0.313838
-0.299116
-0.299274
-0.299416
-0.299801
-0.285251
-0.285385
-0.285553
-0.285811
-0.272478
-0.271815
-0.271932
-0.272203
-0.272445
-0.25848
-0.258718
-0.259222
-0.259625
-0.245439
-0.245439
-0.245862
-0.246313
-0.246994
-0.247243
-0.233055
-0.233055
-0.234167
-0.234466
-0.2204
-0.220757
-0.221753
-0.221753
-0.22291
-0.223302
-0.205448
-0.205758
-0.206542
-0.207082
-0.193674
-0.194693
-0.195342
-0.195867
-0.181991
-0.182368
-0.182485
-0.182959
-0.171576
-0.170884
-0.171302
-0.172047
-0.172047
-0.160642
-0.160692
-0.161097
-0.161226
-0.149955
-0.149473
-0.150168
-0.150168
-0.15061
-0.139198
-0.138685
-0.138961
-0.139225
-0.139339
-0.128806
-0.129067
-0.129277
-0.129413
-0.119651
-0.119191
-0.119511
-0.11978
-0.119919
-0.109933
-0.110071
-0.110367
-0.110713
-0.101325
-0.101292
-0.10147
-0.101895
-0.0921614
-0.0916026
-0.0914448
-0.0916866
-0.0924459
-0.0924459
-0.0826871
-0.0832873
-0.0834328
-0.0840166
-0.0745052
-0.0746859
-0.075248
-0.075648
-0.075832
-0.0667847
-0.0669198
-0.0674847
-0.0676776
-0.0594093
-0.0590755
-0.0596531
-0.0600135
-0.0513094
-0.0513094
-0.0516305
-0.0520094
-0.0524333
-0.0440666
-0.0442017
-0.0446558
-0.0449959
-0.0451349
-0.0370818
-0.0370818
-0.0375749
-0.0379634
-0.0379634
-0.029997
-0.030201
-0.0304843
-0.0307011
-0.0233198
-0.0230902
-0.0235082
-0.0237513
-0.023971
-0.0162359
-0.0165402
-0.0166867
-0.0171593
-0.00960181
-0.00945433
-0.00977766
-0.0101399
-0.00238093
-0.00253341
-0.00320305
-0.00354123
-0.00370987
-0.00370987
0.00410232
0.00410232
0.00410232
0.00410232
0.00333314
0.00256454
0.00198048
0.0165319
0.0159293
0.0149326
0.0143175
0.0234181
0.0234181
0.0226484
0.0221482
0.0219345
0.0310948
0.0302899
0.0301161
0.0299189
0.0379991
0.03805
0.0379472
0.0376051
0.0371851
0.0455754
0.0454635
0.044784
0.0444644
0.0444644
0.0530664
0.0526439
0.0524935
0.0519209
0.0600966
0.0600016
0.0596151
0.0590944
0.0667857
0.0668216
0.0668216
0.0661325
0.0656818
0.0736836
0.0736014
0.0729798
0.0727835
0.0805315
0.0804471
0.0804471
0.079742
0.0795236
0.0876565
0.0876565
0.0874438
0.0861777
0.0857978
0.0857978
0.0857978
0.0995146
0.0990759
0.0972938
0.0969141
0.0963495
0.107193
0.106265
0.10547
0.105204
0.104962
0.114927
0.113945
0.113689
0.113413
0.123024
0.122852
0.12227
0.121768
0.131512
0.131401
0.130682
0.130439
0.139911
0.140282
0.139657
0.139336
0.138805
0.138805
0.150932
0.150932
0.147898
0.147698
0.147318
0.146977
0.16415
0.163994
0.163454
0.16266
0.161964
0.17362
0.172763
0.172033
0.171297
0.182879
0.182868
0.182236
0.18157
0.193629
0.193629
0.19282
0.192442
0.192077
0.20453
0.203994
0.203512
0.202979
0.202643
0.215475
0.214537
0.214218
0.213915
0.227027
0.226498
0.225813
0.225499
0.224761
0.238411
0.237773
0.237042
0.236703
0.249736
0.249979
0.249589
0.248565
0.248026
0.262801
0.261919
0.261077
0.260339
0.274443
0.274786
0.274034
0.273296
0.273937
0.288292
0.287559
0.286675
0.285334
0.285163
0.300738
0.299665
0.298717
0.288847
0.318426
0.31909
0.318763
0.318977
0.328787
0.328631
0.328232
0.327637
0.327291
0.341154
0.340663
0.340184
0.339282
0.353719
0.354268
0.353508
0.352218
0.351884
0.368458
0.368418
0.366416
0.365187
0.382545
0.381612
0.382901
0.381485
0.380438
0.379309
0.398095
0.396169
0.395315
0.393647
0.411381
0.409358
0.406546
0.404448
0.404277
0.419303
0.421057
0.421007
0.42145
0.428797
0.43545
0.436007
0.436405
0.43716
0.416644
0.417142
0.417681
0.418198
0.40214
0.40167
0.401967
0.402307
0.402628
0.386836
0.386836
0.387158
0.387367
0.371912
0.371402
0.371286
0.37132
0.371538
0.356105
0.356242
0.356407
0.356641
0.356757
0.341398
0.341696
0.341993
0.342353
0.326735
0.326946
0.327642
0.328148
0.313159
0.312885
0.313856
0.314207
0.314207
0.315872
0.297624
0.297624
0.299001
0.300052
0.301121
0.281404
0.281591
0.283542
0.284688
0.267651
0.268548
0.27012
0.270676
0.255281
0.255233
0.256426
0.257458
0.258457
0.242408
0.243274
0.244276
0.245566
0.231566
0.230638
0.231232
0.231577
0.232554
0.218521
0.219117
0.219533
0.219737
0.22023
0.207334
0.207708
0.208098
0.208474
0.196411
0.196822
0.196889
0.197281
0.186233
0.185972
0.186281
0.186673
0.187043
0.175383
0.175988
0.176231
0.176711
0.176956
0.16561
0.166056
0.166611
0.167166
0.155573
0.155573
0.156737
0.157027
0.158784
0.144169
0.144349
0.144794
0.1456
0.14629
0.13439
0.135074
0.13585
0.136228
0.137336
0.125819
0.126169
0.127563
0.127858
0.117469
0.117398
0.117931
0.118464
0.119002
0.108934
0.109406
0.109867
0.110316
0.100821
0.101183
0.101193
0.101743
0.101895
0.0927912
0.0933079
0.0934286
0.0937042
0.0939745
0.0853452
0.0856263
0.0859612
0.0862027
0.0781045
0.0782267
0.0785208
0.0788696
0.0791993
0.0710555
0.0713496
0.0717388
0.0719329
0.0637345
0.0641336
0.0645322
0.0649645
0.06537
0.0567368
0.0571915
0.0576458
0.058129
0.0583105
0.0498278
0.0500521
0.0507533
0.0512384
0.0419098
0.0423448
0.042994
0.0432136
0.0344546
0.0348787
0.0350861
0.0357211
0.0360965
0.0274191
0.0278258
0.0282594
0.0286821
0.0197813
0.020427
0.0206045
0.0210178
0.0213875
0.0122921
0.0127075
0.0126446
0.0128052
0.00485663
0.00457259
0.00521703
0.00521703
0.00575411
-0.00350214
-0.00331977
-0.00291859
-0.00247317
-0.00198632
-0.0103826
-0.00988827
-0.00941924
-0.00899074
-0.00857103
-0.0169969
-0.0167987
-0.015966
-0.0157386
-0.0235996
-0.0243122
-0.0237883
-0.0232943
-0.0228591
-0.0306359
-0.030163
-0.0296647
-0.0292275
-0.037832
-0.0374545
-0.0370045
-0.0370045
-0.0361498
-0.0356578
-0.0469403
-0.0468567
-0.0466533
-0.0460995
-0.0538139
-0.0539271
-0.0536583
-0.052977
-0.0527701
-0.0614799
-0.0614799
-0.0607795
-0.0605705
-0.0689766
-0.0689727
-0.0685967
-0.0677035
-0.0674306
-0.0771877
-0.0764061
-0.0761646
-0.0753935
-0.0848776
-0.0848776
-0.0846211
-0.08392
-0.0836619
-0.0932091
-0.0932091
-0.0924211
-0.0918964
-0.0916937
-0.102009
-0.101359
-0.100674
-0.100674
-0.111048
-0.110907
-0.110297
-0.109547
-0.109362
-0.119585
-0.119585
-0.119015
-0.11877
-0.129899
-0.129527
-0.128814
-0.128444
-0.12833
-0.139411
-0.139411
-0.138505
-0.13828
-0.149549
-0.149335
-0.148416
-0.148416
-0.148116
-0.15972
-0.159446
-0.159093
-0.158336
-0.169785
-0.169292
-0.169292
-0.168614
-0.180826
-0.180826
-0.179878
-0.179376
-0.179081
-0.19194
-0.19194
-0.191216
-0.190768
-0.190694
-0.203454
-0.203072
-0.202529
-0.201711
-0.215133
-0.215133
-0.214417
-0.21424
-0.227312
-0.227847
-0.227708
-0.22672
-0.22672
-0.239094
-0.240934
-0.240542
-0.239639
-0.239413
-0.259986
-0.257623
-0.256855
-0.256627
-0.256555
-0.267863
-0.267177
-0.267313
-0.267093
-0.279141
-0.279074
-0.278158
-0.278158
-0.277698
-0.290624
-0.290248
-0.289863
-0.288961
-0.302546
-0.301859
-0.300376
-0.299844
-0.299844
-0.31501
-0.314509
-0.314509
-0.310588
-0.309289
-0.308354
-0.328796
-0.328755
-0.326433
-0.323806
-0.335565
-0.334624
-0.334406
-0.334398
-0.336247
-0.343567
-0.343728
-0.343652
-0.347784
-0.347485
-0.347846
-0.348331
-0.348627
-0.349352
-0.335491
-0.335949
-0.336127
-0.336719
-0.322131
-0.322131
-0.322131
-0.321951
-0.321766
-0.32209
-0.304262
-0.304609
-0.305195
-0.305068
-0.305193
-0.29103
-0.291314
-0.29149
-0.291564
-0.29175
-0.278065
-0.278249
-0.278249
-0.278446
-0.264677
-0.265051
-0.265312
-0.265312
-0.252122
-0.252697
-0.252697
-0.253045
-0.253523
-0.253523
-0.237757
-0.238443
-0.239096
-0.239096
-0.224813
-0.225145
-0.226224
-0.226988
-0.213068
-0.212533
-0.212914
-0.214272
-0.200524
-0.200524
-0.201022
-0.201522
-0.202188
-0.188929
-0.189245
-0.189442
-0.190118
-0.190935
-0.178172
-0.177931
-0.178611
-0.178858
-0.179506
-0.166258
-0.166417
-0.166879
-0.167032
-0.16736
-0.155835
-0.156297
-0.156297
-0.156668
-0.145763
-0.145763
-0.145942
-0.146289
-0.135664
-0.135854
-0.136002
-0.136273
-0.136384
-0.125763
-0.126167
-0.126256
-0.126502
-0.115169
-0.114715
-0.115116
-0.115531
-0.115957
-0.105861
-0.105913
-0.10633
-0.106758
-0.107165
-0.0965698
-0.0969518
-0.097353
-0.0979443
-0.0981151
-0.0880936
-0.0884378
-0.0887515
-0.0890804
-0.0795329
-0.0798817
-0.0802089
-0.0805622
-0.0807332
-0.0715796
-0.0719375
-0.0724222
-0.0725922
-0.0638462
-0.0640221
-0.0641248
-0.0643377
-0.0595838
-0.0559284
-0.0562716
-0.0565753
-0.0568472
-0.0483983
-0.0488789
-0.0490384
-0.0493554
-0.041492
-0.0413528
-0.0415613
-0.0418112
-0.0420778
-0.0340962
-0.0343973
-0.0346696
-0.034978
-0.0351928
-0.0273282
-0.0276665
-0.0279104
-0.0282236
-0.0203872
-0.020737
-0.0210294
-0.0213599
-0.0216549
-0.0216549
-0.0140371
-0.0144966
-0.00688848
-0.00688848
-0.00724076
-0.00754454
-0.00787253
-0.00818439
-0.000331488
-0.000689012
-0.00105313
-0.00140791
0.0065607
0.00618749
0.00582382
0.00530384
0.00514293
0.0132221
0.0127241
0.0123283
0.0121321
0.0203214
0.01995
0.0195557
0.0192293
0.0188805
0.0272445
0.0266444
0.0264339
0.0262252
0.0353001
0.0352435
0.0348228
0.0348228
0.0340881
0.0337625
0.0337625
0.0455586
0.0461499
0.0457073
0.0451058
0.044934
0.0521191
0.0516763
0.051139
0.0506454
0.0590347
0.0585232
0.0580393
0.0575782
0.0571759
0.0656936
0.0649667
0.064737
0.0642906
0.0726743
0.0724389
0.0716605
0.0711267
0.0706972
0.0792708
0.0784941
0.0782309
0.0777454
0.0864512
0.0860991
0.0855549
0.0853014
0.0848089
0.093267
0.0930106
0.092168
0.0916047
0.100744
0.10026
0.0999787
0.099213
0.108295
0.108088
0.107467
0.106422
0.106004
0.115903
0.115115
0.114369
0.11368
0.123445
0.123203
0.122754
0.122134
0.121319
0.121061
0.133153
0.132161
0.131765
0.130583
0.141699
0.140898
0.140271
0.139618
0.139102
0.150655
0.14972
0.149258
0.148626
0.16023
0.159734
0.159303
0.158354
0.157803
0.169646
0.16891
0.168319
0.167716
0.180054
0.178563
0.178322
0.178322
0.176978
0.191637
0.19108
0.190491
0.189879
0.189441
0.202233
0.201896
0.200975
0.200134
0.213522
0.213026
0.21223
0.211232
0.210859
0.224464
0.223591
0.22271
0.221863
0.236216
0.235948
0.234833
0.233958
0.233711
0.248055
0.247534
0.247116
0.246523
0.260664
0.260909
0.260085
0.259334
0.258813
0.274154
0.273404
0.272608
0.271879
0.287403
0.287079
0.286202
0.292229
0.287352
0.303965
0.303644
0.303556
0.303692
0.315641
0.314818
0.314739
0.314502
0.314081
0.327262
0.327262
0.325924
0.325527
0.324075
0.342909
0.342411
0.342638
0.340382
0.356177
0.355918
0.356159
0.35438
0.353329
0.368508
0.368899
0.367652
0.366937
0.365783
0.382274
0.381252
0.379603
0.378208
0.395381
0.396113
0.394833
0.391566
0.390207
0.401753
0.402926
0.403904
0.405934
0.406325
0.413939
0.413942
0.413942
0.422288
0.422742
0.405397
0.40577
0.40617
0.407532
0.391281
0.390574
0.390954
0.391174
0.391406
0.376579
0.376008
0.37626
0.376542
0.376852
0.360916
0.361351
0.361535
0.361656
0.347177
0.346537
0.346822
0.346944
0.347121
0.331674
0.332937
0.33327
0.333629
0.334104
0.315767
0.316134
0.316626
0.316776
0.317021
0.302272
0.302739
0.302941
0.303716
0.288019
0.288667
0.289558
0.290693
0.274981
0.275334
0.275502
0.276577
0.262126
0.262157
0.262809
0.263713
0.264163
0.249065
0.249937
0.25014
0.251206
0.237547
0.236637
0.238079
0.239113
0.240788
0.242088
0.242088
0.242409
0.218162
0.219228
0.21972
0.22098
0.207419
0.206996
0.207708
0.208355
0.209335
0.196148
0.196744
0.196932
0.197685
0.197874
0.185746
0.186289
0.186475
0.186892
0.176206
0.175998
0.176518
0.176702
0.166396
0.166166
0.166526
0.166933
0.167276
0.156359
0.156572
0.15725
0.157716
0.157956
0.147206
0.147397
0.147981
0.137638
0.137925
0.138213
0.138818
0.139837
0.128785
0.129109
0.130104
0.130798
0.131177
0.12051
0.120842
0.121527
0.122952
0.122952
0.112475
0.113074
0.113397
0.113966
0.104084
0.104676
0.105174
0.105759
0.105997
0.0954302
0.0958533
0.0958533
0.0958533
0.0975118
0.0978703
0.0980336
0.085144
0.0856195
0.0859568
0.0861073
0.0779803
0.0782771
0.0784077
0.0787684
0.0709176
0.0711213
0.0713732
0.0716043
0.0718094
0.0639486
0.0643612
0.0645024
0.0646282
0.0570865
0.0571941
0.0575217
0.0581015
0.0581015
0.0502935
0.0506305
0.0507931
0.051366
0.0515568
0.0434453
0.0442716
0.0442716
0.0449239
0.0362295
0.0368694
0.0375489
0.0375489
0.0379751
0.0296819
0.0298916
0.0303612
0.0224578
0.0221635
0.0228347
0.0230685
0.0237128
0.0149372
0.0153456
0.0157964
0.0162564
0.0164471
0.00786187
0.00832927
0.00854187
0.00915155
0.00915155
0.00101819
0.00140908
0.00157224
0.00209584
-0.00663419
-0.00593099
-0.00593099
-0.00520689
-0.00497936
-0.0129431
-0.0124448
-0.0122404
-0.0118337
-0.0197852
-0.0196289
-0.0190253
-0.0179824
-0.0179824
-0.0265819
-0.0258965
-0.0258965
-0.025332
-0.0332368
-0.0328088
-0.032489
-0.032121
-0.0397513
-0.0399296
-0.0397879
-0.0392149
-0.0388215
-0.0471229
-0.0469615
-0.0464717
-0.045864
-0.0458327
-0.0538865
-0.0536711
-0.0527251
-0.0527251
-0.0613461
-0.0608561
-0.0607308
-0.0602839
-0.0689197
-0.0687004
-0.0679438
-0.0676867
-0.0670528
-0.0760885
-0.0760885
-0.0755702
-0.0749626
-0.083826
-0.083826
-0.0836692
-0.0836692
-0.0838114
-0.0828398
-0.0951511
-0.0945995
-0.0940265
-0.0930003
-0.0926886
-0.102994
-0.102312
-0.102072
-0.101578
-0.111649
-0.111751
-0.111514
-0.111207
-0.110527
-0.120661
-0.120361
-0.120169
-0.11969
-0.11932
-0.13056
-0.129651
-0.129651
-0.128943
-0.140262
-0.140086
-0.139325
-0.138141
-0.138141
-0.15031
-0.150378
-0.150053
-0.149706
-0.16028
-0.16028
-0.159643
-0.15918
-0.170425
-0.170872
-0.170185
-0.169252
-0.168995
-0.181587
-0.180783
-0.180783
-0.179976
-0.192811
-0.192475
-0.192173
-0.191635
-0.191103
-0.20402
-0.20361
-0.203336
-0.202611
-0.216465
-0.217173
-0.216259
-0.215179
-0.215179
-0.227906
-0.230298
-0.230298
-0.230298
-0.228792
-0.228221
-0.225061
-0.233136
-0.253652
-0.253553
-0.253345
-0.253355
-0.262973
-0.262572
-0.261248
-0.260598
-0.273555
-0.273327
-0.273588
-0.272281
-0.272281
-0.284609
-0.284914
-0.284128
-0.283219
-0.296155
-0.295834
-0.294702
-0.294188
-0.293717
-0.310033
-0.309298
-0.308634
-0.306301
-0.321228
-0.321709
-0.3201
-0.318635
-0.318635
-0.3345
-0.33421
-0.332413
-0.33039
-0.329733
-0.339509
-0.339509
-0.341084
-0.343175
-0.34727
-0.347934
-0.352614
-0.352614
-0.344055
-0.343619
-0.343609
-0.344585
-0.344585
-0.330292
-0.330851
-0.331142
-0.331955
-0.33221
-0.318024
-0.318024
-0.318491
-0.318659
-0.304721
-0.304098
-0.303925
-0.304407
-0.304761
-0.291387
-0.291387
-0.291665
-0.291998
-0.277703
-0.277703
-0.277527
-0.277527
-0.277886
-0.264676
-0.264825
-0.265263
-0.265623
-0.2514
-0.251621
-0.252208
-0.25264
-0.253093
-0.239
-0.239
-0.239704
-0.240256
-0.226016
-0.225179
-0.225581
-0.226565
-0.226835
-0.212967
-0.214062
-0.214062
-0.214353
-0.201809
-0.200981
-0.2014
-0.202295
-0.202553
-0.189522
-0.189994
-0.190108
-0.190652
-0.191103
-0.178708
-0.178708
-0.179089
-0.179744
-0.179957
-0.165446
-0.165851
-0.166407
-0.166834
-0.167232
-0.154974
-0.155531
-0.155827
-0.156194
-0.144586
-0.144271
-0.144067
-0.14448
-0.144614
-0.133867
-0.134785
-0.135001
-0.135133
-0.124562
-0.124384
-0.124643
-0.124922
-0.125189
-0.114586
-0.114956
-0.115031
-0.115429
-0.105385
-0.105506
-0.105963
-0.1063
-0.1063
-0.0950209
-0.0956045
-0.0956045
-0.0962509
-0.0966931
-0.0866088
-0.087027
-0.0871744
-0.0877243
-0.0880222
-0.0786427
-0.0789393
-0.0792678
-0.0795876
-0.0707829
-0.0710501
-0.0712763
-0.0715532
-0.0716831
-0.0629904
-0.0632541
-0.0635647
-0.0638866
-0.0551968
-0.0557233
-0.0559627
-0.0564369
-0.0482131
-0.0481053
-0.0483715
-0.0486431
-0.0487655
-0.0406273
-0.0409316
-0.0412293
-0.0415105
-0.0337797
-0.0336435
-0.033905
-0.034202
-0.0344455
-0.0264843
-0.0267711
-0.0267711
-0.0272633
-0.0273741
-0.019749
-0.0200317
-0.0203513
-0.0206797
-0.0128256
-0.0132665
-0.0134335
-0.0136068
-0.0140795
-0.00622216
-0.0065819
-0.00691547
-0.00708743
0.000783536
0.000805284
0.000467129
0.000117347
-0.000203683
0.00752985
0.0073402
0.00695863
0.00637796
0.0142421
0.0142991
0.0138306
0.0133718
0.0129657
0.0216195
0.0211859
0.0207125
0.0202818
0.0286777
0.0288139
0.028331
0.0278711
0.027436
0.0362372
0.0358051
0.0353156
0.0350953
0.0346867
0.0436964
0.0432885
0.0426893
0.0426893
0.0509335
0.0505408
0.0503317
0.0497467
0.0493914
0.0577321
0.0573529
0.0569393
0.0565629
0.0648362
0.0643242
0.0641509
0.0635346
0.0635346
0.0716401
0.0713699
0.0706675
0.0701617
0.0787525
0.0782322
0.0779687
0.0775381
0.0771514
0.0854936
0.0852591
0.0846994
0.0839673
0.0930596
0.0923999
0.0917059
0.0913427
0.0907851
0.100199
0.0995834
0.0989292
0.0980953
0.108216
0.107639
0.10694
0.10627
0.105641
0.115825
0.115147
0.114438
0.114122
0.124311
0.123671
0.123033
0.121906
0.121906
0.133963
0.134002
0.133528
0.132244
0.131603
0.143112
0.142449
0.141823
0.141208
0.151938
0.15166
0.15139
0.150785
0.150238
0.161908
0.16115
0.160556
0.159942
0.171297
0.171753
0.170878
0.170185
0.169941
0.181556
0.181556
0.180642
0.179679
0.19259
0.191715
0.190838
0.189897
0.189538
0.202856
0.201913
0.201313
0.200474
0.200098
0.215304
0.214417
0.21352
0.213161
0.226273
0.226482
0.22572
0.225015
0.224504
0.238788
0.238153
0.237026
0.23668
0.250735
0.249927
0.249161
0.248534
0.248165
0.264
0.263494
0.26284
0.262216
0.276452
0.276639
0.276264
0.277148
0.276955
0.290988
0.290988
0.288966
0.288966
0.288733
0.308892
0.305872
0.305692
0.306054
0.321043
0.320957
0.320143
0.319633
0.319551
0.333205
0.332856
0.332161
0.331588
0.331278
0.346114
0.345747
0.344575
0.344153
0.359889
0.359359
0.357906
0.356747
0.356073
0.373033
0.372098
0.370679
0.368758
0.38903
0.390689
0.389649
0.388352
0.388383
0.386856
0.400658
0.399347
0.398159
0.397822
0.409945
0.411138
0.410689
0.410353
0.410661
0.426343
0.42679
0.427015
0.427499
0.407836
0.408222
0.408964
0.409536
0.410046
0.393403
0.394182
0.394305
0.378849
0.378849
0.379299
0.379521
0.379773
0.3802
0.362646
0.363092
0.363243
0.363571
0.363872
0.347718
0.348031
0.348325
0.348693
0.333085
0.333569
0.333868
0.33426
0.334713
0.319062
0.319323
0.319711
0.32037
0.304856
0.30523
0.305895
0.306219
0.291732
0.291288
0.291645
0.292929
0.293699
0.277471
0.278076
0.279081
0.280916
0.281432
0.262535
0.262318
0.263279
0.264232
0.265186
0.249597
0.250386
0.251475
0.252405
0.253311
0.23769
0.238329
0.239677
0.240074
0.22513
0.225723
0.226426
0.226759
0.214024
0.213861
0.2144
0.214984
0.215555
0.202353
0.203136
0.203816
0.20428
0.19208
0.191835
0.192172
0.192172
0.192981
0.181188
0.181522
0.181899
0.182301
0.182738
0.171556
0.171741
0.17219
0.172705
0.161286
0.161745
0.162256
0.162806
0.163368
0.151913
0.152448
0.152753
0.153905
0.142176
0.142744
0.143302
0.143891
0.144479
0.133324
0.13391
0.134224
0.135121
0.123862
0.124742
0.125255
0.114701
0.114701
0.114701
0.114967
0.115269
0.115943
0.116569
0.106186
0.106506
0.107234
0.107685
0.0984879
0.0983597
0.0987444
0.0991119
0.0994492
0.090537
0.09094
0.0910921
0.0913386
0.0832722
0.0831491
0.0834085
0.0836606
0.0839003
0.075826
0.0762325
0.0763666
0.0766054
0.0768347
0.067867
0.0681874
0.0684633
0.0687732
0.0607066
0.0610064
0.0613859
0.0617606
0.0542406
0.0539846
0.054366
0.0548356
0.0550874
0.0473652
0.0471255
0.0476631
0.0481849
0.0487023
0.0402014
0.0406881
0.0409435
0.0419018
0.0333995
0.0333218
0.0340614
0.0343142
0.0345389
0.0263087
0.0264943
0.0270454
0.0273824
0.0185385
0.0187393
0.0196158
0.0196158
0.0201723
0.0113425
0.0117701
0.0122012
0.0125879
0.00435995
0.004424
0.00477629
0.00494804
0.00538632
-0.00281439
-0.00231969
-0.0021854
-0.00186563
-0.00953876
-0.00950166
-0.00917056
-0.00884301
-0.00857893
-0.016109
-0.0158269
-0.0151156
-0.0151156
-0.013462
-0.013462
-0.013462
-0.0265411
-0.0261812
-0.0254826
-0.025012
-0.0333439
-0.0330097
-0.032562
-0.0321581
-0.0398938
-0.0400001
-0.0395966
-0.0390386
-0.0388755
-0.0472657
-0.0469141
-0.0464986
-0.0461117
-0.0457944
-0.0542037
-0.0537715
-0.0533724
-0.0529944
-0.0616599
-0.0617686
-0.0617686
-0.0609468
-0.0609468
-0.0609468
-0.0592723
-0.0592723
-0.0758691
-0.0756085
-0.0751074
-0.0747716
-0.0745724
-0.084163
-0.0836264
-0.0834372
-0.0832897
-0.092562
-0.0922737
-0.0922632
-0.092158
-0.0916854
-0.100866
-0.100476
-0.100137
-0.0998141
-0.0995457
-0.109527
-0.109164
-0.108529
-0.108328
-0.118538
-0.118178
-0.117802
-0.117087
-0.116872
-0.127376
-0.127158
-0.126617
-0.126093
-0.13678
-0.136615
-0.135906
-0.135429
-0.145197
-0.146331
-0.145683
-0.145141
-0.14478
-0.156195
-0.155575
-0.155072
-0.154631
-0.154513
-0.166027
-0.165438
-0.164837
-0.164123
-0.176105
-0.17531
-0.17466
-0.174014
-0.174014
-0.173018
-0.189158
-0.189214
-0.188664
-0.187327
-0.200514
-0.200958
-0.200687
-0.200076
-0.199796
-0.212498
-0.212438
-0.214304
-0.214052
-0.225092
-0.224932
-0.223906
-0.223294
-0.223044
-0.236708
-0.23632
-0.236006
-0.235284
-0.235132
-0.259066
-0.258397
-0.258414
-0.258374
-0.264454
-0.264689
-0.264097
-0.264328
-0.264243
-0.275108
-0.275108
-0.274507
-0.274079
-0.27391
-0.286132
-0.286383
-0.284225
-0.283676
-0.298113
-0.298231
-0.297438
-0.296403
-0.295439
-0.309812
-0.309013
-0.307778
-0.306354
-0.321531
-0.321262
-0.320477
-0.318305
-0.335511
-0.335511
-0.334361
-0.334787
-0.332335
-0.341953
-0.341987
-0.341379
-0.342733
-0.344295
-0.350006
-0.350217
-0.350873
-0.357511
-0.357511
-0.350187
-0.350386
-0.350491
-0.350945
-0.338008
-0.337851
-0.33815
-0.339157
-0.324272
-0.324905
-0.324905
-0.325196
-0.325834
-0.31115
-0.311578
-0.312007
-0.312386
-0.312386
-0.297946
-0.297688
-0.298678
-0.298877
-0.283945
-0.283283
-0.283615
-0.283615
-0.283814
-0.270259
-0.270405
-0.270518
-0.270811
-0.270925
-0.257337
-0.257329
-0.257701
-0.258235
-0.244054
-0.244256
-0.244664
-0.245077
-0.245315
-0.231652
-0.232034
-0.232293
-0.232759
-0.218725
-0.219271
-0.220002
-0.220002
-0.20646
-0.207034
-0.20767
-0.208326
-0.208912
-0.195011
-0.195671
-0.196258
-0.196863
-0.197443
-0.183606
-0.184626
-0.184884
-0.185343
-0.172533
-0.172896
-0.173332
-0.173718
-0.17408
-0.162072
-0.162379
-0.162728
-0.16296
-0.151631
-0.152014
-0.152372
-0.152493
-0.152751
-0.141677
-0.141962
-0.142198
-0.14246
-0.131759
-0.132043
-0.132161
-0.132593
-0.12226
-0.122355
-0.122723
-0.123081
-0.123438
-0.112948
-0.113306
-0.113698
-0.113904
-0.10421
-0.104021
-0.104452
-0.104905
-0.095325
-0.0949431
-0.0953785
-0.0958098
-0.0958098
-0.0867315
-0.08684
-0.0870797
-0.0875125
-0.0880915
-0.088279
-0.0773451
-0.0779265
-0.078126
-0.0783148
-0.0690233
-0.069371
-0.0696098
-0.0699207
-0.0616068
-0.0615015
-0.0617403
-0.0620494
-0.0623305
-0.0537366
-0.0541467
-0.0542885
-0.054584
-0.0548341
-0.0465855
-0.0468477
-0.046963
-0.0473361
-0.0393675
-0.0394813
-0.0398781
-0.0401403
-0.0401367
-0.0401367
-0.0401367
-0.0401367
-0.0315318
-0.0322901
-0.0329824
-0.0337274
-0.0217291
-0.0222416
-0.0224948
-0.0228504
-0.0151591
-0.0150849
-0.0154761
-0.0156106
-0.0158335
-0.00810964
-0.008531
-0.00873021
-0.00898238
-0.00125758
-0.00152001
-0.00180163
-0.00203094
-0.00216343
0.00530122
0.00513086
0.00478766
0.00438602
0.0122759
0.0120688
0.0115893
0.0111093
0.0106774
0.0193987
0.0189462
0.0184365
0.0179447
0.0266951
0.0265026
0.0259835
0.0254742
0.0250146
0.0339437
0.0334813
0.0329835
0.0325473
0.0407784
0.04089
0.0404247
0.039988
0.0396074
0.0481881
0.0476884
0.0472158
0.0469848
0.05524
0.054824
0.0543987
0.0540027
0.0540027
0.0620299
0.0613335
0.060589
0.060589
0.0603263
0.0607154
0.0714033
0.0710756
0.0702791
0.0697861
0.0780826
0.0781991
0.077689
0.0772271
0.0852641
0.085609
0.0853515
0.084511
0.083872
0.0925069
0.0924469
0.0917916
0.0911536
0.0906245
0.100515
0.0996879
0.0990584
0.0983032
0.107704
0.107808
0.106738
0.106423
0.105836
0.115078
0.115078
0.114674
0.114025
0.113439
0.125777
0.12493
0.124624
0.123987
0.123434
0.13402
0.133409
0.132784
0.132154
0.143091
0.142752
0.141843
0.141218
0.151895
0.151512
0.151285
0.150661
0.150106
0.161823
0.161172
0.160783
0.159523
0.171131
0.171402
0.17065
0.170008
0.169252
0.181812
0.181231
0.180369
0.179477
0.178704
0.191768
0.191255
0.189791
0.188944
0.202752
0.202201
0.201316
0.200235
0.199941
0.213608
0.212929
0.2121
0.211097
0.22556
0.224692
0.223895
0.223233
0.222895
0.237271
0.236321
0.235155
0.234836
0.251804
0.252608
0.252608
0.247272
0.24671
0.246318
0.246165
0.269004
0.268495
0.267942
0.267562
0.281172
0.281866
0.28125
0.2807
0.282005
0.295698
0.295106
0.306405
0.296661
0.310744
0.31129
0.309966
0.309966
0.309136
0.322455
0.321892
0.320932
0.320544
0.320695
0.336682
0.336901
0.334868
0.334158
0.349095
0.349248
0.348597
0.347458
0.346564
0.36291
0.362114
0.360742
0.359517
0.377327
0.376405
0.37519
0.373947
0.391396
0.390967
0.390056
0.389531
0.386415
0.399236
0.39787
0.398167
0.399048
0.40149
0.40834
0.408189
0.40763
0.416578
0.418775
0.416176
0.416666
0.416767
0.404276
0.403571
0.403719
0.403845
0.404122
0.389202
0.389494
0.38964
0.389758
0.390014
0.37537
0.375699
0.375861
0.376354
0.36039
0.360523
0.360898
0.361039
0.361359
0.345793
0.346118
0.346448
0.331877
0.331181
0.331577
0.332002
0.332422
0.317514
0.316959
0.3178
0.318044
0.318584
0.302884
0.303729
0.304005
0.304675
0.305002
0.28916
0.290181
0.290932
0.291697
0.275815
0.276442
0.277452
0.278192
0.262888
0.262888
0.264066
0.264936
0.265797
0.250144
0.250939
0.251441
0.252749
0.238205
0.238103
0.238916
0.240113
0.240505
0.225695
0.226388
0.227014
0.227669
0.214674
0.214557
0.215032
0.215602
0.21617
0.202989
0.203583
0.203951
0.204444
0.204902
0.192069
0.192674
0.192851
0.193538
0.181638
0.182121
0.182436
0.183044
0.183512
0.171693
0.172152
0.172648
0.173182
0.161613
0.161904
0.162669
0.163242
0.163787
0.152155
0.152745
0.153358
0.153668
0.142571
0.142891
0.143467
0.144047
0.133579
0.133542
0.134067
0.134642
0.135204
0.124387
0.124661
0.125534
0.126119
0.126119
0.126119
0.111535
0.111916
0.111916
0.110895
0.111917
0.112233
0.103645
0.10424
0.104536
0.105109
0.0958218
0.0961909
0.0964046
0.0965872
0.0969739
0.088004
0.0882903
0.0885191
0.0887551
0.0809147
0.0806764
0.0810811
0.0812143
0.0814575
0.0734208
0.0734208
0.0741342
0.0742805
0.0742805
0.0636893
0.0643243
0.0643243
0.0647757
0.065404
0.0568906
0.0570825
0.0574757
0.0582655
0.0497121
0.0498821
0.0506877
0.0508795
0.0513751
0.0431936
0.0432127
0.0435684
0.0439205
0.0440932
0.0358407
0.0361769
0.0367245
0.0369436
0.0287871
0.0288881
0.0288881
0.0297295
0.0299339
0.0216945
0.022078
0.0229151
0.0229151
0.013902
0.0142904
0.0147219
0.0149306
0.00687284
0.00674696
0.00714951
0.00754875
0.00790295
-0.000493147
-0.000182436
2.58453e-05
0.000550602
0.000700159
-0.00729144
-0.00691812
-0.00685769
-0.00616315
-0.014159
-0.0139996
-0.0132835
-0.0128311
-0.0204912
-0.0204912
-0.0201622
-0.0199295
-0.0193832
-0.0283256
-0.0278992
-0.027518
-0.027518
-0.0271136
-0.0350386
-0.0348718
-0.0344784
-0.0339107
-0.0337443
-0.0418177
-0.0415224
-0.0406154
-0.0404482
-0.040278
-0.0484602
-0.0482185
-0.0474027
-0.0471543
-0.0555342
-0.0553372
-0.0543775
-0.0543775
-0.062699
-0.0623447
-0.0623447
-0.0614896
-0.061166
-0.0609443
-0.070889
-0.070889
-0.0699283
-0.0699283
-0.078818
-0.078818
-0.0782609
-0.0780365
-0.0868731
-0.0867264
-0.0864119
-0.0857387
-0.0851253
-0.0948351
-0.0941838
-0.0939232
-0.0930551
-0.0928185
-0.102984
-0.102439
-0.101678
-0.111185
-0.111594
-0.111431
-0.110722
-0.110449
-0.109983
-0.120316
-0.119911
-0.119177
-0.118925
-0.129738
-0.129162
-0.128522
-0.128522
-0.139422
-0.139422
-0.13873
-0.138181
-0.138051
-0.149412
-0.149109
-0.148276
-0.148039
-0.147684
-0.159444
-0.158134
-0.158134
-0.157681
-0.169884
-0.169884
-0.170812
-0.170726
-0.170675
-0.170207
-0.183547
-0.182829
-0.18213
-0.181493
-0.194643
-0.194517
-0.193447
-0.192698
-0.192406
-0.206058
-0.205556
-0.204652
-0.203732
-0.203517
-0.218497
-0.217345
-0.216961
-0.218467
-0.230195
-0.229451
-0.229039
-0.226214
-0.226007
-0.244852
-0.244758
-0.244758
-0.234747
-0.240668
-0.254398
-0.265364
-0.265009
-0.264905
-0.264444
-0.26408
-0.275642
-0.275223
-0.274588
-0.274017
-0.286595
-0.287492
-0.286474
-0.285638
-0.298101
-0.298662
-0.298323
-0.297131
-0.296225
-0.295824
-0.310182
-0.309173
-0.307836
-0.306619
-0.32317
-0.32224
-0.320313
-0.320313
-0.335938
-0.335502
-0.333414
-0.33116
-0.330345
-0.340255
-0.34069
-0.342453
-0.344035
-0.348942
-0.349238
-0.354982
-0.355279
-0.355986
-0.34581
-0.345984
-0.346607
-0.347188
-0.333045
-0.332684
-0.333112
-0.333535
-0.333951
-0.320049
-0.320331
-0.320417
-0.320843
-0.307341
-0.307377
-0.307259
-0.307471
-0.307698
-0.293442
-0.293716
-0.29374
-0.293892
-0.278548
-0.278548
-0.27879
-0.279009
-0.279224
-0.265415
-0.26572
-0.265927
-0.266203
-0.266523
-0.252523
-0.252878
-0.253264
-0.25396
-0.24002
-0.239652
-0.240329
-0.240575
-0.241347
-0.227161
-0.227982
-0.228347
-0.228961
-0.215177
-0.214756
-0.215876
-0.216193
-0.216846
-0.202625
-0.20317
-0.20367
-0.204289
-0.191416
-0.191205
-0.191693
-0.192219
-0.192731
-0.179836
-0.18009
-0.180544
-0.18122
-0.18122
-0.166808
-0.167144
-0.167531
-0.167716
-0.168183
-0.156494
-0.156981
-0.157181
-0.146392
-0.145883
-0.146388
-0.146505
-0.146721
-0.146923
-0.135934
-0.136619
-0.136806
-0.136894
-0.126098
-0.126098
-0.126457
-0.127138
-0.127138
-0.127138
-0.114134
-0.114516
-0.114664
-0.115004
-0.105012
-0.105171
-0.105627
-0.105947
-0.106264
-0.0964264
-0.0965828
-0.0969337
-0.0972813
-0.0877153
-0.0882256
-0.0882256
-0.0885536
-0.0798047
-0.0794368
-0.0798048
-0.0804839
-0.0804839
-0.0713857
-0.0717348
-0.0719369
-0.0725803
-0.0727321
-0.063744
-0.0638969
-0.0643782
-0.0647028
-0.056324
-0.056324
-0.0564757
-0.0570185
-0.0573533
-0.0481992
-0.0482825
-0.0484038
-0.048849
-0.0489841
-0.0406783
-0.0409435
-0.0412826
-0.0417849
-0.0338911
-0.033772
-0.0344021
-0.0344021
-0.0347982
-0.0267215
-0.0269491
-0.0275246
-0.0275246
-0.0199164
-0.0200321
-0.0205862
-0.0205862
-0.0208989
-0.0133634
-0.013707
-0.0139699
-0.0141177
-0.00687115
-0.00668997
-0.00701573
-0.00732114
-0.000358727
-0.000254021
-0.000254021
-0.000577238
-0.00104987
0.00704501
0.00704501
0.00651628
0.00633976
0.00588005
0.0135453
0.0135453
0.0130575
0.0121407
0.0121407
0.0204991
0.0199805
0.0193223
0.0275803
0.0271468
0.0269028
0.0264107
0.026191
0.025788
0.0349148
0.0343148
0.0338947
0.0336962
0.0418286
0.0416792
0.0410863
0.040555
0.040555
0.048656
0.0480748
0.0478557
0.0474334
0.055093
0.0550151
0.0548182
0.054616
0.0621885
0.0618782
0.0612903
0.0612536
0.0608684
0.069107
0.0686143
0.068184
0.0677073
0.0757657
0.0758075
0.0753544
0.0748979
0.0745726
0.074391
0.0828519
0.082366
0.0821681
0.0813247
0.0903693
0.0893379
0.0886464
0.0879841
0.0976407
0.0971141
0.0964467
0.0958406
0.105064
0.105064
0.104507
0.10387
0.103213
0.113154
0.113166
0.112431
0.121173
0.121173
0.121514
0.120895
0.120001
0.119492
0.13032
0.129702
0.128937
0.128231
0.127657
0.138929
0.137826
0.137826
0.136482
0.147592
0.147353
0.147011
0.145834
0.145834
0.157386
0.157176
0.156122
0.155772
0.167466
0.167213
0.16611
0.165423
0.165039
0.178483
0.178218
0.177554
0.177514
0.192243
0.192243
0.192726
0.192154
0.19135
0.190755
0.190567
0.204427
0.20399
0.203393
0.20264
0.216819
0.216604
0.215917
0.214766
0.214374
0.228279
0.227529
0.227103
0.22623
0.240439
0.23984
0.238271
0.23797
0.237693
0.252667
0.252255
0.251015
0.250618
0.250088
0.249414
0.266409
0.266409
0.265098
0.264422
0.281102
0.283401
0.283401
0.282908
0.297082
0.297082
0.294757
0.293855
0.293629
0.293273
0.309847
0.299499
0.307701
0.305304
0.323545
0.3235
0.322963
0.322325
0.322228
0.335829
0.335829
0.335282
0.334915
0.34827
0.348285
0.348296
0.346863
0.361779
0.361627
0.360945
0.360243
0.358734
0.374421
0.374608
0.372891
0.371682
0.371201
0.388193
0.387211
0.386644
0.385461
0.401435
0.400713
0.398454
0.39595
0.396105
0.408812
0.410524
0.409778
0.409529
0.418096
0.419117
0.427611
0.427611
0.413988
0.413988
0.414145
0.414712
0.415555
0.415956
0.3949
0.395569
0.395569
0.396515
0.397632
0.378465
0.378178
0.378471
0.379525
0.379525
0.380189
0.359925
0.360315
0.360822
0.361003
0.361349
0.36179
0.343793
0.343793
0.343863
0.344229
0.327772
0.327323
0.327539
0.327864
0.32825
0.312592
0.312794
0.31336
0.313792
0.298316
0.298306
0.29905
0.299555
0.299555
0.301044
0.280583
0.279512
0.280709
0.281438
0.282245
0.282654
0.267075
0.267801
0.267801
0.268953
0.269328
0.269328
0.251635
0.252263
0.253104
0.253946
0.254385
0.233304
0.23383
0.234861
0.235899
0.235899
0.219224
0.21968
0.220276
0.207972
0.208184
0.207911
0.209054
0.209054
0.209338
0.209725
0.192905
0.193242
0.193242
0.194016
0.194551
0.181754
0.182279
0.182279
0.182576
0.183139
0.171778
0.171955
0.172747
0.172747
0.161595
0.161595
0.162023
0.162253
0.162683
0.151776
0.15218
0.152487
0.153011
0.141094
0.14071
0.14071
0.141894
0.142201
0.143367
0.130946
0.131127
0.131479
0.132141
0.13229
0.132585
0.119227
0.119587
0.120147
0.120936
0.121194
0.121194
0.110114
0.110114
0.110349
0.111545
0.112004
0.0973637
0.0977709
0.0977709
0.0981732
0.0983909
0.0988069
0.0885231
0.0888122
0.0888122
0.0893616
0.0894053
0.0812913
0.0813281
0.0813281
0.0816637
0.0817087
0.0817087
0.0816416
0.0694511
0.0695402
0.0705456
0.0712362
0.0716618
0.0618054
0.061507
0.0619377
0.0620769
0.0624009
0.0624009
0.0532344
0.0532344
0.0535226
0.0535634
0.0539918
0.0449157
0.0453147
0.0455844
0.0457332
0.0370276
0.0370276
0.0372583
0.0374162
0.037563
0.037563
0.0376911
0.0387753
0.0278965
0.0283833
0.0283833
0.0295108
0.0300131
0.0191403
0.0186308
0.0186308
0.0192705
0.0204943
0.0206418
0.0102929
0.0109372
0.0109372
0.0112962
0.0115069
0.0120375
0.0123981
-0.000203846
-0.000203846
0.000618303
0.000618303
0.000618303
0.00163653
-0.0106982
-0.0104899
-0.0104899
-0.00982871
-0.00935836
-0.00935836
-0.00935836
-0.00833611
-0.0217984
-0.0214298
-0.0208148
-0.0206455
-0.028955
-0.0288284
-0.0286903
-0.0285966
-0.0285824
-0.0357259
-0.0356402
-0.0356402
-0.035266
-0.0424986
-0.0439607
-0.0439607
-0.0433133
-0.0433133
-0.0495872
-0.0486339
-0.0486339
-0.0486339
-0.0483982
-0.047823
-0.0616285
-0.0616285
-0.0616285
-0.0616627
-0.0611533
-0.0600327
-0.0600327
-0.0597648
-0.0701088
-0.0726851
-0.0722914
-0.071677
-0.0711573
-0.0794891
-0.0792523
-0.0784605
-0.0777618
-0.0870487
-0.0864999
-0.0858368
-0.0855236
-0.0850371
-0.0850371
-0.0838505
-0.0967905
-0.0970807
-0.0966232
-0.0966232
-0.0956621
-0.106413
-0.105792
-0.105316
-0.104804
-0.104651
-0.115605
-0.115605
-0.114814
-0.114814
-0.112988
-0.112988
-0.126994
-0.126286
-0.126286
-0.125765
-0.125554
-0.124721
-0.13711
-0.136391
-0.136391
-0.136391
-0.134928
-0.134928
-0.140232
-0.140942
-0.150949
-0.150234
-0.150234
-0.149465
-0.146783
-0.14618
-0.14618
-0.166551
-0.166854
-0.165303
-0.165303
-0.165303
-0.177481
-0.176954
-0.176384
-0.175894
-0.189925
-0.189794
-0.189054
-0.186637
-0.185024
-0.184686
-0.204863
-0.204394
-0.204347
-0.203163
-0.202406
-0.216192
-0.215516
-0.215611
-0.215197
-0.214448
-0.228605
-0.228605
-0.226509
-0.23116
-0.23116
-0.23116
-0.229866
-0.229866
-0.246972
-0.247506
-0.246597
-0.24533
-0.24533
-0.266754
-0.266754
-0.266754
-0.254642
-0.251778
-0.252002
-0.252002
-0.252249
-0.281953
-0.281953
-0.28057
-0.280097
-0.279617
-0.293563
-0.29343
-0.293411
-0.292253
-0.292253
-0.292253
-0.308423
-0.308473
-0.307111
-0.306856
-0.306577
-0.320597
-0.320597
-0.320016
-0.320016
-0.317308
-0.316885
-0.336996
-0.335705
-0.335705
-0.335705
-0.334054
-0.333894
-0.333835
-0.355488
-0.357378
-0.356684
-0.356389
-0.355991
-0.355903
-0.37331
-0.372065
-0.372065
-0.371274
-0.371274
-0.371274
-0.371214
-0.394139
-0.394139
-0.396034
-0.396034
-0.399148
-0.399148
-0.416573
-0.417291
-0.41591
-0.41591
-0.415938
-0.415938
-0.427936
-0.428589
-0.424468
-0.424468
-0.424468
-0.420032
-0.420032
-0.425895
-0.426053
-0.426053
-0.426053
-0.427671
-0.427671
-0.407287
-0.406574
-0.406883
-0.407603
-0.40778
-0.38599
-0.38599
-0.385141
-0.385982
-0.386075
-0.386075
-0.386893
-0.386955
-0.365912
-0.365912
-0.365121
-0.365917
-0.367235
-0.367235
-0.345495
-0.346969
-0.346969
-0.347131
-0.329049
-0.329049
-0.329049
-0.328906
-0.328947
-0.32924
-0.326418
-0.311591
-0.312648
-0.313498
-0.313498
-0.299637
-0.299637
-0.298594
-0.299404
-0.301857
-0.301857
-0.280098
-0.279906
-0.280493
-0.286244
-0.287593
-0.289383
-0.269389
-0.268434
-0.268434
-0.268282
-0.268552
-0.269303
-0.252815
-0.253818
-0.254359
-0.255256
-0.255256
-0.256192
-0.238074
-0.239076
-0.239076
-0.239808
-0.240255
-0.240718
-0.240718
-0.222997
-0.222997
-0.223819
-0.223947
-0.22502
-0.22502
-0.225676
-0.211727
-0.21199
-0.214039
-0.214039
-0.215967
-0.199397
-0.199119
-0.20019
-0.201165
-0.203139
-0.20325
-0.203704
-0.1884
-0.1884
-0.189466
-0.190007
-0.190007
-0.190076
-0.175546
-0.175864
-0.176634
-0.176661
-0.1766
-0.167861
-0.167666
-0.168064
-0.168303
-0.168547
-0.16067
-0.16108
-0.161802
-0.161802
-0.162434
-0.162434
-0.151577
-0.152699
-0.154601
-0.154632
-0.154632
-0.141906
-0.142166
-0.143949
-0.145934
-0.145934
-0.145934
-0.145934
-0.129395
-0.129124
-0.129576
-0.129803
-0.130608
-0.131282
-0.131282
-0.131282
-0.120008
-0.121061
-0.121061
-0.12154
-0.122101
-0.107875
-0.108436
-0.108553
-0.108553
-0.108965
-0.108965
-0.0972314
-0.0966563
-0.0968139
-0.0970145
-0.0971021
-0.0971023
-0.0971023
-0.0971023
-0.090104
-0.0906041
-0.0912719
-0.0912719
-0.0912719
-0.0915633
-0.0783501
-0.0805438
-0.0805438
-0.0815749
-0.073059
-0.073059
-0.073059
-0.0738643
-0.0743319
-0.0743312
-0.0589845
-0.0586429
-0.0589551
-0.0589551
-0.0589551
-0.0597723
-0.0597723
-0.0597183
-0.0492053
-0.0492053
-0.0478705
-0.0478705
-0.048031
-0.0427306
-0.0427306
-0.0427602
-0.043113
-0.043113
-0.043113
-0.0345264
-0.0345264
-0.0409376
-0.0409376
-0.0409376
-0.0411471
-0.0272132
-0.0272132
-0.0276113
-0.0287911
-0.0287911
-0.0287911
-0.0300486
-0.0177049
-0.0177049
-0.0181265
-0.0192664
-0.0192492
-0.0192492
-0.0194905
-0.00891017
-0.00981961
-0.0103014
-0.010607
-0.010607
-0.0108885
-0.00259619
-0.00337875
-0.00337875
-0.00319594
0.00316698
0.00323291
0.00302749
0.00299397
0.00344176
0.00353944
0.00846398
0.00846398
0.00796537
0.00787161
0.0136892
0.0136892
0.0132979
0.00973451
0.00973451
0.00875223
0.0205204
0.0190917
0.0189013
0.0189341
0.0188972
0.0258747
0.0258747
0.0261573
0.0271263
0.0271263
0.0271263
0.0272359
0.0341301
0.0330039
0.0330039
0.0327782
0.0322469
0.0400769
0.0398331
0.0398331
0.03823
0.0377666
0.0377666
0.0377666
0.0477587
0.0474372
0.0461089
0.0438255
0.0438255
0.0540372
0.0529157
0.0529157
0.0509269
0.0509269
0.0601405
0.0589586
0.0589586
0.0589586
0.0588619
0.0588619
0.0581607
0.068406
0.0677709
0.0677709
0.0678677
0.0678397
0.0757902
0.0755007
0.0751665
0.0753649
0.0753649
0.0852835
0.0852835
0.0798868
0.0790499
0.078876
0.0785969
0.0785969
0.0964307
0.0961575
0.0961575
0.0961589
0.0943945
0.105243
0.105243
0.105049
0.10547
0.105022
0.104396
0.104396
0.104396
0.116463
0.116463
0.116463
0.115223
0.114983
0.114983
0.115132
0.113834
0.128037
0.128037
0.126986
0.126986
0.126986
0.126639
0.127424
0.14001
0.13963
0.139954
0.139937
0.139937
0.148681
0.148378
0.148227
0.148193
0.148193
0.148193
0.162348
0.162947
0.162947
0.165046
0.162509
0.163204
0.163409
0.176623
0.19817
0.197747
0.181033
0.184637
0.187365
0.206648
0.206175
0.196499
0.197116
0.198376
0.199275
0.205503
0.207636
0.200764
0.200764
0.204995
0.204995
0.204215
0.204215
0.205582
0.215526
0.215116
0.215116
0.211671
0.210013
0.209125
0.207424
0.225589
0.221547
0.221547
0.217257
0.231901
0.231939
0.229664
0.225894
0.224299
0.224299
0.236622
0.23409
0.232765
0.228037
0.226574
0.245992
0.244063
0.243769
0.243769
0.245105
0.247249
0.248086
0.247663
0.251015
0.251296
0.251072
0.260998
0.265755
0.265911
0.262508
0.2581
0.233347
0.233928
0.237492
0.237584
0.222246
0.22194
0.222297
0.223398
0.224364
0.209665
0.21019
0.21019
0.210796
0.197722
0.196756
0.196263
0.196213
0.195963
0.195665
0.182815
0.182769
0.18247
0.181017
0.168855
0.168411
0.163441
0.159915
0.159225
0.154511
0.152586
0.149314
0.149314
0.148587
0.137151
0.135945
0.13551
0.13551
0.13551
0.134357
0.117786
0.117886
0.121102
0.121337
0.121337
0.121548
0.0975743
0.09798
0.0982996
0.10093
0.10276
0.104266
0.0768534
0.0763014
0.0803407
0.0818552
0.0623086
0.0618278
0.0649507
0.0685251
0.0702439
0.046807
0.0477803
0.0509119
0.0533172
0.0541351
0.0325781
0.033113
0.0323741
0.0344354
0.0361893
0.0197995
0.0209914
0.0212388
0.0208841
0.00892604
0.00844322
0.00828251
0.00828251
0.00820244
0.0065686
-0.012378
-0.012378
-0.0126197
-0.0126197
-0.0165948
-0.0184241
-0.0254033
-0.0273295
-0.0273295
-0.031478
-0.031478
-0.0314513
-0.0319015
-0.0418976
-0.0416984
-0.0424391
-0.0518732
-0.0531718
-0.0549998
-0.0549998
-0.0558589
-0.0558619
-0.0559586
-0.0556142
-0.0726986
-0.0684054
-0.0641911
-0.0611228
-0.0854276
-0.0854276
-0.0791614
-0.0784007
-0.0784007
-0.0762732
-0.0756059
-0.07516
-0.111176
-0.111915
-0.108715
-0.108643
-0.107977
-0.107977
-0.107977
-0.107977
-0.107977
-0.129363
-0.128247
-0.129501
-0.130241
-0.137174
-0.137174
-0.137155
-0.137953
-0.133981
-0.135172
-0.145263
-0.145963
-0.145963
-0.144338
-0.144834
-0.144834
-0.144834
-0.144834
-0.158995
-0.159525
-0.159525
-0.162432
-0.162432
-0.163565
-0.164437
-0.170138
-0.170138
-0.172101
-0.169799
-0.168244
-0.168244
-0.166748
-0.18952
-0.191565
-0.195406
-0.19708
-0.200447
-0.202206
-0.20264
-0.203147
-0.203147
-0.206471
-0.207821
-0.207821
-0.213556
-0.21476
-0.213864
-0.213512
-0.213512
-0.223834
-0.22443
-0.221894
-0.22142
-0.223287
-0.234408
-0.232973
-0.232973
-0.244725
-0.243683
-0.243683
-0.247784
-0.247195
-0.245612
-0.244052
-0.242613
-0.238422
-0.232572
-0.232804
-0.265685
-0.265881
-0.265014
-0.264332
-0.264332
-0.275929
-0.274315
-0.273873
-0.271766
-0.271068
-0.289814
-0.288944
-0.289065
-0.289079
-0.2893
-0.290282
-0.308164
-0.308786
-0.308243
-0.308243
-0.30631
-0.30631
-0.308222
-0.322988
-0.32375
-0.321454
-0.319657
-0.321308
-0.322001
-0.337011
-0.337083
-0.336367
-0.336367
-0.335832
-0.351056
-0.349224
-0.346317
-0.346317
-0.360691
-0.360608
-0.361317
-0.361317
-0.364153
-0.364153
-0.371311
-0.384054
-0.382524
-0.376213
-0.373802
-0.39733
-0.394314
-0.392249
-0.392249
-0.392091
-0.392387
-0.413925
-0.413938
-0.413938
-0.411058
-0.40808
-0.406586
-0.435899
-0.434547
-0.431684
-0.428989
-0.429413
-0.451362
-0.453302
-0.455829
-0.455424
-0.454728
-0.469024
-0.46922
-0.467769
-0.46701
-0.485201
-0.485332
-0.483954
-0.483954
-0.483954
-0.483287
-0.482918
-0.510151
-0.507516
-0.50662
-0.504763
-0.503415
-0.532444
-0.5311
-0.528463
-0.528463
-0.529085
-0.533712
-0.554291
-0.543007
-0.542377
-0.542436
-0.570739
-0.564651
-0.558654
-0.559176
-0.558598
-0.537114
-0.5313
-0.529981
-0.532434
-0.571721
-0.57693
-0.570911
-0.564609
-0.586745
-0.578157
-0.561312
-0.597477
-0.599572
-0.590766
-0.590185
-0.592416
-0.612699
-0.603764
-0.596797
-0.621341
-0.622116
-0.621298
-0.614352
-0.631883
-0.627037
-0.621453
-0.619342
-0.639696
-0.631498
-0.628622
-0.647891
-0.643647
-0.641956
-0.64342
-0.645493
-0.65895
-0.653184
-0.64967
-0.644038
-0.643024
-0.641363
-0.66403
-0.660946
-0.660946
-0.656019
-0.653062
-0.653062
-0.674204
-0.664971
-0.659714
-0.656697
-0.67798
-0.673163
-0.67668
-0.680858
-0.681564
-0.694032
-0.690095
-0.690095
-0.335
-0.346593
-0.350373
-0.70923
-0.720332
-0.72197
-0.721153
-0.718182
-0.71882
-0.719407
-0.71993
-0.718691
-0.715653
-0.716384
-0.723812
-0.717667
-0.713431
-0.71512
-0.703115
-0.701878
-0.69865
-0.697227
-0.684506
-0.665047
-0.665047
-0.721777
-0.674196
-0.64881
-0.64881
-0.638768
-0.602297
-0.602297
-0.602297
-0.697255
-0.673004
-0.631116
-0.622403
-0.586775
-0.693506
-0.693506
-0.65373
-0.57757
-0.57757
-0.565194
-0.679178
-0.674641
-1.67268
-1.64594
-1.60573
-1.57753
-1.57753
-0.488993
-0.451369
-0.39248
-0.378909
-0.486118
-0.473766
-0.435454
-0.435454
-0.419286
-0.399796
-0.474883
-0.47006
-0.450398
-0.450029
-0.446804
-0.446804
-0.478407
-0.458061
-0.469123
-0.469123
-0.46884
-0.468442
-0.493013
-0.493013
-0.508131
-0.468949
-0.462507
-0.462519
-0.451796
-0.462387
-0.459524
-0.462854
-0.450178
-0.450178
-0.465279
-0.463035
-0.431062
-0.480972
-0.480972
-0.42811
-0.414312
-0.440365
-0.438644
-0.441077
-0.441077
-0.445519
-0.445519
-0.443778
-0.422479
-0.422479
-0.410849
-0.425361
-0.423417
-0.455818
-0.462968
-0.475758
-0.470715
-0.441852
-0.47488
-0.481817
-0.479366
-0.476161
-0.443325
-0.443325
-0.439808
-0.431185
-0.431188
-0.455492
-0.455492
-0.453483
-0.450182
-0.456418
-0.471534
-0.472739
-0.542068
-0.542068
-0.542068
-0.588778
-0.461335
-0.461335
-0.540704
-0.559362
-0.549583
-0.549583
-0.511596
-0.460018
-0.412201
-0.395121
-0.394603
-0.411189
-0.411189
-0.411984
-0.457056
-0.457056
-0.45856
-0.448015
-0.448015
-0.454477
-0.456329
-0.456329
-0.456329
-0.468773
-0.470443
-0.470443
-0.470443
-0.456579
-0.456365
-0.469682
-0.469682
-0.472502
-0.466177
-0.447366
-0.447366
-0.447366
-0.528485
-0.525292
-0.524505
-0.451922
-0.4352
-0.4352
-0.415042
-0.40815
-0.445539
-0.466643
-0.466643
-0.476592
-0.480227
-0.447628
-0.447628
-0.424652
-0.423663
-0.406909
-0.435024
-0.435024
-0.438811
-0.440752
-0.456317
-0.463826
-0.464868
-0.43032
-0.430674
-0.430674
-0.417906
-0.411579
-0.405657
-0.416101
-0.417988
-0.426002
-0.426002
-0.424246
-0.425611
-0.410741
-0.41386
-0.413845
-0.412524
-0.398182
-0.397158
-0.397087
-0.396881
-0.396853
-0.39055
-0.394857
-0.3965
-0.399329
-0.399329
-0.398618
-0.384358
-0.384739
-0.385996
-0.383303
-0.382611
-0.383119
-0.382943
-0.382071
-0.37765
-0.379525
-0.37952
-0.381631
-0.383918
-0.390254
-0.390254
-0.392776
-0.385469
-0.385845
-0.387117
-0.387117
-0.377634
-0.393658
-0.391726
-0.393073
-0.395185
-0.392707
-0.396472
-0.393707
-0.402817
-0.463237
-0.410389
-0.409484
-0.405071
-0.404355
-0.406162
-0.407321
-0.406523
-0.410944
-0.410184
-0.407206
-0.408153
-0.416153
-0.416036
-0.41364
-0.414269
-0.414559
-0.426681
-0.426913
-0.42656
-0.425114
-0.429502
-0.429473
-0.425415
-0.423912
-0.421535
-0.418665
-0.418665
-0.432164
-0.43182
-0.425538
-0.419349
-0.435811
-0.435811
-0.433562
-0.43071
-0.424998
-0.42116
-0.437549
-0.437549
-0.424561
-0.421011
-0.413623
-0.409251
-0.442793
-0.442793
-0.439686
-0.439279
-0.431236
-0.428746
-0.447665
-0.432238
-0.428725
-0.425533
-0.418909
-0.416141
-0.451817
-0.439771
-0.439771
-0.429352
-0.45138
-0.445313
-0.441677
-0.431105
-0.450648
-0.450648
-0.440861
-0.436955
-0.4268
-0.420383
-0.420383
-0.412111
-0.445399
-0.441672
-0.438031
-0.423961
-0.449567
-0.443066
-0.432049
-0.428533
-0.428533
-0.652462
-0.442582
-0.442582
-0.449637
-0.444258
-0.435683
-0.435683
-0.419682
-0.467034
-0.469678
-0.481758
-0.501669
-0.498548
-0.596679
-0.580857
-0.578932
-0.578197
-0.711144
-0.705032
-0.700992
-0.707497
-0.704296
-0.851894
-0.845461
-0.847488
-0.8502
-0.851159
-1.00444
-0.996714
-1.00009
-1.00084
-1.00219
-1.15562
-1.15393
-1.15176
-1.14851
-1.12774
-1.12774
-1.29045
-1.29347
-1.28968
-1.27114
-1.26736
-1.26877
-1.35074
-1.34641
-2.03679
-2.03679
-2.03901
-1.40087
-1.40087
-1.4389
-1.87135
-1.87135
-1.86539
-1.85167
-1.45531
-1.50355
-1.50336
-1.50391
-1.40342
-0.906547
0.23393
0.829459
-3.43711
-5.48058
-1.724
-1.73769
-21.0337
-14.6448
-1.01393
-1.01393
0.50706
-0.345863
3.7024
0.351215
0.0332701
0.0332701
0.165165
0.40149
-0.997904
-1.05325
0.0612669
0.00247142
4.01699
0.941789
-0.0976287
-0.465153
0.177712
1.91075
1.91075
1.91075
-0.498732
-0.554275
-0.554275
-3.93176
-15.4518
-27.8692
3.53327
3.53327
16.9454
37.6653
-5.84006
-5.84006
0.5704
2.10373
9.33233
6.80011
4.39798
2.17724
-2.44056
-2.44056
4.43167
4.43167
4.4723
-1.67755
-1.67755
-0.140023
3.51576
3.51576
3.51576
-0.401796
0.930783
1.53838
1.53838
4.67925
2.6356
2.6356
-0.284017
-0.284017
0.479644
-3.1269
-3.1269
-0.00529677
-0.481041
-1.11536
-0.616529
-0.616529
-0.298361
-0.298361
-1.51738
-4.73166
-4.73166
-4.73166
3.32175
0.0510523
0.0510523
1.78351
1.78351
-0.411732
-0.411732
-0.411732
-0.0694565
-0.328686
-0.561475
-0.561475
-0.480447
-0.262416
-0.262416
-0.262416
-0.171916
-0.303424
-0.303424
-0.303424
-0.348069
-0.448283
-0.527835
-0.869998
-0.869998
-0.276203
-0.565843
-0.671775
-0.927029
-1.19256
-0.963924
-0.235613
-0.183162
-0.183162
0.0528585
0.473082
-0.310095
0.168774
0.300894
0.748854
0.748854
-0.278279
1.58471
2.31325
2.14241
-3.56594
-0.0269911
-0.0269911
-0.934461
-1.23043
-1.07047
-0.351741
-0.359617
-0.7615
-0.920701
-0.364227
-0.439643
-0.381398
-1.03727
-1.03727
-1.00495
-1.00495
-0.931384
-0.213139
0.199973
0.480612
-0.755388
-0.0401423
-0.0401423
-0.48422
-0.933958
-1.03049
-1.03049
-1.19775
-0.308829
-0.431497
-0.521507
-0.521507
-0.595704
-0.678854
-0.423257
-0.426574
