0
0
0
0
0
0
0
0
0
0
0
0
0
0
0
0
0
0
0
0
0
0
0
0
0
0
0
0
0
0
0
0
0
0
0
0
0
0
0
0
0
0
0
0
0
0
0
0
0
0
0
0
0
0
0
0
0
0
0
0
0
0
0
0
0
0
0
0
0
0
0
0
0
0
0
0
0
0
0
0
0
0
0
0
0
0
0
0
0
0
0
0
0
0
0
0
0
0
0
0
0
0
0
0
0
0
0
0
0
0
0
0
0
0
0
0
0
0
0
0
0
0
0
0
0
0
0
0
0
0
0
0
0
0
0
0
0
0
0
0
0
0
0
0
0
0
0
0
0
0
0
0
0
0
0
0
0
0
0
0
0
0
0
0
0
0
0
0
0
0
0
0
0
0
0
0
0
0
0
0
0
0
0
0
0
0
0
0
0
0
0
0
0
0
0
0
0
0
0
0
0
0
0
0
0
0
0
0
0
0
0
0
0
0
0
0
0
0
0
0
0
0
0
0
0
0
0
0
0
0
0
0
0
0
0
0
0
0
0
0
0
0
0
0
0
0
0
0
0
0
0
0
0
0
0
0
0
0
0
0
0
0
0
0
0
0
0
0
0
0
0
0
0
0
0
0
0
0
0
0
0
0
0
0
0
0
0
0
0
0
0
0
0
0
0
0
0
0
0
0
0
0
0
0
0
0
0
0
0
0
0
0
0
0
0
0
0
0
0
0
0
0
0
0
0
0
0
0
0
0
0
0
0
0
0
0
0
0
0
0
0
0
0
0
0
0
0
0
0
0
0
0
0
0
0
0
0
0
0
0
0
0
0
0
0
0
0
0
0
0
0
0
0
0
0
0
0
0
0
0
0
0
0
0
0
0
0
0
0
0
0
0
0
0
0
0
0
0
0
0
0
0
0
0
0
0
0
0
0
0
0
0
0
0
0
0
0
0
0
0
0
0
0
0
0
0
0
0
0
0
0
0
0
0
0
0
0
0
0
0
0
0
0
0
0
0
0
0
0
0
0
0
0
0
0
0
0
0
0
0
0
0
0
0
0
0
0
0
0
0
0
0
0
0
0
0
0
0
0
0
0
0
0
0
0
0
0
0
0
0
0.574785
0.574785
0.584769
0.606136
0.606136
0.595252
0.60738
0.62054
0.630349
0.639598
0.598177
0.60844
0.612186
0.622416
0.599522
0.599522
0.607047
0.613079
0.644986
0.610262
0.62054
0.629707
0.633625
0.634787
0.602531
0.556687
0.542189
0.544454
0.558241
0.557319
0.557319
0.548528
0.547606
0.547606
0.536419
0.538963
0.543023
0.539642
0.510947
0.508849
0.507378
0.505375
0.50472
0.486381
0.484498
0.483712
0.481413
0.463846
0.461445
0.459797
0.458201
0.456638
0.438894
0.436416
0.435595
0.433982
0.418543
0.416159
0.412748
0.411891
0.411132
0.395362
0.393468
0.393468
0.39005
0.387848
0.369912
0.369912
0.36838
0.365431
0.351529
0.350885
0.349603
0.348196
0.346395
0.333293
0.331441
0.32962
0.328559
0.315087
0.313404
0.312916
0.311864
0.310445
0.296721
0.29631
0.29448
0.293731
0.293731
0.280146
0.278925
0.278278
0.278278
0.264877
0.264622
0.263985
0.262891
0.250994
0.250101
0.249657
0.248923
0.248726
0.236091
0.235702
0.235324
0.235153
0.223491
0.222544
0.222356
0.221835
0.221456
0.209986
0.209543
0.209543
0.20935
0.209124
0.19769
0.197467
0.197467
0.197278
0.197278
0.179092
0.178507
0.178363
0.178364
0.178462
0.168044
0.167602
0.167577
0.167675
0.157088
0.157088
0.157197
0.157324
0.157455
0.147529
0.147095
0.14737
0.147482
0.137608
0.137116
0.137387
0.137672
0.137781
0.127521
0.127636
0.127767
0.1279
0.117941
0.117941
0.11817
0.118362
0.11882
0.109021
0.10882
0.109059
0.10916
0.0993395
0.0993395
0.0995691
0.0999226
0.100182
0.0904867
0.0901781
0.0905529
0.0906743
0.0806887
0.0811445
0.0812771
0.0814162
0.0818274
0.0715676
0.0716868
0.0719266
0.0722932
0.0619967
0.062136
0.0626973
0.0626973
0.062989
0.0516265
0.0517651
0.0519823
0.0523101
0.0529603
0.0424263
0.0426363
0.0433131
0.0437318
0.0439427
0.0336725
0.0339411
0.0345272
0.0245344
0.0245344
0.025228
0.0254044
0.0259788
0.0157575
0.0159256
0.0167011
0.0167011
0.0172841
0.0172841
0.00765819
0.00765819
0.00873051
0.00873051
0.00873051
0.0093649
-0.0071396
-0.00733424
-0.00711356
-0.00645157
-0.00617427
-0.0164401
-0.0162409
-0.0155842
-0.0151505
-0.0252892
-0.0250396
-0.0245873
-0.0242732
-0.0237772
-0.0341063
-0.0335719
-0.033033
-0.0324971
-0.0320104
-0.0427994
-0.0422442
-0.0416961
-0.0411831
-0.0520102
-0.0515393
-0.0509568
-0.0504134
-0.0607791
-0.0611785
-0.0603236
-0.0597893
-0.0592887
-0.0705508
-0.0703216
-0.0694949
-0.0694949
-0.0689667
-0.0797215
-0.0794775
-0.0785713
-0.078033
-0.0899251
-0.0896931
-0.0890438
-0.0884406
-0.0879134
-0.0992659
-0.0982727
-0.0982727
-0.0973234
-0.109563
-0.108952
-0.108333
-0.10801
-0.107172
-0.1197
-0.11899
-0.118387
-0.11774
-0.130285
-0.129933
-0.129621
-0.128388
-0.127495
-0.140707
-0.139824
-0.139354
-0.137961
-0.136823
-0.136823
-0.157632
-0.156859
-0.155323
-0.154392
-0.154049
-0.169431
-0.168916
-0.168572
-0.16758
-0.167039
-0.181648
-0.178694
-0.177449
-0.176267
-0.193325
-0.192745
-0.1925
-0.192014
-0.190143
-0.207888
-0.207892
-0.207053
-0.20691
-0.21858
-0.218292
-0.217905
-0.217684
-0.22884
-0.22884
-0.22884
-0.229697
-0.229159
-0.228432
-0.242856
-0.241989
-0.241734
-0.241524
-0.240321
-0.253528
-0.252956
-0.252836
-0.25238
-0.26708
-0.267475
-0.266286
-0.2655
-0.264801
-0.279502
-0.278865
-0.275499
-0.274664
-0.292464
-0.291048
-0.290913
-0.290293
-0.30508
-0.307474
-0.306399
-0.305895
-0.304504
-0.318777
-0.317135
-0.317135
-0.316157
-0.315668
-0.315609
-0.336378
-0.336838
-0.335893
-0.334748
-0.346359
-0.346179
-0.346577
-0.346791
-0.346769
-0.357059
-0.357199
-0.358239
-0.358677
-0.358543
-0.35828
-0.358862
-0.359527
-0.36023
-0.345647
-0.346141
-0.346568
-0.347155
-0.331276
-0.332384
-0.332757
-0.333131
-0.333917
-0.318171
-0.318736
-0.319637
-0.319919
-0.303974
-0.304279
-0.305083
-0.305083
-0.305876
-0.306168
-0.287427
-0.287808
-0.288158
-0.288531
-0.273682
-0.273402
-0.273636
-0.273951
-0.274323
-0.260525
-0.260821
-0.26122
-0.247689
-0.247085
-0.247365
-0.247831
-0.24822
-0.248651
-0.234443
-0.234529
-0.235386
-0.235935
-0.221719
-0.222145
-0.223113
-0.223457
-0.224173
-0.209785
-0.209904
-0.211137
-0.211851
-0.198067
-0.198067
-0.199104
-0.199104
-0.19945
-0.200148
-0.182923
-0.184095
-0.184515
-0.185276
-0.172282
-0.172143
-0.172811
-0.173416
-0.17372
-0.161277
-0.161782
-0.162263
-0.162741
-0.162983
-0.151114
-0.151543
-0.152009
-0.152285
-0.140833
-0.1414
-0.141805
-0.14227
-0.131156
-0.13139
-0.131786
-0.132187
-0.132678
-0.121535
-0.121893
-0.122071
-0.122667
-0.123079
-0.112517
-0.112692
-0.113352
-0.113771
-0.103325
-0.103713
-0.104448
-0.104679
-0.0949445
-0.0947869
-0.0952827
-0.0957847
-0.0962654
-0.086165
-0.086633
-0.0871151
-0.087359
-0.0882784
-0.0765338
-0.0767686
-0.0767686
-0.0781447
-0.0781447
-0.0688528
-0.0694587
-0.0699717
-0.0704811
-0.0611302
-0.0616357
-0.0619747
-0.0621686
-0.0626679
-0.0539823
-0.0544067
-0.0545358
-0.0547667
-0.0471322
-0.0470736
-0.047245
-0.0473543
-0.0476702
-0.0399108
-0.0402801
-0.0403628
-0.040567
-0.033078
-0.0331477
-0.0334982
-0.0334982
-0.0268325
-0.026572
-0.0270297
-0.0273755
-0.0277106
-0.0202823
-0.020173
-0.0205731
-0.0209538
-0.013119
-0.0133039
-0.0134856
-0.0141553
-0.0146275
-0.00697975
-0.0069374
-0.00742918
-0.00790017
-0.00833186
3.85585e-05
-0.000402759
-0.000798664
-0.00122692
-0.00142232
0.00663624
0.00608657
0.005375
0.005375
0.005375
0.0162982
0.0160838
0.0152542
0.0149932
0.014557
0.0232504
0.022594
0.022594
0.022199
0.0303273
0.0303269
0.0302264
0.0296173
0.0374408
0.0377538
0.0373954
0.0371589
0.0369262
0.0446853
0.0443951
0.0443372
0.0439107
0.0437727
0.0514297
0.0508774
0.0507221
0.0501872
0.0501872
0.0500534
0.057617
0.057617
0.0566685
0.0565677
0.0565677
0.0678797
0.0678301
0.0669876
0.0721774
0.0720445
0.0711823
0.0707698
0.0696907
0.078955
0.0782462
0.0775671
0.076949
0.0856688
0.0851817
0.0845624
0.0839134
0.0834571
0.0929173
0.0926133
0.0915938
0.091076
0.0996732
0.0998093
0.0992951
0.0986412
0.0984613
0.107389
0.107108
0.106052
0.105602
0.114342
0.114424
0.114136
0.113412
0.112928
0.122284
0.121846
0.121122
0.120927
0.12986
0.130005
0.129676
0.128917
0.128444
0.138132
0.137798
0.137286
0.136554
0.146071
0.146054
0.145849
0.145267
0.144855
0.155115
0.154508
0.153916
0.153337
0.163402
0.163651
0.163066
0.162527
0.162197
0.173088
0.172619
0.172099
0.171297
0.181933
0.182033
0.181223
0.18062
0.180337
0.191915
0.191234
0.190539
0.189803
0.201472
0.201664
0.200624
0.200509
0.200006
0.212624
0.211763
0.210959
0.210351
0.222642
0.222999
0.222668
0.221567
0.221342
0.234491
0.23392
0.233289
0.232755
0.245414
0.246597
0.246013
0.246227
0.245851
0.259325
0.2585
0.258197
0.2579
0.28147
0.281474
0.269851
0.268806
0.269109
0.287411
0.287137
0.28695
0.286207
0.297258
0.297113
0.297379
0.297056
0.296489
0.306581
0.306372
0.305531
0.30493
0.317981
0.318225
0.316745
0.315665
0.329977
0.329977
0.328806
0.327469
0.326654
0.340899
0.340754
0.339283
0.33767
0.336749
0.353311
0.351889
0.351167
0.348469
0.365133
0.3646
0.363939
0.360153
0.3574
0.371021
0.372722
0.372722
0.376643
0.376643
0.381152
0.381939
0.420692
0.420692
0.421905
0.383403
0.382861
0.383944
0.384492
0.385052
0.37063
0.37068
0.371814
0.372339
0.357846
0.358106
0.358587
0.359265
0.359876
0.344863
0.34523
0.345923
0.346467
0.331023
0.331169
0.331682
0.332173
0.332323
0.317881
0.317918
0.317559
0.317649
0.317662
0.317752
0.300773
0.300759
0.300675
0.300598
0.289001
0.288423
0.288224
0.288122
0.28809
0.276171
0.275948
0.275985
0.276022
0.26426
0.264318
0.264456
0.264506
0.252426
0.252509
0.252509
0.252944
0.253453
0.253589
0.240142
0.239951
0.240882
0.241075
0.22898
0.229215
0.229674
0.230481
0.218628
0.218154
0.218912
0.219179
0.219801
0.20763
0.208088
0.208515
0.209721
0.197464
0.197724
0.197946
0.199313
0.199313
0.187653
0.187824
0.188535
0.188791
0.188791
0.17611
0.176285
0.176654
0.176941
0.177222
0.167314
0.167597
0.167641
0.167781
0.159115
0.158802
0.158602
0.158638
0.158682
0.150489
0.150473
0.150429
0.150416
0.142886
0.142469
0.142392
0.14238
0.142388
0.134624
0.134658
0.134652
0.134651
0.134819
0.126181
0.126181
0.126482
0.125814
0.125568
0.126144
0.117102
0.117332
0.11771
0.117864
0.109919
0.110173
0.110496
0.110784
0.111098
0.103097
0.103685
0.103797
0.104052
0.0968701
0.0967039
0.0969176
0.0971361
0.0973509
0.0902075
0.0904935
0.0904479
0.0906467
0.0839373
0.0840106
0.0840461
0.0842229
0.0843601
0.0781423
0.0787158
0.0787006
0.0787657
0.0724915
0.0722032
0.0722728
0.0723385
0.066764
0.0664988
0.0665463
0.0664923
0.0666075
0.0610716
0.0608449
0.0608997
0.0609486
0.0610244
0.0549624
0.0550248
0.055052
0.055052
0.0490406
0.0490406
0.0491034
0.0491034
0.0492832
0.0495206
0.0414722
0.0416713
0.042057
0.04219
0.0352115
0.0355949
0.0357679
0.0359817
0.036385
0.0287226
0.0292176
0.0294346
0.0302116
0.0222167
0.0224551
0.0233411
0.023896
0.0244354
0.0165263
0.0165263
0.017059
0.0175828
0.0179976
0.010777
0.0109786
0.0121459
0.0132444
0.0139293
0.00375062
0.00441582
0.00513094
0.00606597
-0.00186275
-0.00175965
-0.00110486
-0.000463138
0.000204402
-0.00777449
-0.00714928
-0.00657836
-0.00600769
-0.0134304
-0.0133791
-0.0128033
-0.0120059
-0.0117523
-0.0196214
-0.0190072
-0.0184033
-0.0178258
-0.025727
-0.0251918
-0.0246297
-0.0241019
-0.0236096
-0.0315627
-0.0310172
-0.0310172
-0.0306238
-0.0379863
-0.0374452
-0.0368715
-0.036206
-0.0356539
-0.0444777
-0.0445075
-0.0439922
-0.043508
-0.0430961
-0.0514058
-0.0511686
-0.0507597
-0.0510596
-0.0578574
-0.0576988
-0.0566267
-0.0559059
-0.0554012
-0.0641982
-0.0635946
-0.0629822
-0.062407
-0.0709556
-0.0712556
-0.0704398
-0.0698003
-0.0693169
-0.0784059
-0.0781369
-0.0773838
-0.0768642
-0.0856044
-0.0859643
-0.0853569
-0.0848521
-0.0847145
-0.0939212
-0.0937515
-0.0931466
-0.0927926
-0.102057
-0.101761
-0.101496
-0.1013
-0.100989
-0.110305
-0.110061
-0.109781
-0.109532
-0.118971
-0.118746
-0.118497
-0.118261
-0.118151
-0.127847
-0.127544
-0.127346
-0.127222
-0.137014
-0.13672
-0.136595
-0.136387
-0.13629
-0.146305
-0.146235
-0.146052
-0.145884
-0.155879
-0.155787
-0.156488
-0.156292
-0.166017
-0.166573
-0.166345
-0.16613
-0.165581
-0.176707
-0.177184
-0.186257
-0.187008
-0.19019
-0.194207
-0.185998
-0.185913
-0.185129
-0.198939
-0.199349
-0.199115
-0.198979
-0.198901
-0.207962
-0.208486
-0.207754
-0.207599
-0.21735
-0.217228
-0.215831
-0.214873
-0.214204
-0.226333
-0.226013
-0.224798
-0.223842
-0.235641
-0.236035
-0.234606
-0.233366
-0.232889
-0.245807
-0.244336
-0.243808
-0.24287
-0.255058
-0.252242
-0.250962
-0.247394
-0.247525
-0.256996
-0.260787
-0.260921
-0.261458
-0.263004
-0.267069
-0.267939
-0.268207
-0.268672
-0.254819
-0.255112
-0.255787
-0.256316
-0.25658
-0.24401
-0.244419
-0.244837
-0.245459
-0.232728
-0.232989
-0.233388
-0.233686
-0.233969
-0.221757
-0.22181
-0.221974
-0.222255
-0.210452
-0.210631
-0.210746
-0.210785
-0.200035
-0.199365
-0.199379
-0.199342
-0.199343
-0.188622
-0.18851
-0.18851
-0.188601
-0.188673
-0.177964
-0.178091
-0.178091
-0.178261
-0.167101
-0.167019
-0.16726
-0.167366
-0.15712
-0.156517
-0.157117
-0.157117
-0.157797
-0.144715
-0.144715
-0.144715
-0.145597
-0.14634
-0.146888
-0.13212
-0.13188
-0.132281
-0.132942
-0.133389
-0.121855
-0.122155
-0.122755
-0.122929
-0.111962
-0.112137
-0.112278
-0.112432
-0.112484
-0.102765
-0.102845
-0.10288
-0.102916
-0.0943105
-0.0939192
-0.0938596
-0.0938181
-0.0938181
-0.0851271
-0.0850882
-0.0851277
-0.0851066
-0.0772203
-0.0767665
-0.0768159
-0.0768161
-0.0768032
-0.0686281
-0.0686683
-0.0686437
-0.0686716
-0.0606087
-0.060623
-0.0607281
-0.0608278
-0.0609317
-0.0528098
-0.0530519
-0.0531815
-0.0533834
-0.045118
-0.045211
-0.0452758
-0.0457498
-0.0458983
-0.0374439
-0.0377644
-0.0377644
-0.0386917
-0.0301396
-0.0305513
-0.0309316
-0.031399
-0.0236514
-0.0233627
-0.0239666
-0.0243097
-0.0245827
-0.0169642
-0.0168902
-0.0169422
-0.0172173
-0.017386
-0.0102478
-0.0104698
-0.0105864
-0.0107315
-0.00378983
-0.00403164
-0.0040194
-0.00407949
-0.00410887
0.00247748
0.00235482
0.00228402
0.00222279
0.00824656
0.0085568
0.00841596
0.00841596
0.00835207
0.00828947
0.0153982
0.0151311
0.0149699
0.0147285
0.0213502
0.0209531
0.0206593
0.0203228
0.0200802
0.0267477
0.0265874
0.0262988
0.0255494
0.0331841
0.0327798
0.0325792
0.0320305
0.0316836
0.0389129
0.0385071
0.0381448
0.0448473
0.0448473
0.0448473
0.0444084
0.0439576
0.0436537
0.0480336
0.0480336
0.0521922
0.0509441
0.0509441
0.0657591
0.0651844
0.0646394
0.0642956
0.0636033
0.0723709
0.072145
0.0716937
0.0715793
0.0714905
0.0788741
0.0786963
0.0784824
0.078225
0.0853829
0.0851836
0.0851836
0.0848481
0.0917148
0.0917148
0.0912747
0.0904045
0.0902351
0.089916
0.0986075
0.0986075
0.0979236
0.097295
0.104979
0.104826
0.104276
0.103517
0.103296
0.111337
0.110525
0.110525
0.109679
0.117873
0.117641
0.116807
0.116285
0.116068
0.124634
0.124166
0.123092
0.122795
0.122795
0.133108
0.133106
0.132024
0.131687
0.130488
0.141325
0.140756
0.140756
0.139945
0.139706
0.148783
0.148173
0.14768
0.14715
0.146749
0.155983
0.15538
0.154932
0.154186
0.163941
0.163577
0.162808
0.161901
0.161152
0.171257
0.170466
0.169705
0.168895
0.179441
0.178633
0.177864
0.176423
0.176423
0.176423
0.18892
0.18892
0.182477
0.181572
0.181089
0.201154
0.201318
0.20059
0.199891
0.199407
0.210461
0.21008
0.20953
0.208903
0.220257
0.21977
0.218984
0.21826
0.217466
0.229512
0.229268
0.228505
0.227726
0.239944
0.239944
0.239387
0.238058
0.250307
0.250782
0.249935
0.248612
0.248276
0.261419
0.261641
0.26084
0.259971
0.27308
0.273617
0.274205
0.273408
0.272581
0.285106
0.285741
0.284788
0.283593
0.282795
0.298304
0.297418
0.295845
0.295341
0.310878
0.311163
0.310246
0.309222
0.326042
0.326042
0.315134
0.313095
0.319668
0.325986
0.339755
0.339372
0.338991
0.338942
0.355693
0.355279
0.354929
0.354512
0.354162
0.368595
0.368459
0.367341
0.366574
0.382613
0.38227
0.381681
0.380233
0.379839
0.39634
0.396152
0.393737
0.392129
0.410385
0.41041
0.408381
0.407531
0.406115
0.427792
0.426497
0.420425
0.416917
0.414732
0.433863
0.435972
0.438326
0.438962
0.44672
0.446599
0.454615
0.461241
0.456743
0.446483
0.447768
0.448214
0.449164
0.430523
0.431387
0.432795
0.432795
0.433136
0.416127
0.416127
0.417027
0.417281
0.41805
0.39767
0.398348
0.398679
0.399213
0.382851
0.382508
0.382973
0.383407
0.366978
0.366978
0.367447
0.368007
0.368439
0.352831
0.352499
0.353008
0.353626
0.354236
0.337723
0.338246
0.339173
0.3403
0.323213
0.324761
0.325249
0.326131
0.326816
0.308334
0.309373
0.310293
0.311195
0.312173
0.295563
0.297011
0.297987
0.298467
0.283236
0.28326
0.284101
0.285232
0.285679
0.270547
0.271341
0.272267
0.273112
0.258639
0.259066
0.259853
0.260664
0.261539
0.247554
0.247965
0.24878
0.249207
0.235892
0.236283
0.237372
0.237729
0.225584
0.225177
0.22585
0.226383
0.22703
0.214405
0.215019
0.215553
0.216127
0.21672
0.204605
0.20518
0.205936
0.206207
0.195085
0.194966
0.195499
0.196342
0.19663
0.185598
0.185878
0.186445
0.187066
0.176171
0.176468
0.177333
0.177333
0.167622
0.16759
0.168132
0.168825
0.169513
0.15911
0.159137
0.160012
0.160299
0.160866
0.150934
0.151216
0.151728
0.152456
0.142471
0.143205
0.143842
0.144478
0.145382
0.135599
0.136117
0.136394
0.136883
0.128305
0.128228
0.128533
0.129227
0.130231
0.130231
0.120207
0.120518
0.121222
0.121638
0.112824
0.113168
0.113693
0.113865
0.114196
0.106304
0.106758
0.107255
0.107587
0.0997144
0.0998909
0.10023
0.100551
0.0933177
0.0931981
0.0935398
0.0938747
0.094196
0.0868543
0.0870981
0.0875342
0.0879787
0.0805609
0.0805609
0.0811511
0.0814943
0.0817402
0.0821392
0.0731287
0.0733469
0.0736993
0.0742947
0.066758
0.0671645
0.0677205
0.068242
0.0614223
0.0602239
0.060742
0.0613608
0.0617937
0.0619836
0.0538998
0.0541511
0.054834
0.0550478
0.047109
0.0475287
0.0480717
0.0482433
0.0409231
0.0410672
0.0412464
0.0418989
0.0418989
0.0418989
0.042206
0.031152
0.0312635
0.0318589
0.0320407
0.0323794
0.025427
0.0257688
0.0259317
0.0262521
0.0195311
0.0195311
0.0198401
0.0204572
0.0204572
0.0139272
0.0141988
0.014592
0.0150266
0.00819666
0.00833943
0.00869154
0.00932175
0.00932175
0.002212
0.00264308
0.00312857
0.00374842
0.00374842
-0.00503322
-0.00450095
-0.00420185
-0.00383667
-0.00370182
-0.0111104
-0.0107007
-0.0105339
-0.0103483
-0.016975
-0.0171056
-0.0165754
-0.016429
-0.0162677
-0.0232821
-0.0231997
-0.0229456
-0.0227042
-0.0225498
-0.0297703
-0.0295519
-0.0294558
-0.0291357
-0.0364561
-0.036083
-0.0356146
-0.0352293
-0.0349241
-0.0427338
-0.042403
-0.0418989
-0.0417295
-0.0416464
-0.0516609
-0.051949
-0.0513237
-0.0510481
-0.0508273
-0.0594905
-0.0593262
-0.0590198
-0.0587497
-0.0585973
-0.0668383
-0.0665388
-0.0664449
-0.0662659
-0.0741677
-0.0745892
-0.0744545
-0.0743577
-0.0743639
-0.0826767
-0.0826857
-0.0826476
-0.0825582
-0.0909394
-0.0910183
-0.0909032
-0.0906712
-0.0905351
-0.0992761
-0.0990587
-0.0989497
-0.0988083
-0.107762
-0.107696
-0.10757
-0.10747
-0.116081
-0.116587
-0.11663
-0.116526
-0.116552
-0.125768
-0.12582
-0.125737
-0.125607
-0.125591
-0.134998
-0.135072
-0.134818
-0.134761
-0.144361
-0.144428
-0.145242
-0.146
-0.145908
-0.155293
-0.155344
-0.154962
-0.154821
-0.172005
-0.19081
-0.191141
-0.185494
-0.185077
-0.184597
-0.182749
-0.182812
-0.182503
-0.181739
-0.192021
-0.191516
-0.19091
-0.190179
-0.199334
-0.199592
-0.199296
-0.197966
-0.197011
-0.207472
-0.20737
-0.205752
-0.205092
-0.204032
-0.215938
-0.215547
-0.213301
-0.209291
-0.209291
-0.209291
-0.207965
-0.23013
-0.22892
-0.224823
-0.223968
-0.231693
-0.232464
-0.232464
-0.23413
-0.233765
-0.237194
-0.241822
-0.240529
-0.240314
-0.24027
-0.2307
-0.231094
-0.231364
-0.23149
-0.220622
-0.220733
-0.220852
-0.221095
-0.210425
-0.210425
-0.208882
-0.20921
-0.209387
-0.200373
-0.200268
-0.200268
-0.200268
-0.19999
-0.190034
-0.189903
-0.189704
-0.18937
-0.180014
-0.17919
-0.17885
-0.17885
-0.178496
-0.169882
-0.169804
-0.169708
-0.16959
-0.159896
-0.159899
-0.159972
-0.160016
-0.150166
-0.149851
-0.150119
-0.150119
-0.150451
-0.139477
-0.140332
-0.140332
-0.140332
-0.140731
-0.129255
-0.129592
-0.130886
-0.130886
-0.119102
-0.119042
-0.119785
-0.12052
-0.120767
-0.109572
-0.109811
-0.110456
-0.110893
-0.100049
-0.100488
-0.100932
-0.101091
-0.0915906
-0.0911419
-0.0912876
-0.0915221
-0.0915895
-0.0828615
-0.0825206
-0.0825105
-0.0825595
-0.0743584
-0.073894
-0.073894
-0.0739026
-0.0739026
-0.073862
-0.0628045
-0.0628045
-0.0628045
-0.0606982
-0.0611571
-0.0613656
-0.0614828
-0.0522625
-0.0526181
-0.053142
-0.0533297
-0.0445618
-0.0448737
-0.0452857
-0.0456128
-0.0459095
-0.0371803
-0.0374906
-0.0376972
-0.0379527
-0.0302519
-0.0300101
-0.030352
-0.030352
-0.0306614
-0.022812
-0.0230169
-0.023273
-0.0233705
-0.0157933
-0.0155667
-0.0158383
-0.0159363
-0.0161338
-0.00904416
-0.00904416
-0.00922461
-0.00949031
-0.00268318
-0.00259937
-0.00266973
-0.00293679
-0.00316267
0.00412346
0.00381596
0.0036358
0.00339465
0.0103759
0.0102854
0.0100145
0.00979073
0.00960647
0.0164252
0.0163578
0.0161228
0.0159329
0.0158654
0.0237736
0.022998
0.0228139
0.0228139
0.0228139
0.0228139
0.031885
0.031885
0.0328701
0.0324175
0.031802
0.031246
0.030999
0.0380935
0.0376505
0.037152
0.0368783
0.0435647
0.0432184
0.0430792
0.0429955
0.0487741
0.0491284
0.0490691
0.049052
0.0490772
0.0547202
0.0545598
0.0545765
0.0544938
0.0606196
0.0604717
0.0603839
0.0601418
0.0600394
0.059835
0.0676689
0.0674677
0.0670837
0.0667219
0.0740249
0.073722
0.0733481
0.0729042
0.080024
0.0803082
0.0798497
0.0791777
0.0785931
0.0868439
0.0863255
0.0857418
0.084985
0.0847323
0.0928365
0.0922997
0.0917416
0.0980717
0.0992315
0.0987561
0.0980444
0.0977968
0.105088
0.105088
0.104761
0.104391
0.103858
0.111487
0.11162
0.111001
0.110801
0.110371
0.11788
0.117381
0.117025
0.116663
0.123682
0.123821
0.123358
0.122957
0.122658
0.130297
0.129763
0.129331
0.129113
0.136534
0.136538
0.135956
0.135398
0.135204
0.143359
0.143141
0.1419
0.14104
0.15006
0.15006
0.149498
0.149005
0.148129
0.157197
0.1564
0.155401
0.154509
0.164212
0.163421
0.162958
0.162069
0.172146
0.171792
0.171064
0.170128
0.169301
0.180078
0.179328
0.178509
0.177591
0.176898
0.188001
0.187219
0.186346
0.185507
0.185167
0.185167
0.195605
0.19477
0.193873
0.205623
0.204834
0.204005
0.203175
0.215222
0.214917
0.213242
0.212875
0.212257
0.224867
0.224014
0.223161
0.222274
0.234372
0.234495
0.233643
0.232391
0.231747
0.244955
0.244562
0.243718
0.242612
0.255916
0.25545
0.25545
0.253166
0.252061
0.266988
0.266078
0.265024
0.263962
0.278142
0.277788
0.277213
0.275698
0.275524
0.290833
0.290044
0.289655
0.288941
0.303615
0.303552
0.302609
0.30219
0.31698
0.31698
0.316543
0.315071
0.314154
0.313725
0.330261
0.318154
0.316189
0.32015
0.344846
0.344513
0.344251
0.344292
0.357193
0.356822
0.355974
0.35576
0.355491
0.369893
0.369249
0.368618
0.367823
0.383174
0.38298
0.381707
0.380709
0.380343
0.396709
0.396709
0.395109
0.393736
0.411921
0.411439
0.411126
0.40861
0.425937
0.426326
0.424977
0.424245
0.423288
0.419364
0.434612
0.433177
0.433498
0.435227
0.447838
0.447611
0.446992
0.447563
0.457801
0.46453
0.464306
0.465145
0.465399
0.445127
0.445839
0.446453
0.447044
0.447044
0.430033
0.430815
0.431576
0.431848
0.414717
0.416283
0.416283
0.416283
0.417084
0.416846
0.397302
0.398008
0.398486
0.382383
0.381727
0.382328
0.382557
0.38305
0.36654
0.366992
0.367206
0.367708
0.352383
0.3519
0.3519
0.352947
0.353875
0.337972
0.338271
0.338603
0.339389
0.340242
0.323821
0.325286
0.325286
0.326261
0.326785
0.310098
0.310604
0.313014
0.313607
0.314815
0.292047
0.292691
0.294139
0.296202
0.296876
0.279514
0.280687
0.281951
0.283098
0.267524
0.267656
0.269108
0.270105
0.270502
0.255218
0.255974
0.256516
0.257421
0.243958
0.244211
0.24629
0.246754
0.247418
0.233085
0.233085
0.233679
0.222668
0.222668
0.222475
0.222801
0.223202
0.223814
0.212117
0.212526
0.212965
0.213635
0.202548
0.202384
0.203154
0.203415
0.203988
0.192415
0.19296
0.193673
0.194342
0.183258
0.183282
0.183972
0.184667
0.185868
0.173729
0.17598
0.17598
0.176285
0.164427
0.165218
0.165918
0.166644
0.167365
0.1565
0.157142
0.157796
0.158444
0.148461
0.148769
0.149354
0.150005
0.150745
0.140832
0.141557
0.142175
0.142771
0.133743
0.133759
0.134294
0.134802
0.126566
0.126291
0.126935
0.126935
0.128074
0.128246
0.119006
0.119841
0.119841
0.120104
0.120479
0.110851
0.111117
0.111283
0.111561
0.104386
0.104258
0.104625
0.104975
0.105318
0.0976283
0.09799
0.098526
0.0987115
0.0914576
0.0915174
0.0917037
0.0920638
0.0924831
0.0848333
0.0856003
0.0858472
0.0863426
0.078837
0.0787928
0.0795713
0.0797961
0.0706237
0.0706237
0.0706237
0.0706237
0.0713724
0.0711922
0.0717733
0.0721299
0.0633626
0.0637479
0.0646897
0.0649915
0.0565259
0.057065
0.0572975
0.0579824
0.0500618
0.0500769
0.0502181
0.0507981
0.0507981
0.0432401
0.0437275
0.0437275
0.0441418
0.0443961
0.0371482
0.037374
0.0376826
0.0376826
0.0302714
0.0299721
0.0304951
0.0306408
0.0310434
0.0242317
0.0242317
0.0246195
0.0250536
0.0251779
0.0186771
0.0188289
0.0189904
0.019558
0.0128108
0.0128108
0.013557
0.0140895
0.0145359
0.00768436
0.00768436
0.00853576
0.00877437
0.00186705
0.00201884
0.00253053
0.00253053
0.00360396
-0.00347852
-0.00300777
-0.00278503
-0.00242561
-0.00912733
-0.00923764
-0.0088834
-0.00845195
-0.0152092
-0.0155455
-0.0152622
-0.0148508
-0.0146579
-0.0213546
-0.0214748
-0.0210844
-0.0208022
-0.0205758
-0.0278468
-0.0275209
-0.0272675
-0.0271703
-0.0340547
-0.0343258
-0.0340335
-0.033768
-0.0335914
-0.0416074
-0.041444
-0.0413873
-0.0411317
-0.0409835
-0.0492711
-0.0489939
-0.0488866
-0.0484456
-0.0484833
-0.0565051
-0.0562666
-0.0561646
-0.0560333
-0.0633227
-0.0637461
-0.0636299
-0.0635132
-0.0709348
-0.0713724
-0.071219
-0.0710066
-0.0707389
-0.0785293
-0.0787488
-0.0783967
-0.0782556
-0.0781464
-0.0876519
-0.087471
-0.0874012
-0.0872129
-0.0953028
-0.0953028
-0.0956131
-0.095488
-0.0954866
-0.103721
-0.104234
-0.104088
-0.103991
-0.103966
-0.112925
-0.112931
-0.112792
-0.112756
-0.121315
-0.121935
-0.121916
-0.121871
-0.12191
-0.131031
-0.132489
-0.132661
-0.132578
-0.141147
-0.141577
-0.141577
-0.141439
-0.142048
-0.152141
-0.152115
-0.151982
-0.151588
-0.172303
-0.172333
-0.178755
-0.173845
-0.174961
-0.174945
-0.175022
-0.17499
-0.174992
-0.182801
-0.182556
-0.181964
-0.181749
-0.18117
-0.19115
-0.191069
-0.189815
-0.188592
-0.207613
-0.207613
-0.205397
-0.204797
-0.216169
-0.215818
-0.211597
-0.211597
-0.211065
-0.225893
-0.224938
-0.223048
-0.219899
-0.218108
-0.225973
-0.227201
-0.229999
-0.2322
-0.232185
-0.23259
-0.238962
-0.237645
-0.23799
-0.226163
-0.226258
-0.226423
-0.226905
-0.216782
-0.216486
-0.216706
-0.217013
-0.206999
-0.206514
-0.206725
-0.206821
-0.206953
-0.197099
-0.196731
-0.196785
-0.196816
-0.196837
-0.186588
-0.186629
-0.186561
-0.18651
-0.176416
-0.176397
-0.176267
-0.176186
-0.176131
-0.166326
-0.16616
-0.166268
-0.166317
-0.156271
-0.156351
-0.156424
-0.156603
-0.156688
-0.146185
-0.146098
-0.146433
-0.14693
-0.14693
-0.136534
-0.136651
-0.137302
-0.131718
-0.126653
-0.127177
-0.127659
-0.128029
-0.117188
-0.11736
-0.117814
-0.117974
-0.118272
-0.108061
-0.108054
-0.108482
-0.108677
-0.108677
-0.0989723
-0.099098
-0.0991584
-0.099281
-0.0900868
-0.0901244
-0.0902152
-0.0902641
-0.0813258
-0.0813258
-0.0813258
-0.081465
-0.0734001
-0.0729386
-0.0729918
-0.0728556
-0.072793
-0.0646051
-0.0645069
-0.0644701
-0.0644677
-0.057005
-0.0565921
-0.0566286
-0.05667
-0.0566637
-0.0566471
-0.0485922
-0.0486803
-0.0487084
-0.0488377
-0.0407844
-0.0409325
-0.0409997
-0.04129
-0.0413789
-0.0333203
-0.0336206
-0.0340607
-0.0262222
-0.0258692
-0.0261384
-0.0264512
-0.0264512
-0.0192174
-0.0191285
-0.0191285
-0.019399
-0.0123406
-0.0120083
-0.0122141
-0.0124706
-0.0124706
-0.00544101
-0.00544101
-0.00557555
-0.00564556
-0.00576153
0.000996522
0.000785546
0.00065945
0.000599057
0.00729313
0.00705307
0.00705307
0.00698744
0.00687589
0.0133398
0.0132334
0.0130695
0.0130695
0.012879
0.0128322
0.02105
0.0210043
0.0206668
0.0205762
0.0268149
0.0267031
0.0264127
0.0261651
0.0259313
0.0325165
0.0323091
0.0318844
0.0318844
0.0379246
0.0379814
0.0377286
0.03735
0.0372386
0.0437357
0.0435287
0.0430754
0.0430754
0.0494123
0.0494779
0.0491902
0.0488521
0.0485863
0.0552115
0.0552115
0.0548948
0.0543084
0.0615326
0.0613105
0.0607772
0.0603221
0.0598829
0.0674737
0.0670026
0.0667796
0.0661207
0.0740375
0.0738518
0.073392
0.073392
0.0804768
0.0804906
0.0802553
0.0795829
0.0795829
0.087166
0.087166
0.0862406
0.0857499
0.0855601
0.093358
0.093358
0.091863
0.0915709
0.091327
0.0999728
0.0997316
0.0993176
0.098744
0.106266
0.106389
0.105716
0.105527
0.112678
0.112674
0.112441
0.111956
0.111388
0.119433
0.119433
0.118747
0.118073
0.117879
0.125745
0.12547
0.124976
0.123946
0.132857
0.131663
0.130997
0.130292
0.129972
0.139002
0.138576
0.137851
0.146585
0.146585
0.145938
0.145248
0.144467
0.143756
0.153195
0.153195
0.151974
0.151203
0.161502
0.16079
0.159578
0.158904
0.158598
0.168856
0.168856
0.167084
0.167084
0.165769
0.178654
0.178219
0.177559
0.176727
0.187323
0.186895
0.186531
0.185795
0.18512
0.196899
0.196102
0.195362
0.194593
0.205992
0.206128
0.204615
0.203845
0.203279
0.216137
0.215392
0.215062
0.214301
0.226104
0.226143
0.226007
0.224438
0.224438
0.223565
0.24023
0.239669
0.238707
0.237512
0.237205
0.250695
0.250194
0.249082
0.24792
0.262253
0.26145
0.260282
0.259191
0.258467
0.273302
0.272421
0.271347
0.270295
0.285641
0.284776
0.283714
0.282697
0.281906
0.297685
0.296952
0.2959
0.2959
0.293441
0.313756
0.313165
0.313165
0.310303
0.310303
0.32842
0.328827
0.327866
0.326934
0.317129
0.343905
0.344201
0.344061
0.344184
0.356337
0.35608
0.355147
0.354042
0.353341
0.368875
0.368553
0.36815
0.367613
0.382569
0.382948
0.382035
0.379942
0.37908
0.397244
0.397357
0.396998
0.39582
0.393806
0.412776
0.412754
0.410301
0.409498
0.42759
0.42769
0.425022
0.424318
0.423433
0.440443
0.438572
0.4355
0.433593
0.448292
0.452241
0.454707
0.453908
0.453849
0.462631
0.473281
0.469858
0.469888
0.455322
0.455061
0.455751
0.456132
0.457393
0.458707
0.433901
0.434669
0.434761
0.435727
0.436054
0.417883
0.41877
0.419052
0.419589
0.401798
0.402414
0.402842
0.403303
0.403835
0.386724
0.38739
0.387538
0.388294
0.371179
0.371803
0.372232
0.372623
0.373079
0.357138
0.357822
0.358104
0.359212
0.340776
0.340819
0.341484
0.342275
0.343089
0.326045
0.326759
0.327887
0.328817
0.329836
0.312876
0.313695
0.315037
0.31612
0.298989
0.300185
0.301447
0.30272
0.303979
0.287426
0.287854
0.289173
0.290322
0.273411
0.274339
0.275506
0.277073
0.277596
0.262404
0.263217
0.263681
0.264977
0.249375
0.248944
0.249677
0.250443
0.251215
0.237779
0.238502
0.238736
0.239402
0.227036
0.22694
0.227452
0.228011
0.228606
0.216354
0.216935
0.217426
0.217941
0.218515
0.20723
0.20723
0.207808
0.208485
0.209595
0.194622
0.195685
0.196521
0.197286
0.198034
0.198375
0.182952
0.183924
0.183924
0.184905
0.173663
0.173984
0.17493
0.175564
0.176202
0.165535
0.166108
0.166766
0.167376
0.157004
0.15788
0.158205
0.158798
0.159402
0.149407
0.150035
0.150663
0.15127
0.141863
0.141863
0.142904
0.143158
0.143992
0.133962
0.133926
0.13461
0.135325
0.135967
0.126783
0.127384
0.128123
0.128374
0.120231
0.120188
0.120591
0.121218
0.121417
0.11335
0.11397
0.114333
0.114975
0.107135
0.107064
0.107454
0.107643
0.108337
0.100308
0.100459
0.101846
0.101846
0.103835
0.103835
0.104004
0.0880972
0.08807
0.0884924
0.088817
0.0891322
0.0812652
0.0815602
0.0818144
0.082047
0.0746621
0.0749936
0.0751097
0.0756416
0.0759703
0.0685364
0.0688444
0.0691345
0.0694117
0.0623904
0.0621983
0.0624887
0.0627681
0.0628952
0.0633165
0.0633165
0.0544552
0.0546429
0.0555295
0.0555295
0.055906
0.0461183
0.0466582
0.0468521
0.0473944
0.0399217
0.0402315
0.0403863
0.0408154
0.0340896
0.0344136
0.0346422
0.0353296
0.0282002
0.0284855
0.0287249
0.0292361
0.0295377
0.0226253
0.0229234
0.0232061
0.0236055
0.0170985
0.0167137
0.0168527
0.0172183
0.017522
0.0176586
0.0110506
0.0111693
0.0117221
0.0117221
0.00508942
0.00541897
0.00583104
0.00601568
-0.000234822
-0.000481508
1.60177e-05
0.000285659
0.000402362
-0.00607405
-0.00602107
-0.00573982
-0.00573982
-0.0055443
-0.0124126
-0.0119881
-0.0118292
-0.0113478
-0.0113478
-0.0193929
-0.0191225
-0.0187946
-0.0187352
-0.0256627
-0.0256627
-0.0255159
-0.0253273
-0.0245942
-0.031762
-0.031762
-0.0313401
-0.0308865
-0.0307028
-0.0383114
-0.0379321
-0.0376772
-0.0375375
-0.0452445
-0.0451295
-0.0446231
-0.0442993
-0.0521178
-0.0520372
-0.051769
-0.0515229
-0.0514317
-0.0594412
-0.0591749
-0.059106
-0.0589119
-0.0588423
-0.0588423
-0.0693818
-0.0694841
-0.0693266
-0.0691354
-0.0770165
-0.07703
-0.0768603
-0.0768603
-0.0769695
-0.0851622
-0.0852732
-0.0851492
-0.0850897
-0.0930385
-0.0932226
-0.0931975
-0.093011
-0.0929866
-0.10174
-0.101691
-0.101624
-0.101586
-0.101586
-0.110584
-0.110575
-0.110575
-0.11049
-0.120307
-0.120307
-0.120351
-0.120293
-0.121396
-0.130417
-0.130452
-0.130274
-0.130274
-0.139812
-0.14044
-0.140382
-0.14044
-0.1406
-0.151067
-0.151218
-0.150703
-0.150703
-0.160544
-0.175093
-0.175739
-0.175739
-0.176272
-0.17241
-0.170188
-0.170007
-0.169988
-0.182612
-0.181892
-0.181815
-0.181696
-0.181531
-0.190599
-0.190863
-0.190143
-0.190076
-0.197688
-0.197898
-0.19735
-0.196594
-0.195958
-0.206406
-0.207049
-0.205518
-0.204421
-0.21508
-0.214492
-0.21301
-0.213218
-0.208832
-0.216802
-0.215039
-0.216569
-0.216569
-0.218364
-0.219977
-0.22299
-0.22342
-0.229151
-0.229333
-0.22116
-0.221452
-0.22177
-0.222071
-0.222459
-0.211824
-0.21216
-0.212312
-0.212457
-0.202338
-0.202536
-0.202439
-0.202461
-0.20252
-0.192745
-0.192216
-0.192102
-0.192114
-0.192114
-0.180799
-0.180797
-0.18083
-0.180857
-0.170966
-0.171005
-0.171031
-0.17108
-0.171132
-0.161083
-0.161037
-0.161238
-0.161236
-0.151721
-0.151074
-0.151383
-0.151527
-0.151816
-0.141262
-0.141252
-0.141548
-0.141825
-0.142076
-0.131557
-0.131541
-0.132005
-0.132246
-0.121834
-0.121819
-0.122312
-0.122424
-0.112892
-0.112465
-0.11235
-0.112733
-0.112762
-0.112987
-0.101273
-0.10146
-0.101623
-0.10182
-0.0927865
-0.0923705
-0.0923426
-0.092368
-0.0923078
-0.0837174
-0.0836644
-0.0835212
-0.0834745
-0.0757809
-0.0753009
-0.0751169
-0.0750862
-0.0751144
-0.0671498
-0.0668699
-0.0668444
-0.0668437
-0.0595189
-0.0590808
-0.0591169
-0.0592089
-0.0594455
-0.0515326
-0.0512046
-0.0515335
-0.0516442
-0.0517177
-0.0428991
-0.0430426
-0.0430426
-0.043203
-0.0432814
-0.0354038
-0.0354504
-0.0355803
-0.0357738
-0.02798
-0.0281751
-0.0282727
-0.0283841
-0.028432
-0.0209728
-0.0210373
-0.0210269
-0.0211055
-0.0140825
-0.0141685
-0.014252
-0.0143502
-0.0074299
-0.00763924
-0.00768576
-0.00768576
-0.00789706
-0.00792055
0.000266911
0.000266911
-0.000478841
-0.000478841
-0.000758335
-0.000758335
0.0078462
0.00735653
0.0072138
0.00697264
0.0137307
0.0134521
0.0134521
0.0132393
0.0195409
0.0194763
0.0191824
0.0190463
0.0189177
0.0252383
0.0249335
0.0249146
0.0246048
0.0309857
0.0309028
0.0306715
0.0304496
0.0303711
0.0363282
0.0362987
0.0360642
0.0357637
0.0354516
0.0428863
0.042566
0.0422129
0.041729
0.0487073
0.0484102
0.0480959
0.0477875
0.0475171
0.0544166
0.0539871
0.0536833
0.0534033
0.0598336
0.0601051
0.059554
0.059412
0.0591724
0.0660327
0.0657139
0.0653731
0.0651037
0.0718152
0.0719134
0.0715866
0.071253
0.0709756
0.0785574
0.077899
0.0777084
0.0773686
0.0846046
0.0847398
0.0843486
0.0839929
0.0836916
0.0911661
0.090762
0.0904032
0.0900505
0.0975059
0.0971628
0.0968334
0.0962649
0.0960102
0.103325
0.102792
0.102228
0.101735
0.109109
0.109348
0.108302
0.108039
0.116246
0.116246
0.11604
0.115002
0.114608
0.114333
0.122931
0.122482
0.121865
0.121288
0.129064
0.129055
0.128195
0.127921
0.127478
0.135887
0.135248
0.134628
0.134024
0.142275
0.142242
0.141635
0.141039
0.140563
0.149524
0.1487
0.148403
0.147824
0.147259
0.156427
0.156152
0.155132
0.155132
0.154318
0.166289
0.166011
0.164923
0.163952
0.163655
0.174159
0.173177
0.172756
0.171828
0.182172
0.181756
0.179818
0.179376
0.17898
0.190075
0.189132
0.188324
0.187463
0.199153
0.198816
0.197222
0.196253
0.195854
0.207993
0.207753
0.205333
0.204887
0.204206
0.2199
0.219795
0.218481
0.218012
0.217311
0.230608
0.229892
0.228661
0.227857
0.227422
0.240589
0.239838
0.238935
0.238092
0.251424
0.251006
0.250168
0.24916
0.248156
0.262733
0.261121
0.259853
0.259853
0.273817
0.272829
0.272829
0.271194
0.271194
0.270125
0.289222
0.288645
0.287567
0.286567
0.301543
0.301712
0.300644
0.299643
0.298942
0.315054
0.313347
0.312318
0.311378
0.31074
0.328253
0.327677
0.327487
0.326751
0.342568
0.342111
0.346045
0.338067
0.337786
0.357299
0.356591
0.356591
0.356397
0.355532
0.371864
0.371464
0.370516
0.369841
0.384637
0.385284
0.384165
0.383452
0.382936
0.400111
0.400111
0.3985
0.397282
0.413574
0.413788
0.413246
0.41122
0.41012
0.429417
0.429274
0.427238
0.426157
0.445048
0.444989
0.440932
0.440932
0.438047
0.451988
0.451988
0.456603
0.456734
0.456757
0.469276
0.46953
0.468761
0.476344
0.471613
0.470747
0.472041
0.472249
0.473346
0.454921
0.454921
0.455999
0.456685
0.457413
0.439317
0.439741
0.440021
0.441008
0.423227
0.423553
0.424187
0.424462
0.408059
0.40737
0.40737
0.407665
0.407965
0.4082
0.388738
0.388738
0.389814
0.390383
0.374003
0.373775
0.374329
0.374973
0.37598
0.35806
0.359443
0.360409
0.361458
0.342964
0.344097
0.344097
0.345031
0.346185
0.32829
0.329013
0.330098
0.331087
0.314733
0.314757
0.315898
0.316442
0.301272
0.301272
0.301742
0.303359
0.304522
0.28682
0.288897
0.289558
0.290601
0.29173
0.275138
0.275468
0.276987
0.277439
0.262856
0.262764
0.263557
0.264389
0.26525
0.250763
0.251487
0.252217
0.252938
0.239913
0.239905
0.240814
0.241144
0.241824
0.228952
0.22992
0.23024
0.23024
0.217933
0.218268
0.219186
0.219804
0.220435
0.208755
0.208755
0.209349
0.209996
0.198822
0.198865
0.199546
0.200283
0.201027
0.189077
0.189704
0.190443
0.190788
0.179924
0.18026
0.180919
0.181524
0.182257
0.171137
0.172199
0.172555
0.172885
0.16231
0.163305
0.163645
0.164603
0.164915
0.15449
0.155068
0.155686
0.156308
0.146972
0.146949
0.147514
0.148059
0.148864
0.139208
0.140516
0.14115
0.14135
0.132055
0.132335
0.132491
0.132943
0.133329
0.124802
0.125348
0.125856
0.126035
0.118282
0.118547
0.118547
0.118886
0.119242
0.111611
0.112688
0.112688
0.112688
0.112688
0.112759
0.113118
0.101143
0.101517
0.101904
0.102087
0.0947706
0.0946357
0.0947894
0.0952764
0.0960938
0.0885376
0.0885698
0.0891742
0.0893756
0.0897496
0.0823038
0.0824941
0.0827944
0.0832867
0.0758539
0.0759175
0.0762691
0.077159
0.077159
0.0695185
0.0699092
0.0705345
0.0709164
0.0629427
0.0637914
0.0644023
0.0644023
0.0567466
0.0562897
0.0560198
0.0565414
0.057064
0.0502898
0.0507521
0.0514943
0.0519508
0.0519508
0.0443503
0.0447643
0.045311
0.0454903
0.0385207
0.0384658
0.0391535
0.0393562
0.039548
0.0319466
0.0319466
0.0326612
0.0331488
0.0334404
0.0335867
0.0258782
0.0261711
0.0269642
0.0272136
0.0204511
0.0211135
0.0215396
0.0217222
0.0152348
0.0152348
0.015702
0.0162575
0.0163914
0.00968255
0.00997375
0.0106597
0.0108531
0.0112016
0.00467859
0.00504366
0.00504366
0.0054778
0.0054778
-0.000884483
-0.00059977
-0.00059977
-0.00059977
-1.73297e-05
-0.0094943
-0.00935389
-0.00889756
-0.00865054
-0.0085144
-0.0152806
-0.0148694
-0.0145925
-0.0143691
-0.0216675
-0.0215846
-0.0213889
-0.0211591
-0.0208431
-0.0277531
-0.0274051
-0.0271638
-0.0268775
-0.0340815
-0.0337261
-0.0336037
-0.0335419
-0.0403277
-0.0406841
-0.0402376
-0.0400995
-0.0398131
-0.0479238
-0.0477948
-0.0476658
-0.0474479
-0.0473217
-0.0547699
-0.0547583
-0.0546731
-0.0545324
-0.0620594
-0.0624101
-0.0622883
-0.0622157
-0.0622658
-0.0700419
-0.0700339
-0.0700365
-0.070006
-0.0773931
-0.077877
-0.0779144
-0.0779053
-0.077958
-0.0854443
-0.0859404
-0.0859404
-0.085949
-0.085868
-0.0859167
-0.0994445
-0.0994445
-0.102155
-0.101574
-0.101843
-0.101907
-0.110184
-0.110743
-0.110852
-0.110884
-0.111077
-0.111305
-0.119633
-0.11964
-0.119679
-0.120709
-0.129937
-0.129937
-0.12962
-0.129529
-0.129483
-0.139106
-0.138891
-0.138811
-0.152279
-0.155588
-0.159988
-0.164439
-0.163894
-0.15931
-0.162516
-0.162885
-0.162317
-0.162212
-0.162205
-0.162271
-0.172471
-0.171952
-0.17115
-0.170028
-0.169137
-0.179975
-0.180198
-0.179582
-0.178375
-0.189611
-0.188475
-0.187284
-0.185858
-0.19671
-0.196718
-0.195378
-0.19388
-0.192604
-0.204216
-0.203803
-0.202893
-0.202606
-0.200858
-0.208432
-0.207011
-0.206916
-0.206701
-0.211195
-0.211216
-0.211795
-0.211795
-0.21263
-0.215292
-0.216003
-0.215797
-0.216351
-0.216169
-0.206896
-0.20687
-0.207252
-0.207456
-0.207619
-0.197539
-0.197666
-0.197766
-0.197793
-0.188151
-0.18831
-0.188447
-0.188498
-0.188609
-0.178417
-0.178399
-0.178434
-0.178417
-0.168665
-0.168622
-0.168506
-0.168468
-0.159584
-0.15896
-0.15896
-0.158655
-0.158638
-0.158522
-0.147863
-0.147699
-0.147714
-0.147664
-0.138191
-0.138235
-0.138235
-0.138349
-0.138387
-0.128492
-0.128411
-0.12868
-0.12878
-0.11946
-0.11907
-0.119172
-0.119393
-0.110113
-0.109639
-0.109657
-0.11015
-0.110447
-0.0996196
-0.0985494
-0.0988739
-0.0991869
-0.0994791
-0.0900459
-0.0895979
-0.0899017
-0.0900144
-0.0902248
-0.0806345
-0.0807282
-0.080767
-0.080833
-0.0808524
-0.0720977
-0.0721639
-0.0721548
-0.0721243
-0.0638348
-0.0644507
-0.0644246
-0.0643293
-0.0561895
-0.0556176
-0.0555067
-0.0554469
-0.0553137
-0.0478749
-0.0477997
-0.0476536
-0.0476536
-0.0476536
-0.0394993
-0.0395953
-0.039655
-0.0395909
-0.0324346
-0.0320281
-0.0321318
-0.0322608
-0.032585
-0.0246396
-0.0247065
-0.0248497
-0.0250263
-0.0250825
-0.0176469
-0.0177238
-0.0177971
-0.0179301
-0.010629
-0.0108165
-0.0109088
-0.0110454
-0.00464205
-0.00397207
-0.00422402
-0.00430815
-0.00452173
0.00358406
0.00358406
0.00358406
0.00358406
0.00303915
0.00294369
0.00233418
0.0120596
0.0117078
0.0114783
0.0113124
0.0177946
0.0177699
0.0175827
0.0175917
0.017496
0.0234087
0.0233908
0.0231882
0.0230508
0.0230214
0.0290164
0.0287599
0.0286747
0.0344222
0.0347097
0.0344656
0.0343069
0.0341155
0.0400502
0.0403209
0.0400252
0.0397471
0.0396207
0.0459632
0.0457995
0.0453052
0.0451616
0.044918
0.0515949
0.051253
0.0509008
0.0505583
0.0572874
0.0571314
0.0567448
0.0563737
0.056015
0.0630587
0.0625676
0.0624082
0.062078
0.069069
0.0687874
0.0684424
0.0681357
0.0678753
0.074998
0.0745932
0.0743374
0.0740343
0.0812309
0.0811315
0.080789
0.0803842
0.0799694
0.0870886
0.0870886
0.0866361
0.0861851
0.0932556
0.0935125
0.0926124
0.0925186
0.0919749
0.100521
0.100628
0.100163
0.0996736
0.0992736
0.10688
0.106171
0.105932
0.105452
0.113014
0.112525
0.112048
0.111828
0.111494
0.119224
0.118727
0.118204
0.117692
0.125678
0.125273
0.124465
0.124203
0.123796
0.131679
0.130656
0.130656
0.130656
0.130656
0.128633
0.142806
0.142534
0.140836
0.140471
0.140145
0.14972
0.148762
0.148429
0.147779
0.156682
0.156357
0.156071
0.155667
0.154661
0.16405
0.16329
0.162923
0.162165
0.17173
0.17137
0.170656
0.170295
0.169947
0.18262
0.182942
0.18169
0.180788
0.180788
0.180015
0.178918
0.19485
0.194177
0.193796
0.19288
0.203383
0.203016
0.203016
0.202164
0.201254
0.200998
0.212654
0.211957
0.211314
0.210972
0.22285
0.221959
0.221244
0.220901
0.232641
0.232162
0.231772
0.230608
0.230108
0.243136
0.241555
0.240459
0.239912
0.239414
0.255095
0.254863
0.253068
0.253068
0.253068
0.251067
0.268395
0.267211
0.265964
0.265047
0.280091
0.280136
0.279105
0.278133
0.277435
0.292558
0.291051
0.290568
0.289627
0.305215
0.304576
0.303666
0.302886
0.30234
0.318001
0.316792
0.31591
0.315047
0.330246
0.330246
0.329016
0.327951
0.314394
0.336297
0.344088
0.344389
0.344389
0.344389
0.35748
0.358113
0.357044
0.355758
0.3555
0.371457
0.37104
0.370927
0.369668
0.385255
0.385047
0.383764
0.382417
0.38139
0.399652
0.397756
0.397107
0.395871
0.414047
0.414295
0.413156
0.411789
0.410763
0.430099
0.429039
0.428354
0.427255
0.445482
0.444933
0.444933
0.442891
0.442372
0.442372
0.460575
0.463051
0.462815
0.462647
0.464738
0.464635
0.474325
0.474045
0.481473
0.484035
0.473165
0.473848
0.475098
0.47596
0.476549
0.457411
0.457411
0.458677
0.460462
0.441532
0.441822
0.442362
0.442873
0.443964
0.425625
0.425625
0.426442
0.427805
0.408781
0.409257
0.409724
0.410588
0.41139
0.390576
0.390576
0.390878
0.391603
0.392342
0.375369
0.374756
0.375363
0.376327
0.377028
0.35963
0.360252
0.360845
0.361543
0.344356
0.344906
0.34575
0.346428
0.347215
0.330441
0.33064
0.331969
0.332796
0.316002
0.317052
0.318629
0.319062
0.320021
0.301317
0.302829
0.302829
0.304454
0.304853
0.306295
0.285568
0.286325
0.28781
0.289148
0.272907
0.273621
0.274698
0.275064
0.276067
0.260856
0.262271
0.262756
0.263702
0.248635
0.249882
0.250826
0.251255
0.237754
0.237754
0.238505
0.239653
0.240024
0.226585
0.227306
0.228216
0.228874
0.229891
0.21492
0.214938
0.215484
0.216896
0.216896
0.204224
0.204469
0.204915
0.205669
0.205948
0.194588
0.19533
0.195585
0.196282
0.185628
0.185847
0.186153
0.186968
0.187249
0.176852
0.176852
0.177833
0.178152
0.168073
0.168056
0.168631
0.169562
0.170192
0.159171
0.159686
0.160037
0.161577
0.151292
0.151292
0.152402
0.152727
0.153452
0.143676
0.144325
0.144931
0.145871
0.145871
0.136189
0.136757
0.137322
0.137882
0.129275
0.129275
0.130114
0.130516
0.130516
0.122374
0.122374
0.122835
0.122835
0.124314
0.110505
0.110506
0.110939
0.11141
0.111781
0.103349
0.103742
0.103875
0.104346
0.0969798
0.0969134
0.0970208
0.0972218
0.0974716
0.090205
0.0903129
0.0905651
0.0908895
0.0842337
0.0840515
0.0842358
0.0844404
0.0846202
0.0776141
0.0776141
0.0780248
0.0780248
0.0789362
0.0699451
0.0705732
0.0708277
0.0714653
0.0719301
0.0641537
0.0645872
0.0653009
0.0653009
0.0573535
0.0578
0.05842
0.0589805
0.0594915
0.0514301
0.0519118
0.052417
0.0528881
0.0450656
0.045504
0.046109
0.046109
0.0466554
0.0393025
0.0395594
0.0403033
0.04064
0.0333133
0.0334462
0.0338143
0.0340087
0.0343043
0.0276183
0.0278117
0.028018
0.0281907
0.0224174
0.0226334
0.0229628
0.0233375
0.0234995
0.016924
0.0172733
0.0175392
0.0178656
0.011416
0.0115798
0.0117558
0.0120402
0.0124318
0.0059418
0.00629529
0.00660292
0.00683538
0.000237963
0.000738894
0.000919148
0.00136696
0.00148963
-0.00573038
-0.00525239
-0.00475727
-0.00440932
-0.0114194
-0.0110403
-0.0109317
-0.0104448
-0.0101347
-0.017329
-0.0169792
-0.0166405
-0.0165348
-0.0235483
-0.0237269
-0.0233638
-0.0230584
-0.0228323
-0.0303257
-0.0300072
-0.0297437
-0.0295545
-0.0366248
-0.0369628
-0.0369628
-0.0366978
-0.0365489
-0.0438936
-0.0436076
-0.0435943
-0.0432255
-0.0507873
-0.0512048
-0.0510973
-0.0510388
-0.0510675
-0.0587313
-0.0585052
-0.0585935
-0.0585782
-0.066232
-0.0659087
-0.0658584
-0.065633
-0.0654176
-0.0738127
-0.0736367
-0.0734189
-0.0732345
-0.0817391
-0.0816491
-0.0815491
-0.0813712
-0.0813408
-0.0899431
-0.0898495
-0.0897241
-0.0896548
-0.0895156
-0.0981745
-0.0980238
-0.0979301
-0.0979203
-0.107521
-0.108101
-0.108036
-0.108
-0.108081
-0.116934
-0.116934
-0.116937
-0.117965
-0.127793
-0.127614
-0.127377
-0.127136
-0.127207
-0.138039
-0.137969
-0.137984
-0.13803
-0.154428
-0.156277
-0.158907
-0.158907
-0.159868
-0.159037
-0.159037
-0.159037
-0.156576
-0.156482
-0.157485
-0.175662
-0.175888
-0.175186
-0.175186
-0.174675
-0.183528
-0.183031
-0.182037
-0.182037
-0.191707
-0.193105
-0.19194
-0.191496
-0.190204
-0.200181
-0.199209
-0.198384
-0.19705
-0.208679
-0.207439
-0.20673
-0.20449
-0.20279
-0.21208
-0.209621
-0.209621
-0.20928
-0.20928
-0.219227
-0.219271
-0.219271
-0.219271
-0.219271
-0.220198
-0.220198
-0.220198
-0.220198
-0.213944
-0.213932
-0.214077
-0.214311
-0.214478
-0.204716
-0.204828
-0.204828
-0.205029
-0.19587
-0.195373
-0.195408
-0.195529
-0.195616
-0.185484
-0.185455
-0.185455
-0.185533
-0.185742
-0.173819
-0.173311
-0.173269
-0.173269
-0.173213
-0.163307
-0.163256
-0.163126
-0.162982
-0.162911
-0.153605
-0.153524
-0.153504
-0.153509
-0.143871
-0.143978
-0.143978
-0.144062
-0.144134
-0.133876
-0.134199
-0.134199
-0.134493
-0.12443
-0.124548
-0.124771
-0.125321
-0.125321
-0.113446
-0.113181
-0.113661
-0.113875
-0.114056
-0.103371
-0.103503
-0.104257
-0.104383
-0.0939874
-0.0942485
-0.094671
-0.0947704
-0.0949374
-0.0848464
-0.0849128
-0.0850084
-0.0850442
-0.0760798
-0.0760884
-0.0760997
-0.0761028
-0.0680677
-0.0675974
-0.0674738
-0.0674368
-0.0674385
-0.0594421
-0.0591351
-0.0585854
-0.0585854
-0.058303
-0.0510687
-0.0510945
-0.0509039
-0.0509295
-0.0509381
-0.0433304
-0.0433376
-0.0434206
-0.0434638
-0.0355633
-0.0356865
-0.0357746
-0.0359804
-0.0288859
-0.0282834
-0.0284425
-0.0284425
-0.0209103
-0.0209103
-0.0211106
-0.0212258
-0.0212954
-0.0215408
-0.0116655
-0.0122338
-0.0125148
-0.0125706
-0.0127036
-0.00554749
-0.00568668
-0.00577587
-0.00602547
-0.00605694
0.000991859
0.000991859
0.000855729
0.000808567
0.00748755
0.00738329
0.00738329
0.00702405
0.0136594
0.0135445
0.0134633
0.0133989
0.0133251
0.0195268
0.0195268
0.0191671
0.0190916
0.0190793
0.0254917
0.0254343
0.0254727
0.0308905
0.0310233
0.0309036
0.0307759
0.030653
0.0305976
0.0367594
0.0365947
0.0363341
0.0362665
0.0423096
0.0419472
0.0418363
0.0415416
0.0478329
0.0477584
0.0472786
0.046825
0.0465115
0.0534898
0.0527617
0.0527617
0.051747
0.051747
0.0602412
0.0602454
0.0600272
0.0597022
0.0591879
0.0662084
0.0659322
0.0657827
0.0654156
0.0724922
0.0723595
0.0721437
0.0718238
0.0713871
0.0786037
0.0782738
0.0780969
0.0773828
0.0773828
0.0849532
0.0843107
0.0838076
0.0833581
0.0826933
0.0918896
0.0913813
0.0908907
0.0902346
0.097734
0.0978168
0.0973011
0.096615
0.096417
0.104069
0.103589
0.103149
0.102702
0.110209
0.109734
0.109546
0.108927
0.108719
0.116459
0.115688
0.115365
0.115144
0.122453
0.122486
0.121962
0.121452
0.121009
0.129129
0.128395
0.128134
0.127699
0.135684
0.135416
0.134759
0.134116
0.13358
0.142332
0.141772
0.141117
0.140501
0.14893
0.148845
0.148536
0.147912
0.147289
0.156079
0.155328
0.154966
0.154224
0.163416
0.163397
0.162678
0.161948
0.171687
0.171408
0.170705
0.169799
0.169165
0.178863
0.178615
0.177555
0.176524
0.176071
0.186648
0.18613
0.185176
0.184328
0.196268
0.19658
0.195596
0.194526
0.193606
0.205127
0.205078
0.204136
0.203172
0.202398
0.214889
0.213627
0.212707
0.212253
0.225111
0.224307
0.223311
0.222377
0.221657
0.234867
0.234593
0.232786
0.232786
0.231045
0.250898
0.250898
0.25156
0.249674
0.247938
0.246967
0.262684
0.262684
0.260526
0.259882
0.259204
0.273688
0.272722
0.271624
0.271106
0.285966
0.285712
0.284549
0.284116
0.283505
0.299769
0.29875
0.298238
0.297699
0.297377
0.312237
0.310292
0.310292
0.308959
0.325052
0.312797
0.310631
0.319825
0.319994
0.339832
0.338772
0.338397
0.337707
0.350112
0.350112
0.350112
0.349535
0.348521
0.365182
0.365078
0.364108
0.363448
0.363059
0.37876
0.37693
0.375572
0.375572
0.393627
0.392804
0.392431
0.390698
0.388987
0.388598
0.410231
0.409804
0.407486
0.405633
0.424747
0.423585
0.421656
0.420947
0.419919
0.439267
0.435542
0.430775
0.430296
0.447217
0.449003
0.451712
0.45124
0.451253
0.460368
0.466495
0.466525
0.467207
0.452743
0.452556
0.45477
0.45477
0.456027
0.434038
0.43464
0.435767
0.436867
0.417801
0.417801
0.418847
0.419771
0.420719
0.402562
0.402399
0.402946
0.403673
0.404383
0.386631
0.386958
0.387774
0.388062
0.371188
0.371435
0.37167
0.372235
0.372453
0.35652
0.356883
0.35698
0.357254
0.357803
0.341316
0.342301
0.343092
0.343393
0.327338
0.327128
0.327813
0.328544
0.313582
0.313511
0.313511
0.314782
0.316104
0.31782
0.318186
0.295959
0.297292
0.297292
0.29916
0.300422
0.300422
0.27634
0.27634
0.27865
0.27928
0.280404
0.265408
0.265408
0.266618
0.267142
0.252621
0.253131
0.254156
0.254677
0.256133
0.238582
0.24014
0.240959
0.241716
0.242444
0.2274
0.22737
0.228217
0.22852
0.229072
0.216043
0.216489
0.216913
0.217722
0.217814
0.205612
0.206215
0.206418
0.207032
0.195666
0.19626
0.196457
0.196928
0.197397
0.186552
0.186961
0.187726
0.188171
0.177547
0.178011
0.178011
0.179191
0.179914
0.179914
0.166008
0.166008
0.166707
0.167413
0.167413
0.168213
0.169034
0.153701
0.15342
0.154596
0.155875
0.155875
0.144702
0.1448
0.1448
0.146664
0.146664
0.147229
0.147229
0.135299
0.135116
0.135362
0.127848
0.127541
0.127835
0.128146
0.128304
0.120376
0.120376
0.120845
0.121213
0.121455
0.113498
0.113701
0.114
0.11409
0.114268
0.10708
0.10708
0.107441
0.107968
0.100741
0.100741
0.101474
0.101893
0.0938531
0.0942551
0.0948717
0.0948717
0.0876354
0.0874149
0.0880128
0.0887111
0.0892641
0.0793868
0.0793868
0.0793868
0.0794223
0.0796777
0.0806868
0.0720991
0.0720991
0.0725486
0.0731469
0.0738773
0.0742358
0.0646082
0.0647834
0.0653569
0.0662115
0.0664868
0.0576685
0.0584131
0.0586451
0.0588725
0.0594865
0.0503352
0.0510665
0.0511666
0.0514848
0.0517759
0.0434942
0.0434402
0.043708
0.0440379
0.0343216
0.0343216
0.0343216
0.0344236
0.0347422
0.0367302
0.0367302
0.0367302
0.0266855
0.028233
0.028233
0.028233
0.0286485
0.0288484
0.0189114
0.0189874
0.0193347
0.0195611
0.0196662
0.0201154
0.020302
0.0119572
0.012023
0.012419
0.0126054
0.00524399
0.00555597
0.00581117
0.00588379
-0.000347046
-0.000441182
-0.000155104
3.92755e-05
0.00025697
0.00025697
-0.00627905
-0.00627905
-0.0121169
-0.0118164
-0.011629
-0.016405
-0.0162843
-0.0159818
-0.0147793
-0.0144851
-0.0144851
-0.0248419
-0.0248419
-0.0239441
-0.0236354
-0.0228848
-0.0222505
-0.0335051
-0.0331466
-0.0325839
-0.0321348
-0.0317656
-0.0405292
-0.039846
-0.0396773
-0.0396773
-0.038631
-0.038631
-0.0501997
-0.0500726
-0.0497437
-0.0494765
-0.0492723
-0.0582595
-0.0581917
-0.0585696
-0.0578437
-0.0652924
-0.0654789
-0.0656946
-0.0654293
-0.0654293
-0.0648991
-0.0648991
-0.0754254
-0.0751638
-0.0751638
-0.0745237
-0.0745237
-0.085918
-0.085918
-0.0855721
-0.0852364
-0.0852364
-0.0841361
-0.0837228
-0.0971239
-0.0971926
-0.0972225
-0.0972343
-0.0974343
-0.105937
-0.106223
-0.106234
-0.106268
-0.106487
-0.10671
-0.117544
-0.117605
-0.117568
-0.11757
-0.1261
-0.126183
-0.126183
-0.126138
-0.126967
-0.126967
-0.127392
-0.127392
-0.141294
-0.141294
-0.141116
-0.141034
-0.141261
-0.141435
-0.154535
-0.154404
-0.154188
-0.176661
-0.176661
-0.184679
-0.184382
-0.183837
-0.180243
-0.180243
-0.18042
-0.180643
-0.180971
-0.187478
-0.187409
-0.187123
-0.183487
-0.183487
-0.183638
-0.18417
-0.18417
-0.201466
-0.201466
-0.201466
-0.20361
-0.202333
-0.200657
-0.211568
-0.212307
-0.212307
-0.210742
-0.209689
-0.206288
-0.199121
-0.199121
-0.199121
-0.2238
-0.221233
-0.221891
-0.222012
-0.222012
-0.222994
-0.223739
-0.239751
-0.24043
-0.24043
-0.236423
-0.239788
-0.240286
-0.242936
-0.262754
-0.262754
-0.26355
-0.264117
-0.266484
-0.272572
-0.272572
-0.270714
-0.269064
-0.268541
-0.278719
-0.278986
-0.274055
-0.274055
-0.274055
-0.273718
-0.273736
-0.27387
-0.274602
-0.274868
-0.262629
-0.262991
-0.263201
-0.263601
-0.250075
-0.250591
-0.250749
-0.250824
-0.250998
-0.234454
-0.234391
-0.234391
-0.233598
-0.233505
-0.233505
-0.232359
-0.23231
-0.220707
-0.21869
-0.21869
-0.21775
-0.217449
-0.217449
-0.218011
-0.218011
-0.202956
-0.200722
-0.2007
-0.2007
-0.199843
-0.199682
-0.189561
-0.189412
-0.189915
-0.190104
-0.178854
-0.178414
-0.178717
-0.178887
-0.179221
-0.16835
-0.168414
-0.168626
-0.169167
-0.157362
-0.157254
-0.157254
-0.158215
-0.160026
-0.160026
-0.14343
-0.14343
-0.144392
-0.144715
-0.145079
-0.131735
-0.131735
-0.131735
-0.132382
-0.132598
-0.133188
-0.118609
-0.118344
-0.118449
-0.118505
-0.118657
-0.118632
-0.107543
-0.107497
-0.107386
-0.10764
-0.107615
-0.0986905
-0.098629
-0.0985092
-0.100336
-0.100336
-0.100336
-0.101058
-0.0845172
-0.0845172
-0.0847416
-0.0851971
-0.0851539
-0.0853108
-0.0732736
-0.0732736
-0.0732736
-0.0745806
-0.0747479
-0.0629391
-0.0629391
-0.0630022
-0.0630022
-0.0632881
-0.063565
-0.0550178
-0.055201
-0.0555222
-0.0555222
-0.0554478
-0.0467707
-0.0463949
-0.046863
-0.0469992
-0.0469992
-0.0469992
-0.0476896
-0.0367176
-0.0372005
-0.037397
-0.0377577
-0.0289831
-0.029117
-0.0295259
-0.0296507
-0.0298401
-0.0219354
-0.0220727
-0.0222445
-0.0224708
-0.0157571
-0.0156189
-0.0158419
-0.0160864
-0.0163298
-0.00924745
-0.00962899
-0.00966694
-0.00972037
-0.002409
-0.002409
-0.00208284
-0.00250311
-0.00262442
0.00389405
0.00367607
0.00352677
0.00326902
0.00288376
0.00936221
0.00938444
0.00897196
0.00897196
0.0155108
0.0153659
0.0149164
0.0147709
0.0145128
0.0210413
0.0208019
0.0205284
0.0201244
0.0200031
0.0263336
0.0260454
0.0259021
0.025476
0.0319867
0.0315218
0.0309493
0.0305587
0.0303847
0.0370156
0.0366179
0.0362389
0.0358959
0.0428863
0.0425309
0.0419918
0.0415781
0.0413871
0.0483229
0.0476994
0.0474879
0.0468921
0.0468921
0.0539504
0.0535678
0.0529619
0.0529619
0.0608185
0.060538
0.0601012
0.0594657
0.0592839
0.0666797
0.0662496
0.0658616
0.0655456
0.0725952
0.0722241
0.0714668
0.0714668
0.0783272
0.07814
0.0776783
0.0772642
0.0766873
0.0838129
0.0834291
0.0828363
0.0824439
0.0889966
0.0890408
0.0886733
0.0884678
0.0880309
0.0948073
0.0945795
0.0937702
0.0935073
0.0930734
0.100262
0.0995444
0.0990495
0.0985989
0.106174
0.105518
0.10512
0.104345
0.111264
0.111416
0.110662
0.109639
0.109326
0.117535
0.11659
0.11659
0.11539
0.123194
0.123194
0.122476
0.121787
0.121051
0.129896
0.129375
0.128596
0.127856
0.136552
0.136552
0.135567
0.134401
0.134151
0.14307
0.142934
0.14184
0.141486
0.150627
0.150344
0.149273
0.148921
0.148084
0.157908
0.157286
0.156963
0.156313
0.155707
0.164934
0.164518
0.163438
0.163438
0.173867
0.173704
0.172345
0.172696
0.172319
0.182999
0.182494
0.18225
0.181107
0.180663
0.191953
0.190381
0.189908
0.189595
0.200592
0.199683
0.199249
0.198061
0.209649
0.210348
0.208821
0.208023
0.208023
0.219783
0.219435
0.218559
0.217783
0.217183
0.229671
0.229289
0.227842
0.227842
0.240582
0.240582
0.238639
0.238639
0.238248
0.23725
0.236759
0.258147
0.257776
0.256942
0.25608
0.268725
0.269111
0.268416
0.272213
0.27212
0.289062
0.276642
0.276231
0.275525
0.275557
0.295116
0.294645
0.29363
0.291928
0.305998
0.303365
0.302539
0.302306
0.317101
0.317021
0.314992
0.314417
0.313906
0.328456
0.329002
0.325158
0.325158
0.325158
0.324622
0.345187
0.344245
0.343487
0.342198
0.357324
0.356866
0.356333
0.355042
0.35369
0.369321
0.368961
0.36775
0.366464
0.379292
0.378567
0.377557
0.377356
0.378092
0.386508
0.387134
0.386982
0.386927
0.387467
0.400904
0.400904
0.402188
0.402188
0.382897
0.382897
0.386278
0.388289
0.389779
0.390491
0.361656
0.362836
0.365255
0.365255
0.347929
0.349543
0.350079
0.351653
0.335522
0.335013
0.335713
0.33651
0.337259
0.321451
0.322085
0.322654
0.322876
0.308417
0.308617
0.308798
0.309057
0.3095
0.309462
0.293803
0.294108
0.294438
0.294772
0.294772
0.281954
0.281954
0.282442
0.28329
0.268817
0.269536
0.270292
0.27154
0.256811
0.256493
0.257886
0.258888
0.259951
0.244308
0.246267
0.247325
0.248436
0.232673
0.232606
0.235208
0.235208
0.236289
0.221148
0.221148
0.223163
0.225584
0.225584
0.206814
0.206446
0.206574
0.207439
0.208356
0.209205
0.196708
0.197801
0.198162
0.198842
0.186811
0.186811
0.187686
0.187939
0.177146
0.177391
0.17748
0.177821
0.178144
0.1681
0.168238
0.168344
0.168667
0.157674
0.157674
0.157835
0.157929
0.158003
0.158073
0.149212
0.149373
0.149455
0.149647
0.140914
0.140914
0.141339
0.141599
0.14175
0.132851
0.13331
0.133482
0.133842
0.124872
0.125167
0.1257
0.126386
0.117884
0.117749
0.118072
0.118845
0.119124
0.11063
0.110592
0.111158
0.111832
0.112067
0.103665
0.104183
0.104183
0.104919
0.105256
0.0943144
0.094021
0.0946059
0.0950863
0.0959831
0.0879316
0.087968
0.0884609
0.0889131
0.0893141
0.0815235
0.0819633
0.0823523
0.0826145
0.0756617
0.0758216
0.0759879
0.0762558
0.0763761
0.0694192
0.0695724
0.0696002
0.0696819
0.0638718
0.0636663
0.063627
0.0637275
0.0637964
0.0576689
0.057831
0.0580218
0.0581893
0.0521918
0.0519979
0.0522018
0.0524409
0.0526517
0.0462615
0.0462615
0.0465492
0.0468634
0.040354
0.0404076
0.0409177
0.0414336
0.0418985
0.0345273
0.0349983
0.0354785
0.0357165
0.0283297
0.0283297
0.0291016
0.029212
0.0297139
0.0220266
0.0224295
0.0231164
0.0233591
0.0163606
0.0163259
0.0167491
0.0171512
0.017494
0.0103445
0.0108448
0.0111291
0.011493
0.0049698
0.00485844
0.00518864
0.00547246
0.0056903
-0.000906703
-0.000657666
-0.000389288
-0.000286881
-0.00629719
-0.006468
-0.00616944
-0.00588276
-0.00561248
-0.0120343
-0.0117676
-0.01142
-0.0113073
-0.0174119
-0.0173335
-0.0173335
-0.0170747
-0.0169422
-0.0234306
-0.0230141
-0.0226899
-0.0223343
-0.0287543
-0.0288869
-0.0283479
-0.0281641
-0.0278731
-0.0348414
-0.0345763
-0.034273
-0.0338693
-0.0406989
-0.0406233
-0.0392051
-0.0392051
-0.0389633
-0.0468781
-0.0463005
-0.0456751
-0.0452438
-0.0451012
-0.0446845
-0.0552557
-0.0546279
-0.0541237
-0.0535583
-0.0614661
-0.0615551
-0.0610202
-0.0603804
-0.0602083
-0.0688458
-0.0682105
-0.0680324
-0.0676588
-0.0763558
-0.0760948
-0.0757129
-0.0753918
-0.0751849
-0.0838728
-0.0835429
-0.0833682
-0.0832285
-0.0917934
-0.0916962
-0.0914087
-0.0912254
-0.0912111
-0.099921
-0.0996378
-0.0994969
-0.0992328
-0.108305
-0.108232
-0.107942
-0.107671
-0.116968
-0.116933
-0.116638
-0.116431
-0.116091
-0.125639
-0.125375
-0.124676
-0.124438
-0.124267
-0.134162
-0.133862
-0.13348
-0.132971
-0.142688
-0.143084
-0.143165
-0.145776
-0.145157
-0.154229
-0.154009
-0.153124
-0.15278
-0.152411
-0.163225
-0.162205
-0.162205
-0.161433
-0.173063
-0.172796
-0.172345
-0.171835
-0.184354
-0.193786
-0.193021
-0.19274
-0.193744
-0.197357
-0.197453
-0.197361
-0.197457
-0.197514
-0.204827
-0.204963
-0.205214
-0.205214
-0.214108
-0.214108
-0.212598
-0.212598
-0.212376
-0.211554
-0.227481
-0.228608
-0.227418
-0.22686
-0.225915
-0.236303
-0.235403
-0.234398
-0.233111
-0.231421
-0.246325
-0.245076
-0.24269
-0.242085
-0.241536
-0.255635
-0.251615
-0.249911
-0.247999
-0.259745
-0.259937
-0.259951
-0.262209
-0.266932
-0.267293
-0.271458
-0.271356
-0.271523
-0.26425
-0.264821
-0.265049
-0.26556
-0.254172
-0.253704
-0.25411
-0.254448
-0.254721
-0.243006
-0.243006
-0.243215
-0.243393
-0.231917
-0.232014
-0.232044
-0.232155
-0.232281
-0.220587
-0.220678
-0.220736
-0.220822
-0.20935
-0.209401
-0.209417
-0.209472
-0.209619
-0.198385
-0.197835
-0.198219
-0.198466
-0.198692
-0.186789
-0.187052
-0.187194
-0.187503
-0.176017
-0.175509
-0.175839
-0.176369
-0.16509
-0.164588
-0.165188
-0.165672
-0.165921
-0.153677
-0.153677
-0.155081
-0.15539
-0.155711
-0.142858
-0.143525
-0.143821
-0.144741
-0.132544
-0.132544
-0.133239
-0.133686
-0.122345
-0.122594
-0.122932
-0.123069
-0.12338
-0.113379
-0.112967
-0.113068
-0.113073
-0.104178
-0.103698
-0.103769
-0.103803
-0.103821
-0.0948592
-0.0949173
-0.0948378
-0.0949141
-0.086549
-0.0861522
-0.086279
-0.0863583
-0.0864175
-0.0776514
-0.0776636
-0.0778701
-0.0781639
-0.0697658
-0.0694399
-0.0696981
-0.0696981
-0.0700548
-0.0612448
-0.0615236
-0.0616648
-0.0621523
-0.0623241
-0.0535945
-0.0535945
-0.0544033
-0.0545393
-0.0454561
-0.0457789
-0.0461925
-0.0464763
-0.0464763
-0.0368533
-0.0365143
-0.0369903
-0.0372531
-0.0373795
-0.0376208
-0.0282166
-0.0284613
-0.028816
-0.0289548
-0.029238
-0.0216636
-0.0218189
-0.0222274
-0.022471
-0.0147866
-0.0151721
-0.0154123
-0.0156317
-0.00862057
-0.00869041
-0.00874759
-0.00874759
-0.0090079
-0.00196262
-0.00223183
-0.00239525
-0.00246838
0.00427688
0.00412734
0.00393604
0.00377369
0.00363436
0.0104143
0.010081
0.00997092
0.00970275
0.0163661
0.0163661
0.0160756
0.0158704
0.0156716
0.0223189
0.0219083
0.0217759
0.0213886
0.0212479
0.0281463
0.0277873
0.0275666
0.0339759
0.0342405
0.033733
0.0335619
0.0332637
0.040305
0.0399809
0.0396456
0.0393041
0.0393041
0.0464721
0.0458746
0.0455315
0.0455315
0.0528139
0.0522192
0.0520499
0.0518604
0.0514002
0.0593787
0.0588262
0.0585627
0.0582812
0.0657246
0.0651944
0.0651944
0.064285
0.0638831
0.0719289
0.0715038
0.0711613
0.0711613
0.0781895
0.077981
0.0774555
0.0764033
0.0764033
0.0850629
0.0855039
0.0845687
0.0842928
0.0837972
0.0916043
0.0911838
0.090755
0.0905373
0.09011
0.0976553
0.0976553
0.0969223
0.096408
0.104487
0.104048
0.103562
0.10289
0.11086
0.11086
0.110432
0.109875
0.108738
0.11728
0.116905
0.115742
0.115393
0.124219
0.123928
0.123314
0.12263
0.121754
0.130963
0.130303
0.129887
0.128726
0.137817
0.138063
0.137308
0.136246
0.135938
0.135646
0.145054
0.144301
0.143625
0.143625
0.154414
0.154141
0.153378
0.152548
0.151855
0.162871
0.161779
0.161022
0.160054
0.171127
0.1709
0.16974
0.169383
0.180061
0.180177
0.179663
0.178706
0.178078
0.189643
0.189377
0.188036
0.187657
0.187096
0.198682
0.198181
0.197492
0.196565
0.208923
0.208031
0.206901
0.205837
0.205001
0.218377
0.217498
0.216532
0.2156
0.22881
0.228482
0.227538
0.226148
0.225723
0.240476
0.239751
0.238761
0.237869
0.25127
0.251491
0.250608
0.249747
0.249112
0.263591
0.262989
0.262126
0.261319
0.275855
0.275608
0.274847
0.274098
0.273541
0.28879
0.28755
0.286727
0.286387
0.301506
0.301278
0.300178
0.299464
0.299269
0.314941
0.315321
0.314093
0.313275
0.329606
0.329458
0.329458
0.328652
0.32844
0.342051
0.341699
0.339923
0.338778
0.354097
0.354062
0.353392
0.352222
0.351801
0.367571
0.367514
0.365828
0.364367
0.38125
0.38125
0.379935
0.378255
0.376334
0.395943
0.394762
0.393734
0.392311
0.410196
0.409132
0.408113
0.403708
0.401496
0.414973
0.414786
0.41531
0.419394
0.426019
0.426785
0.426706
0.426688
0.435562
0.430792
0.43185
0.432617
0.433548
0.416642
0.417045
0.417167
0.417858
0.419064
0.401392
0.402414
0.40304
0.403369
0.387007
0.387353
0.388424
0.388679
0.389501
0.390034
0.371371
0.371515
0.371892
0.372289
0.356182
0.3565
0.356753
0.357148
0.342494
0.342133
0.342565
0.343
0.343537
0.327592
0.328018
0.328776
0.329425
0.313462
0.313888
0.315079
0.315951
0.316878
0.299844
0.300663
0.301878
0.302905
0.285793
0.286943
0.288128
0.289962
0.290507
0.273473
0.27485
0.276705
0.277869
0.260298
0.261486
0.262418
0.26337
0.264321
0.249053
0.25034
0.250761
0.251588
0.238035
0.237978
0.238618
0.239288
0.239972
0.226732
0.227361
0.227872
0.228458
0.21613
0.2169
0.2169
0.21746
0.218013
0.205894
0.206793
0.20728
0.207761
0.196001
0.196255
0.196668
0.197118
0.186844
0.186462
0.186854
0.187383
0.187986
0.17767
0.177831
0.178157
0.178736
0.179343
0.168371
0.169036
0.169903
0.170456
0.159997
0.15996
0.160492
0.161379
0.161965
0.15134
0.151864
0.152463
0.15302
0.143572
0.143891
0.14471
0.14471
0.14526
0.135466
0.13595
0.136415
0.13715
0.12825
0.128179
0.128596
0.129008
0.129386
0.120705
0.121234
0.121409
0.121749
0.113513
0.113888
0.114259
0.114609
0.11495
0.106937
0.107265
0.107561
0.107857
0.100719
0.100719
0.100872
0.101247
0.0941602
0.0941602
0.0943811
0.0947935
0.095247
0.0956421
0.0866105
0.0869994
0.0873506
0.0876972
0.082709
0.0804626
0.0808985
0.0812977
0.0816795
0.0741672
0.0745513
0.0749148
0.075267
0.0682067
0.0680842
0.0685832
0.0688775
0.069021
0.0616099
0.0620318
0.0624282
0.062904
0.0556106
0.0557034
0.0558931
0.056074
0.0564158
0.0569079
0.0575438
0.0458691
0.046021
0.0461971
0.0467166
0.0472325
0.0396994
0.0401672
0.0405887
0.0410154
0.0334908
0.0338232
0.0343944
0.0347295
0.0278843
0.0276061
0.0279442
0.0282899
0.0285706
0.0216238
0.0218532
0.0221558
0.022411
0.0226111
0.0157936
0.0161352
0.0161352
0.0165138
0.0168146
0.00911014
0.00915237
0.00956416
0.00973786
0.0099576
0.00256027
0.00266842
0.00313049
0.00347744
-0.00300876
-0.00318783
-0.00280723
-0.00200816
-0.00177055
-0.00893973
-0.00815857
-0.00791783
-0.00751272
-0.0149003
-0.0144918
-0.0140778
-0.0135519
-0.0134038
-0.0207596
-0.020399
-0.0198899
-0.0197125
-0.0272386
-0.0272712
-0.027037
-0.0268398
-0.0268398
-0.0262703
-0.0245512
-0.0372109
-0.0372109
-0.0368891
-0.0364252
-0.0362278
-0.0438253
-0.0435686
-0.0432292
-0.0428237
-0.0427273
-0.0505363
-0.0502736
-0.0499724
-0.0573337
-0.0573337
-0.0576628
-0.0573035
-0.0571051
-0.0570617
-0.0652051
-0.0649608
-0.0647894
-0.064711
-0.0730098
-0.0728853
-0.0726774
-0.0725476
-0.0806943
-0.0811787
-0.0811787
-0.0809418
-0.0808514
-0.088979
-0.0894286
-0.0893211
-0.0892595
-0.0892736
-0.0988541
-0.0989121
-0.098733
-0.0985982
-0.0986025
-0.107644
-0.107527
-0.107481
-0.107455
-0.116624
-0.116718
-0.116576
-0.116433
-0.125256
-0.125755
-0.125549
-0.125488
-0.125499
-0.135055
-0.135142
-0.13503
-0.134958
-0.134958
-0.145078
-0.147692
-0.147419
-0.147116
-0.155535
-0.155535
-0.155272
-0.154942
-0.154691
-0.165174
-0.165098
-0.164856
-0.155854
-0.170651
-0.184987
-0.185197
-0.186185
-0.186615
-0.186375
-0.186448
-0.186448
-0.18717
-0.187253
-0.194917
-0.194336
-0.194102
-0.193764
-0.203243
-0.203243
-0.20217
-0.201532
-0.201532
-0.201049
-0.213493
-0.213493
-0.212079
-0.210809
-0.222369
-0.221838
-0.219772
-0.219034
-0.231228
-0.230724
-0.230148
-0.227636
-0.227662
-0.237285
-0.234501
-0.233647
-0.233189
-0.240696
-0.243125
-0.243125
-0.243538
-0.24342
-0.246094
-0.246051
-0.246328
-0.246089
-0.237433
-0.236778
-0.236817
-0.237124
-0.237294
-0.227299
-0.226738
-0.226877
-0.226972
-0.216696
-0.216788
-0.216867
-0.217061
-0.217126
-0.206754
-0.206268
-0.206381
-0.206519
-0.206603
-0.195822
-0.196029
-0.196029
-0.19623
-0.185589
-0.18512
-0.185184
-0.185426
-0.185605
-0.17464
-0.174898
-0.174993
-0.175193
-0.164207
-0.164257
-0.164661
-0.164661
-0.154409
-0.153911
-0.154136
-0.154409
-0.154409
-0.144273
-0.144063
-0.14435
-0.144618
-0.133778
-0.133778
-0.134019
-0.134352
-0.134531
-0.123967
-0.123989
-0.124442
-0.12493
-0.114251
-0.114355
-0.114355
-0.114663
-0.115258
-0.115416
-0.101857
-0.101958
-0.102102
-0.102102
-0.102258
-0.0933446
-0.0929194
-0.0926872
-0.0927468
-0.0841073
-0.0843177
-0.084331
-0.0843918
-0.0844748
-0.0754938
-0.0754893
-0.0755573
-0.0756368
-0.0672714
-0.0674002
-0.0674002
-0.0676698
-0.067786
-0.0592972
-0.0593902
-0.0594905
-0.0597215
-0.0491911
-0.0491911
-0.0491911
-0.0488455
-0.0491383
-0.0493609
-0.0497388
-0.0408591
-0.0411526
-0.0416005
-0.0416005
-0.0336411
-0.0336411
-0.0338397
-0.0340328
-0.0340945
-0.026633
-0.0268232
-0.0268847
-0.0270484
-0.0198043
-0.0198043
-0.0200652
-0.0201576
-0.0202996
-0.0132208
-0.013311
-0.0134494
-0.0136671
-0.0136671
-0.0076753
-0.0076753
-0.0076753
-0.00632423
-0.00662212
0.00449553
0.00400451
0.00370086
0.00344833
0.00273196
0.0107442
0.0101944
0.0101582
0.00993291
0.01658
0.0164956
0.016161
0.0159916
0.0158529
0.022245
0.0219179
0.0218982
0.021431
0.021431
0.0278013
0.0275676
0.027147
0.0269607
0.0337018
0.0334395
0.033097
0.0325651
0.0324062
0.0392287
0.038787
0.0385587
0.0452292
0.045471
0.0450831
0.0446182
0.0440266
0.0438358
0.0512111
0.0506421
0.0504344
0.0500274
0.0572707
0.0571482
0.0567879
0.0564286
0.0635325
0.0635325
0.0631874
0.0627992
0.0627461
0.06997
0.0694948
0.0694948
0.0694948
0.0685596
0.0775213
0.0773199
0.0769969
0.0766279
0.0764959
0.083792
0.0834858
0.0831887
0.0829067
0.0899954
0.089752
0.089528
0.0891301
0.0960768
0.0959964
0.0955895
0.0951346
0.0947847
0.102545
0.102235
0.10174
0.101299
0.108842
0.1083
0.107986
0.106878
0.106808
0.115239
0.114774
0.113845
0.113845
0.11302
0.121987
0.121418
0.12059
0.120331
0.128431
0.128386
0.127668
0.127021
0.12665
0.13532
0.135057
0.134121
0.133539
0.141954
0.142025
0.141213
0.140989
0.140564
0.149478
0.148852
0.148234
0.147927
0.156983
0.156408
0.155849
0.155197
0.164098
0.16442
0.163797
0.163257
0.16282
0.162206
0.173294
0.172484
0.1718
0.171083
0.18123
0.181147
0.18044
0.179712
0.190577
0.190307
0.189468
0.188564
0.187623
0.198798
0.198518
0.197512
0.196523
0.195706
0.20858
0.207258
0.205639
0.205639
0.205265
0.21714
0.21714
0.21572
0.215448
0.214807
0.230966
0.230562
0.229556
0.228151
0.241819
0.241123
0.240147
0.23967
0.239209
0.252549
0.252235
0.250242
0.24944
0.263634
0.26416
0.262914
0.262479
0.261585
0.275536
0.275412
0.274964
0.273624
0.273255
0.288239
0.287641
0.286386
0.285937
0.300798
0.30051
0.299703
0.298562
0.31379
0.31379
0.312886
0.312456
0.311397
0.327565
0.326046
0.32945
0.32272
0.341179
0.341073
0.340576
0.339934
0.339379
0.353421
0.352977
0.351102
0.350622
0.350036
0.366483
0.365087
0.36443
0.363332
0.379709
0.379457
0.378552
0.376267
0.375838
0.397125
0.396582
0.39465
0.393722
0.411033
0.411042
0.41082
0.408123
0.407488
0.425509
0.425111
0.424493
0.423228
0.421599
0.436998
0.434166
0.431927
0.431644
0.445726
0.446558
0.446293
0.445409
0.455293
0.455386
0.45589
0.457622
0.45791
0.441088
0.442486
0.442486
0.444665
0.444665
0.425754
0.427246
0.428214
0.428713
0.410854
0.412069
0.412517
0.414423
0.414922
0.3952
0.396209
0.39691
0.398076
0.380468
0.380872
0.381573
0.381573
0.382665
0.365333
0.365692
0.366538
0.367147
0.350395
0.350756
0.351284
0.352524
0.352854
0.336478
0.337115
0.337776
0.338117
0.323028
0.322667
0.323238
0.324895
0.324895
0.308949
0.309658
0.310334
0.311681
0.295215
0.295725
0.297157
0.298232
0.299323
0.282821
0.283677
0.28438
0.285788
0.270055
0.270489
0.271776
0.272796
0.272796
0.273328
0.255888
0.255888
0.257501
0.258567
0.244081
0.244179
0.24506
0.245896
0.246794
0.232554
0.233643
0.234008
0.234719
0.22142
0.222033
0.222547
0.223082
0.223642
0.211472
0.211919
0.212397
0.212874
0.201275
0.202007
0.2022
0.202622
0.202622
0.203353
0.189315
0.189911
0.190034
0.190898
0.191402
0.191402
0.181005
0.181451
0.181726
0.17028
0.169951
0.170392
0.171177
0.171893
0.16182
0.16188
0.162508
0.163156
0.163471
0.153298
0.153862
0.154736
0.155017
0.145579
0.145666
0.146223
0.14675
0.14727
0.1378
0.1378
0.137896
0.138316
0.129144
0.129327
0.129857
0.129857
0.130668
0.130844
0.120921
0.120902
0.121268
0.121686
0.122106
0.11375
0.114407
0.114986
0.115484
0.107208
0.107038
0.107484
0.108013
0.108525
0.100559
0.100977
0.101467
0.101901
0.0944177
0.0941926
0.0947949
0.0953496
0.0953496
0.0879221
0.0880864
0.0886734
0.0891347
0.0895986
0.0807853
0.0811901
0.0816133
0.081996
0.074309
0.0748428
0.0750175
0.0753548
0.0757273
0.0681322
0.0685312
0.0689359
0.0693189
0.0620545
0.0619389
0.0622934
0.0626352
0.0629459
0.0550293
0.0554864
0.0558257
0.0563896
0.0491312
0.0491732
0.0496849
0.0499296
0.0428157
0.0428157
0.0433198
0.0437203
0.0440536
0.0360634
0.0357958
0.0360048
0.0366435
0.0370314
0.0373589
0.0303156
0.0306331
0.0307934
0.0312158
0.0243428
0.0245964
0.024973
0.0250602
0.0187568
0.0186556
0.0190011
0.0193295
0.0194654
0.0128717
0.0131507
0.013384
0.0136802
0.0138556
0.00724601
0.00724601
0.00737876
0.00776998
0.0081556
0.00015336
0.000125728
0.000585759
0.000792607
0.00116696
-0.00563622
-0.00526508
-0.00499312
-0.00464333
-0.0113417
-0.0114855
-0.011343
-0.0109377
-0.0106083
-0.0176298
-0.0173456
-0.0171213
-0.0168176
-0.0235941
-0.0239227
-0.0235446
-0.0233236
-0.0302266
-0.0305635
-0.0302524
-0.0298971
-0.029653
-0.0367911
-0.0371568
-0.0368176
-0.0365812
-0.0364297
-0.0441226
-0.0438426
-0.0437468
-0.0435833
-0.0510115
-0.0514151
-0.0511138
-0.050828
-0.0507762
-0.0586673
-0.0583529
-0.0583791
-0.0582972
-0.0665236
-0.0665472
-0.0664637
-0.0661611
-0.0661611
-0.065865
-0.0757953
-0.0756246
-0.0754143
-0.0754143
-0.0910643
-0.091421
-0.0913651
-0.0912091
-0.101383
-0.101455
-0.101746
-0.101814
-0.101906
-0.110922
-0.110929
-0.111105
-0.111105
-0.119695
-0.120256
-0.120341
-0.120341
-0.120373
-0.129928
-0.129792
-0.129961
-0.129961
-0.131888
-0.131888
-0.1334
-0.133408
-0.14852
-0.148682
-0.148522
-0.148385
-0.15867
-0.15867
-0.171924
-0.171748
-0.171508
-0.175422
-0.167286
-0.167097
-0.167382
-0.18023
-0.180589
-0.18112
-0.180761
-0.187154
-0.187481
-0.187331
-0.187332
-0.187114
-0.195923
-0.195915
-0.195005
-0.194483
-0.194111
-0.204902
-0.204003
-0.203294
-0.203294
-0.212727
-0.21178
-0.210689
-0.210023
-0.20907
-0.220646
-0.219194
-0.218648
-0.217463
-0.229249
-0.227545
-0.227629
-0.226507
-0.226856
-0.2343
-0.233805
-0.234055
-0.234534
-0.235053
-0.241338
-0.241586
-0.242895
-0.24345
-0.245654
-0.248018
-0.249362
-0.249362
-0.249655
-0.236151
-0.236534
-0.237527
-0.238247
-0.238531
-0.224635
-0.224583
-0.225512
-0.213273
-0.213273
-0.213492
-0.213797
-0.214181
-0.202568
-0.202693
-0.201462
-0.201522
-0.20164
-0.192357
-0.19239
-0.192192
-0.192009
-0.191905
-0.182376
-0.181662
-0.18117
-0.180901
-0.172552
-0.172414
-0.171874
-0.170433
-0.163319
-0.163011
-0.161817
-0.16143
-0.16073
-0.152991
-0.152991
-0.15217
-0.151665
-0.151665
-0.14082
-0.13953
-0.139978
-0.140097
-0.140418
-0.130543
-0.130729
-0.131034
-0.131477
-0.13187
-0.120493
-0.120886
-0.121369
-0.121809
-0.110962
-0.110775
-0.110972
-0.111243
-0.100891
-0.100891
-0.101056
-0.101256
-0.101427
-0.0922137
-0.0918263
-0.0919102
-0.0920027
-0.0920858
-0.0830161
-0.084277
-0.0840971
-0.0840204
-0.0744226
-0.0742896
-0.0739696
-0.0737106
-0.0735935
-0.0660295
-0.0657203
-0.0653849
-0.0650626
-0.0585003
-0.0578072
-0.0574799
-0.0573651
-0.0570965
-0.0502622
-0.0501575
-0.0499957
-0.0498907
-0.0498467
-0.0426464
-0.0426147
-0.0427574
-0.0428595
-0.0352878
-0.0353717
-0.0356691
-0.0359628
-0.0362872
-0.028502
-0.028502
-0.0290415
-0.0290415
-0.0293378
-0.0293378
-0.0293378
-0.0202135
-0.0205299
-0.0211818
-0.0222474
-0.010676
-0.0111618
-0.0114389
-0.0119044
-0.00470366
-0.00459556
-0.0048021
-0.00496211
-0.00509882
0.00158729
0.00137678
0.00131273
0.00761832
0.00761832
0.0075491
0.0074016
0.0073603
0.0073603
0.0071987
0.0149252
0.0148164
0.0144301
0.0142425
0.0137441
0.0207966
0.02049
0.020276
0.0198923
0.0263633
0.0263094
0.0258871
0.0254891
0.0251171
0.032404
0.0322181
0.0315384
0.0307784
0.0307784
0.0392202
0.0385015
0.0385015
0.0379799
0.0451102
0.0447263
0.0442842
0.044058
0.0436342
0.0508807
0.0500784
0.0500784
0.0496458
0.0566438
0.0564554
0.0561009
0.0553824
0.0546083
0.0624914
0.062276
0.061726
0.0609929
0.0607729
0.0686092
0.0681011
0.0676822
0.0672684
0.067087
0.07481
0.0744899
0.0738805
0.0734907
0.0812762
0.0811199
0.080723
0.0799266
0.0799266
0.0889542
0.0883473
0.0879509
0.0877879
0.0876055
0.0950598
0.0945007
0.0941941
0.0940179
0.100715
0.100715
0.100499
0.10023
0.0997031
0.107366
0.107366
0.106834
0.106636
0.106104
0.113533
0.112591
0.112278
0.111756
0.119537
0.118212
0.118212
0.11775
0.117525
0.12634
0.12537
0.124623
0.124316
0.132156
0.132391
0.131813
0.130879
0.130615
0.139122
0.138515
0.137928
0.137634
0.146043
0.145662
0.145308
0.144599
0.143707
0.153151
0.152927
0.152195
0.151169
0.151169
0.160484
0.160116
0.159147
0.158195
0.168715
0.167802
0.167112
0.164656
0.164656
0.176962
0.176595
0.175601
0.174684
0.185721
0.185385
0.184533
0.183396
0.182996
0.194146
0.193172
0.192268
0.191839
0.203586
0.202802
0.201994
0.201233
0.200907
0.214789
0.21517
0.214655
0.213296
0.213097
0.212759
0.224887
0.224438
0.223557
0.222273
0.235778
0.234867
0.234041
0.233631
0.232958
0.246372
0.245237
0.244132
0.243783
0.258037
0.257392
0.256718
0.25608
0.270065
0.269616
0.269167
0.26765
0.280966
0.281438
0.280861
0.278822
0.278414
0.293298
0.293527
0.292416
0.290742
0.30616
0.30616
0.306005
0.305446
0.305069
0.319258
0.319457
0.31764
0.31679
0.31679
0.335611
0.335608
0.334883
0.334196
0.334099
0.347622
0.347622
0.347272
0.344105
0.360583
0.360274
0.358527
0.358189
0.373701
0.374249
0.372213
0.372213
0.370737
0.387898
0.388136
0.386305
0.384841
0.384162
0.401493
0.40098
0.40035
0.398238
0.418805
0.418969
0.417549
0.417549
0.416603
0.4152
0.427276
0.426495
0.426495
0.428041
0.438394
0.438059
0.437846
0.446621
0.446621
0.444568
0.444568
0.445137
0.445998
0.426786
0.427271
0.427794
0.428303
0.430851
0.431323
0.408364
0.410487
0.411715
0.411715
0.412133
0.413474
0.388985
0.389883
0.390873
0.391539
0.391923
0.373336
0.374065
0.375046
0.375736
0.359339
0.359466
0.360192
0.360851
0.361581
0.342905
0.343202
0.343638
0.344979
0.345326
0.328963
0.330982
0.330982
0.331773
0.314622
0.314436
0.314436
0.315249
0.316594
0.317462
0.317925
0.293913
0.294784
0.29551
0.296371
0.281066
0.281311
0.281757
0.283231
0.284177
0.284657
0.264606
0.264606
0.265285
0.266593
0.266593
0.268952
0.248165
0.249265
0.249683
0.250786
0.251695
0.236929
0.236929
0.238215
0.238215
0.239174
0.239174
0.224587
0.22527
0.225727
0.213345
0.213345
0.214089
0.214089
0.214902
0.214902
0.215714
0.20071
0.200961
0.201725
0.202149
0.203425
0.18913
0.189812
0.189812
0.190608
0.191364
0.178414
0.178169
0.178539
0.1791
0.1791
0.169062
0.168311
0.168737
0.169817
0.171482
0.171482
0.157224
0.157234
0.15782
0.159134
0.159134
0.160635
0.147373
0.149324
0.149721
0.150087
0.151141
0.138311
0.138913
0.139292
0.139626
0.139802
0.139802
0.130117
0.129779
0.129779
0.129863
0.12089
0.121189
0.121371
0.121458
0.121493
0.112985
0.112685
0.112703
0.112703
0.112869
0.11304
0.113012
0.102691
0.102691
0.102764
0.102932
0.103142
0.103142
0.103142
0.103557
0.0932712
0.0932712
0.0933221
0.093615
0.094711
0.094711
0.094711
0.0820992
0.0820992
0.082997
0.0835777
0.0835777
0.0835777
0.0848103
0.0713124
0.0713124
0.0725604
0.0726576
0.0642948
0.0644371
0.0647135
0.0650823
0.0653893
0.0657808
0.0657808
0.0657808
0.0536442
0.0536442
0.05364
0.05364
0.0538691
0.0539962
0.0539962
0.0440694
0.0440694
0.0438573
0.0438573
0.0441264
0.0374234
0.037748
0.0379557
0.0379557
0.0309873
0.0310674
0.0311521
0.0315999
0.0317357
0.0236939
0.0236939
0.0239408
0.0243846
0.0243846
0.0245055
0.015317
0.0154118
0.0157431
0.0157431
0.0164926
0.0165589
0.0169217
0.00640471
0.00640471
0.00640471
0.00684146
0.00732297
0.00756684
-0.00174624
-0.00150588
-0.00121514
-0.000745827
-0.00790022
-0.00791557
-0.00757589
-0.0072288
-0.0072288
-0.0135202
-0.0133227
-0.0130266
-0.0127232
-0.0126347
-0.0123852
-0.0123852
-0.0222727
-0.022182
-0.02189
-0.0214886
-0.0208605
-0.0208605
-0.0208605
-0.0324416
-0.0324416
-0.0324416
-0.0324416
-0.0321224
-0.0316733
-0.0315005
-0.0400148
-0.0397375
-0.0392343
-0.0383334
-0.0383334
-0.0463119
-0.0455308
-0.0455308
-0.0455308
-0.0449728
-0.0449728
-0.0555718
-0.0555718
-0.0587577
-0.0587577
-0.0584809
-0.058458
-0.0582844
-0.0579197
-0.0672613
-0.0668795
-0.0668795
-0.0665294
-0.0737756
-0.0741204
-0.0735248
-0.0735248
-0.0728915
-0.0725046
-0.072439
-0.0817647
-0.0817647
-0.0808282
-0.0808282
-0.0805682
-0.0804235
-0.0804235
-0.092167
-0.0915505
-0.0914898
-0.0914898
-0.0909359
-0.10555
-0.105175
-0.105269
-0.10488
-0.104695
-0.114976
-0.114977
-0.114603
-0.114603
-0.114593
-0.11461
-0.125771
-0.126427
-0.126166
-0.125974
-0.125977
-0.135383
-0.134575
-0.134503
-0.13427
-0.13427
-0.14621
-0.147213
-0.147184
-0.147121
-0.147121
-0.147121
-0.146883
-0.159595
-0.159595
-0.159023
-0.158901
-0.158923
-0.158923
-0.158923
-0.176421
-0.176985
-0.176713
-0.17631
-0.175414
-0.175303
-0.188017
-0.188545
-0.188474
-0.188474
-0.188269
-0.188272
-0.188261
-0.202624
-0.190189
-0.194633
-0.19532
-0.19532
-0.196703
-0.216971
-0.216466
-0.215482
-0.215237
-0.215411
-0.229516
-0.229516
-0.229548
-0.22847
-0.227616
-0.23513
-0.235639
-0.236508
-0.236746
-0.23702
-0.237187
-0.245351
-0.245351
-0.246355
-0.245962
-0.245962
-0.243426
-0.259865
-0.260315
-0.259789
-0.258849
-0.257828
-0.269837
-0.269837
-0.268857
-0.268857
-0.267315
-0.267315
-0.270126
-0.289821
-0.289525
-0.289525
-0.289525
-0.286783
-0.28624
-0.285479
-0.302295
-0.302873
-0.302164
-0.301342
-0.299681
-0.309521
-0.308997
-0.306029
-0.306029
-0.305575
-0.297232
-0.298528
-0.298528
-0.298528
-0.299613
-0.299734
-0.300542
-0.280686
-0.280731
-0.280954
-0.281187
-0.268184
-0.268184
-0.267929
-0.267901
-0.267911
-0.267919
-0.252966
-0.252278
-0.251903
-0.251903
-0.251903
-0.251903
-0.251721
-0.234673
-0.234687
-0.234984
-0.235228
-0.234781
-0.234887
-0.234887
-0.213151
-0.213283
-0.213677
-0.213677
-0.214889
-0.21572
-0.203274
-0.203274
-0.198198
-0.199885
-0.199885
-0.199885
-0.200987
-0.178808
-0.178808
-0.176774
-0.175338
-0.176311
-0.177081
-0.179023
-0.16092
-0.162347
-0.162347
-0.164624
-0.164624
-0.164972
-0.149381
-0.14998
-0.150987
-0.150987
-0.15217
-0.136339
-0.136821
-0.137037
-0.124504
-0.124244
-0.124409
-0.124904
-0.107746
-0.10801
-0.108673
-0.109357
-0.109357
-0.109929
-0.0954758
-0.0954758
-0.100688
-0.100688
-0.102204
-0.101761
-0.0835052
-0.0835052
-0.0835052
-0.0843
-0.0843
-0.0854947
-0.0854947
-0.0854947
-0.0683701
-0.068734
-0.0695196
-0.0709277
-0.0722691
-0.0604829
-0.0644735
-0.0644735
-0.0645327
-0.0659263
-0.0662843
-0.0515041
-0.0511786
-0.0519976
-0.0509995
-0.044143
-0.0443222
-0.0430794
-0.0430794
-0.042353
-0.042353
-0.0419533
-0.033981
-0.0333531
-0.0333531
-0.0333531
-0.0321155
-0.0318112
-0.0263141
-0.0266718
-0.0261463
-0.0195253
-0.0195253
-0.0195054
-0.0197338
-0.0197218
-0.0198958
-0.0200267
-0.0206287
-0.0207674
-0.00890234
-0.00922466
-0.0114541
-0.0114541
-0.0114541
-0.00116446
-0.0022579
-0.00279199
-0.00377585
-0.0052031
-0.0052031
0.00718483
0.00583776
0.00583776
0.00339807
0.00339807
0.00339807
0.00323876
0.0161302
0.0155964
0.0155411
0.0155411
0.0208918
0.0212787
0.0210379
0.0211081
0.0211081
0.0214999
0.0229846
0.0231066
0.0231066
0.028575
0.0288117
0.0290864
0.0341586
0.0344474
0.0344474
0.0344474
0.0309479
0.0309479
0.0314081
0.0314081
0.0437121
0.0427147
0.041986
0.041986
0.041986
0.0421241
0.0405524
0.0513059
0.0513059
0.0554776
0.0565771
0.0565771
0.0565771
0.0565771
0.0555273
0.0600232
0.0595299
0.0591994
0.0583946
0.0583626
0.0583626
0.0582917
0.0582744
0.0702829
0.0702829
0.0702829
0.0666812
0.06647
0.0663358
0.0663358
0.0661396
0.082217
0.0821749
0.0816331
0.0815231
0.0815006
0.0814744
0.0813902
0.0911648
0.0910025
0.0909396
0.0908567
0.0907328
0.0977061
0.0977059
0.0977059
0.0971022
0.0971022
0.0967242
0.104506
0.104362
0.104362
0.103971
0.103692
0.103692
0.111732
0.111785
0.111785
0.111239
0.111239
0.111239
0.121263
0.120859
0.120859
0.119959
0.119959
0.118832
0.132196
0.131066
0.131066
0.131066
0.130533
0.142427
0.142334
0.142334
0.14279
0.144105
0.144043
0.144358
0.152821
0.153479
0.153479
0.153933
0.153959
0.153874
0.154096
0.154225
0.16458
0.163969
0.163416
0.162968
0.162766
0.172558
0.172359
0.170894
0.170599
0.170599
0.181451
0.18092
0.18011
0.179322
0.178929
0.191287
0.190231
0.190231
0.188809
0.188079
0.200142
0.200408
0.199035
0.199785
0.199785
0.199785
0.199392
0.198463
0.198463
0.216635
0.216829
0.215737
0.214541
0.214094
0.214094
0.211751
0.229452
0.228675
0.227963
0.227556
0.227556
0.226619
0.240813
0.240813
0.240813
0.238834
0.238262
0.238213
0.259971
0.260555
0.259536
0.259536
0.260412
0.260126
0.260126
0.273482
0.271543
0.271531
0.271042
0.27085
0.27085
0.27085
0.293522
0.293532
0.290851
0.290851
0.289959
0.309723
0.30992
0.30992
0.306695
0.303321
0.322429
0.322429
0.32954
0.328583
0.328528
0.327715
0.327434
0.340179
0.339931
0.339499
0.338022
0.350793
0.351639
0.350383
0.34881
0.34881
0.345557
0.364589
0.364589
0.365436
0.364813
0.362274
0.374636
0.374205
0.372606
0.369127
0.389541
0.388706
0.388311
0.388311
0.388311
0.383447
0.380895
0.379223
0.403547
0.403054
0.401428
0.400581
0.413598
0.413598
0.413598
0.411263
0.410164
0.410164
0.444959
0.455463
0.455463
0.457591
0.459852
0.459852
0.460144
0.453197
0.47695
0.482246
0.481296
0.481296
0.479658
0.478272
0.478272
0.478444
0.478707
0.478968
0.511583
0.511191
0.511905
0.511905
0.527596
0.527596
0.52684
0.525918
0.525918
0.525918
0.527003
0.54222
0.543306
0.527683
0.527752
0.527752
0.528923
0.530757
0.531578
0.536079
0.536079
0.536079
0.541015
0.501607
0.505103
0.505103
0.506075
0.507166
0.48015
0.48015
0.481313
0.481904
0.483875
0.484424
0.484424
0.485182
0.454943
0.456305
0.455636
0.455619
0.455922
0.437624
0.436758
0.436758
0.437746
0.422067
0.42233
0.422044
0.421616
0.408851
0.408851
0.40928
0.409591
0.409591
0.409591
0.409267
0.390978
0.396194
0.396194
0.397985
0.399317
0.399317
0.400435
0.365137
0.364675
0.367186
0.367186
0.371861
0.371861
0.372875
0.345173
0.345173
0.345114
0.346108
0.351166
0.351166
0.351515
0.326418
0.326418
0.331616
0.332716
0.332716
0.313946
0.313946
0.316188
0.317279
0.318242
0.301732
0.302174
0.303128
0.304038
0.304937
0.293026
0.293916
0.294846
0.295772
0.285446
0.285446
0.286717
0.287856
0.288933
0.289331
0.277108
0.278659
0.280324
0.280324
0.281
0.28197
0.268634
0.268634
0.273069
0.274713
0.275603
0.277238
0.255229
0.255582
0.255945
0.25667
0.257682
0.248046
0.248294
0.248866
0.248866
0.249496
0.249496
0.249455
0.249529
0.239633
0.24414
0.24414
0.244504
0.231036
0.231036
0.231036
0.228389
0.227766
0.227947
0.228018
0.228018
0.228096
0.220149
0.220149
0.22251
0.222671
0.222671
0.222671
0.223052
0.211104
0.21142
0.211566
0.211743
0.212389
0.204658
0.205329
0.206235
0.206676
0.206782
0.20724
0.20724
0.197646
0.199962
0.199962
0.199962
0.201931
0.191288
0.191288
0.192622
0.193161
0.194267
0.194722
0.183349
0.182882
0.182882
0.182797
0.182897
0.182802
0.182802
0.178187
0.178498
0.178498
0.179231
0.173863
0.173921
0.174484
0.17465
0.169273
0.169376
0.169376
0.169128
0.169322
0.169322
0.171186
0.171186
0.161834
0.162472
0.162472
0.162472
0.163599
0.16294
0.163379
0.158175
0.158175
0.158256
0.158725
0.160333
0.151343
0.151967
0.151967
0.151967
0.153656
0.146848
0.147069
0.147111
0.147111
0.147027
0.147025
0.141439
0.141439
0.141196
0.140706
0.140358
0.140358
0.139019
0.136905
0.13683
0.139049
0.139142
0.139142
0.139142
0.139149
0.133804
0.133804
0.133672
0.133157
0.132634
0.132384
0.130606
0.130516
0.130341
0.130163
0.130163
0.130163
0.126692
0.126196
0.126196
0.127736
0.127736
0.127559
0.127559
0.123453
0.124553
0.124553
0.124242
0.124242
0.116662
0.119683
0.119295
0.119839
0.119641
0.121422
0.121422
0.121542
0.121604
0.121541
0.121541
0.119508
0.118023
0.118023
0.1192
0.119462
0.119468
0.119498
0.120442
0.121742
0.122219
0.119425
0.119776
0.119496
0.119496
0.119496
0.119496
0.117905
0.118751
0.125119
0.125119
0.125119
0.125119
0.124715
0.125677
0.125677
0.129782
0.129782
0.115384
0.118669
0.118669
0.122228
0.116226
0.116226
0.112537
0.112141
0.112141
0.112141
0.107896
0.117035
0.115639
0.118669
0.118712
0.121718
0.121937
0.117513
0.117877
0.117877
0.1183
0.118222
0.11818
0.115602
0.115602
0.116009
0.116032
0.116038
0.116038
0.112624
0.112624
0.112283
0.113016
0.113016
0.112944
0.110111
0.109938
0.109362
0.109129
0.108539
0.108895
0.109115
0.109127
0.108354
0.108524
0.108213
0.107793
0.107097
0.106757
0.106079
0.106304
0.105631
0.105261
0.104531
0.100771
0.103489
0.102592
0.102095
0.101974
0.0605018
0.0663232
0.0541882
0.0363246
0.0412228
0.0277753
0.0921892
0.0834951
0.0800043
0.0770629
0.0723168
0.121256
0.121256
0.126114
0.147494
0.154215
0.144852
0.147536
0.152087
0.161668
0.151362
0.148657
0.149584
0.136907
0.136907
0.127543
0.122291
0.126508
0.130987
0.136056
0.141293
0.142586
0.150058
0.161422
0.161422
0.201153
0.146047
0.146047
0.146047
0.156211
0.163107
0.16973
0.173235
0.158922
0.163298
0.173445
0.182657
0.192675
0.172832
0.183689
0.191878
0.196937
0.206134
0.173705
0.178646
0.177166
0.168129
0.168129
0.159132
0.15484
0.163052
0.155604
0.148035
0.152295
0.14001
0.140078
0.128876
0.125898
0.121975
0.150134
0.150134
0.153735
0.15154
0.153136
0.154522
0.155764
0.170828
0.177005
0.178631
0.179516
0.185009
0.185414
0.189264
0.190243
0.190243
0.183463
0.198669
0.198607
0.204691
0.204764
0.203302
0.207614
0.207614
0.207614
0.199235
0.196005
0.229005
0.228664
0.222235
0.211022
0.204072
0.203979
0.242461
0.235311
0.226614
0.223037
0.259802
0.259113
0.246927
0.239192
0.239787
0.272654
0.267873
0.259943
0.258249
0.259033
0.260632
0.28505
0.279212
0.279297
0.279297
0.286848
0.296851
0.300349
0.300349
0.304764
0.306759
0.30697
0.313549
0.301797
0.314882
0.319525
0.319578
0.321779
0.327632
0.33331
0.33331
0.329344
0.331801
0.333607
0.339043
0.344634
0.341664
0.341664
0.342253
0.334478
0.334478
0.340694
0.344017
0.368701
0.368701
0.368701
0.36164
0.347275
0.345933
0.345933
0.336066
0.388891
0.375371
0.367375
0.353544
0.400019
0.395677
0.387748
0.38237
0.38237
0.416133
0.416133
0.408557
0.421105
0.421105
0.421105
0.421105
0.467458
0.437296
0.437414
0.437414
0.428772
0.427649
0.45001
0.449905
0.449905
0.430795
0.444036
0.466965
0.47021
0.467064
0.467064
0.466578
0.466243
0.465851
0.465851
0.493521
0.482492
0.476352
0.466816
0.465917
0.471892
0.50784
0.513215
0.518522
0.519524
0.526149
0.530203
0.533049
0.51954
0.51954
0.518005
0.546064
0.5494
0.5494
0.547586
0.550626
0.553122
0.56605
0.567943
0.555389
0.543807
0.535208
0.574444
0.572332
0.565051
0.587239
0.587239
0.587239
0.602258
0.605265
0.605265
0.605317
0.605099
0.607135
0.608773
0.622921
0.619669
0.5876
0.590627
0.640045
0.643572
0.646943
0.653748
0.657752
0.657301
0.658663
0.648872
0.641257
0.670918
0.670918
0.670958
0.675996
0.682921
0.687313
0.68909
0.689074
0.692009
0.694757
0.690218
0.685726
0.709139
0.698686
0.698686
0.692565
0.691318
0.720634
0.722593
0.719594
0.720145
0.722569
0.731878
0.728666
0.72776
0.726288
0.727033
0.738303
0.738303
0.74709
0.749065
0.741462
0.742715
0.742886
0.740878
0.741461
0.7452
0.74583
0.738665
0.735535
0.735535
0.734998
0.752164
0.749346
0.747834
0.746805
0.746805
0.747369
0.756779
0.762292
0.765158
