0.5841056921178698
0.5829462350601623
0.6064503639297103
0.6340097835149593
0.6275761426435315
0.6173836124343266
0.6344297406831672
0.6166883360070178
0.6040814229862597
0.5888791717584626
0.5960477923219725
0.5796672171012976
0.5632858714187166
0.5670135207961393
0.5499715011542187
0.5349148648756845
0.5173271256022289
0.4605469605592419
0.4759847191467105
0.45878893085716044
0.4519113702346888
0.4310123150634713
0.42739698553999655
0.4105043740195367
0.39494387856578606
0.38034375505592033
0.3772696362120478
0.3637593729081609
0.3490182022508639
0.33541264357436534
0.33478727349613013
0.3217441512275106
0.30959582755590187
0.30901590867835244
0.2964950404932258
0.28566734458434745
0.2854577547791332
0.27528081276790406
0.265263573807654
0.2545936291892768
0.2460407633253588
0.24637718126616406
0.2378247776172542
0.22944338974318193
0.2219167353600273
0.22242718996272667
0.21458495056292148
0.21444893339092264
0.2065086753142287
0.19845861339755755
0.19114322045589613
0.1919746188865727
0.18478495716848492
0.17758254322100167
0.17855436130924765
0.17186702748369004
0.1615830299729354
0.15493333392696196
0.1556688335178282
0.14940401019985775
0.14312916715980092
0.14397998229072337
0.13753790170868682
0.13147119396326612
0.12599725127652928
0.1262677835989328
0.11771487027645015
0.11198042420183472
0.10658318830552564
0.10697475572091276
0.10144939470214215
0.09591253905984552
0.09643424391771396
0.09080634201915302
0.08532848478422755
0.08536535048399387
0.07677602023018644
0.0710806384387055
0.07092003315253988
0.06519370690299303
0.05952913260961593
0.05368801555545108
0.053480910896025656
0.04766513800578278
0.04066595725769259
0.03304844584550782
0.0326042796268871
0.026436601159775315
0.020241661906378636
0.019294545498695505
0.013211274563394111
0.0070192133151329855
-0.007519808089285133
-0.0070425767955949415
-0.011858764674411923
-0.017830960925725236
-0.017118802899739705
-0.022177679193078538
-0.02705638813629605
-0.03359147701521383
-0.03273715018858751
-0.0379695245276541
-0.04297416660732396
-0.042465532733463145
-0.04794584249014262
-0.054294979762661434
-0.05460657644607357
-0.060600101156016745
-0.06288757988799769
-0.06470409868545889
-0.06618695944541947
-0.06008314230479691
-0.05540351912637579
-0.055331714221415605
-0.047511396019780015
-0.04163437549748975
-0.03527414830617346
-0.035109356637014054
-0.02864394416503419
-0.022111015145242614
-0.021931338150495902
-0.015307015024652565
-0.008101851459771743
0.001040197285321974
0.0011856740074649413
0.00723647808776274
0.013168569057208085
0.01877006771629538
0.01931906229803324
0.024987718808268798
0.030532660036071187
0.031088469719660568
0.03650526254665264
0.04186305493780747
0.0489913558695422
0.049200293551519156
0.05413319309752864
0.05872575251982488
0.05901395989014838
0.0636184556808735
0.06757653641811676
0.07183932659463657
0.07225743894700913
0.07609156176097928
0.08185231517517072
0.08225205399043052
0.08225205399043052
0.08602243259101106
0.09002991459030474
0.08941873330964328
0.09275501134310415
0.09631191103137582
0.09577260171190152
0.09937919276824767
0.10488315961418133
0.10478053932976339
0.10817200341149229
0.11174487964544295
0.11565853813510982
0.11555617475597335
0.11960698075960602
0.12373365194118761
0.12264360116348615
0.13199798634613044
0.13711806537896817
0.1363282289307446
0.1411964879088465
0.14589057019121365
0.15015955671371645
0.14965989035497163
0.15447284493257346
0.1591605287618464
0.15852899706539034
0.1635477240777706
0.16845710006514067
0.16674843287257451
0.17191133736658762
0.1780919364142226
0.17573566940198862
0.18209120380490548
0.18852851689311936
0.19503134839650085
0.19337021889670894
0.20036325111504252
0.20804015197484138
0.20564320324115523
0.21313389179503933
0.2232977302130266
0.22124350952528424
0.2288081607857248
0.23815758685388277
0.24829172451182024
0.24608390048202097
0.2563586028009964
0.2668476711902861
0.2632867230144494
0.27416774831928725
0.28626446479743456
0.29712242196214156
0.29505800568585494
0.3051855514171558
0.3156216579468165
0.3060085955211424
0.3298167941392231
0.3399246853534071
0.3407535334829259
0.34939651830910645
0.3621384113001585
0.3627781191087713
0.37250449732102636
0.38477923267498887
0.38276229766822123
0.3930136835000083
0.4082926711283564
0.4208596674475299
0.419176217705433
0.4317365605648546
0.4401256735987917
0.44250476496046925
0.44097306782229934
0.43045691233809724
0.41860394599940565
0.4214599141905547
0.4084512791916993
0.3968393753385783
0.3844241658784292
0.3873234065777707
0.3751853352553617
0.3633242201130012
0.36616263100795604
0.35333519313440526
0.3396976494270225
0.34239737915993607
0.3275955383636061
0.3161619736333852
0.3194482607156433
0.30683377633996384
0.2959021561483655
0.29893082838895746
0.28901151596794994
0.27894839959887513
0.2823051305185988
0.2720471813649505
0.26040691393479437
0.26292724917381605
0.2556066352977486
0.24765929768055153
0.2404602567713318
0.24271158679043073
0.23543849151091703
0.2268806650176905
0.22893904775266394
0.22084108048004802
0.21550509759522024
0.21789797344969092
0.21220020121425007
0.20782777398925883
0.2030973711192394
0.20440467896097517
0.1996617247970409
0.19525283677580235
0.19634264301767923
0.18955670043424871
0.1862965874398961
0.18256805170025658
0.1795319207916783
0.1808041615573302
0.1773862696335023
0.17431682881961152
0.17116416942307744
0.17158357073844682
0.16836250379496173
0.16986808139223944
0.16731771187667735
0.1644416086478786
0.1623657018068758
0.16324038655178313
0.16106756495685184
0.15907544165712284
0.15972909580242023
0.1573544909352339
0.1578974049566785
0.1547820274538112
0.15337582578370787
0.15170224926233014
0.15129798823867138
0.1497082380932431
0.148065915922073
0.1462820880747421
0.14479245188773582
0.14319313726248628
0.142132494730119
0.14033709847665127
0.13885423250591417
0.1369583810357577
0.1355278461956319
0.1337321169489184
0.13113066739820842
0.1294683401802725
0.1273537971652684
0.12423629567610864
0.12251236446163284
0.12120813563521479
0.11845680215372748
0.11636163348433076
0.11612825326224457
0.11413060164328108
0.11180121799532175
0.10739511144513583
0.10734577644777224
0.10373092331706295
0.0903670375134644
0.09557108842675018
0.09769772208905712
0.0967222467592284
0.09900046332216905
0.10124518790659992
0.10166053882860572
0.1032137328268093
0.10504721902776186
0.10430690476725674
0.10570266143944387
0.10852979131997403
0.10783751826705977
0.10961115902895993
0.11299547912762427
0.11134217803678916
0.11617800135221833
0.11376903848180564
0.11471286039962177
0.1155324122818701
0.1167713575859754
0.11842455778398697
0.11977655913800742
0.12123793236363165
0.1234821079919706
0.12459968925575356
0.12714300616574153
0.12901408997667227
0.13125897375162165
0.13298222431711998
0.13541688351865114
0.13814179602471643
0.139627213718789
0.14182013276863734
0.14434164959178516
0.14638579244791783
0.15025175159292214
0.15301151157207118
0.15359512954858545
0.15670372341949879
0.15927650561448845
0.16191289189109254
0.16417033729386382
0.1664897963428698
0.16822583857218154
0.17073818219980377
0.17306585174961026
0.1750031841087968
0.1771230623678296
0.17921279601574874
0.18161169793247944
0.18282274768458043
0.1853097987399212
0.18742956839676725
0.19028462807263344
0.1909165428640311
0.19309883462305327
0.19549879220496597
0.19488896868509112
0.19794384934742965
0.2001282352226778
0.1977917611712608
0.20288295973621287
0.20504024809791394
0.20517609681039709
0.2073542114086796
0.21000935060622714
0.2096929647542815
0.21279684371950802
0.2157594422167872
0.21462338355233115
0.21838298767486128
0.22138778829117092
0.22005479875046596
0.223180577818414
0.22642138125338543
0.22982210026762243
0.2283717270434481
0.23207388707687784
0.235960023440607
0.2342240374812414
0.23803580291744894
0.24281014301108012
0.24743481589194852
0.2519197112225016
0.2491358410171743
0.255981242679561
0.26243206644805683
0.2597322508667559
0.26475104096629326
0.2735668524397159
0.26986373359639415
0.27654646498610347
0.2848515743450983
0.2926793704463655
0.2892486551528318
0.29884847613212656
0.30756124832380716
0.31618322732951626
0.31283517148775275
0.3203495358692262
0.32651545939759874
0.32391916014456795
0.3336026799331224
0.33015428603636715
0.33606077491870706
0.3521979888093645
0.35258940527679666
0.3619746488621113
0.3735463210607919
0.3845079644296213
0.3859051752101902
0.3953760857035039
0.4085271729147231
0.40662613089518607
0.41873536644941417
0.4345012704621637
0.4476105868927571
0.44583018373538863
0.45932530334862787
0.4760714294163105
0.4767416716835219
0.48813083061046303
0.4962477313081388
0.49808451772427026
0.48204617840424513
0.46888990785609114
0.4727301691330172
0.4605259556988179
0.44766124813812086
0.4343158812851177
0.4387659749273328
0.42497629978369583
0.40447658126535396
0.4050540182748455
0.39380812043771246
0.38311169188559746
0.3846983773408665
0.37242431696509837
0.36186392825199426
0.3638332615188467
0.3535828060106908
0.3445600593029495
0.32937997579579587
0.33126000693293156
0.32156606644298064
0.32524711826062086
0.3151724969328059
0.3058815026569061
0.29672658120033296
0.29995642757033747
0.2910309089578251
0.2827953079726789
0.28612138062393677
0.2754229756561087
0.2772427065673454
0.27106459942952155
0.26393032979557907
0.2581300447214365
0.25972583457333076
0.2540311099268196
0.24939817485361318
0.25262761467322054
0.2407765446088127
0.23625560909070492
0.2376288235646268
0.23334122833791635
0.22954864838075803
0.23041596082903323
0.22747406490448355
0.22440437733910057
0.22622780056133882
0.22117006425924624
0.21839643005475562
0.21958229874471277
0.2171677432902585
0.21491243870541282
0.21246961889931623
0.21388266527631306
0.21161000936743077
0.2111632323801116
0.2086315380779159
0.21088083269099026
0.20750886439222543
0.206086473464548
0.20509426407117481
0.20548744748217854
0.20484901469292552
0.20419168300252832
0.2042839963668366
0.20259698223572847
0.2017292130815857
0.20126606904540895
0.20039490324125234
0.19970360483633273
0.19916021195834283
0.19858123765301375
0.19814122642408954
0.1962425090169881
0.1958065032351189
0.1957386275416166
0.19364700612598398
0.19267127166994139
0.19244577258942955
0.18866526333760117
0.18907488603640504
0.18783099503932527
0.18703708359736668
0.1829968099110039
0.1836923955873249
0.18387624995449708
0.17895463946587184
0.17964666376930752
0.18054266093453178
0.1742224568396927
0.17532249976432235
0.1745501094956032
0.175601942378844
0.14700491948998368
0.14133637919732653
0.1609679415679456
0.16460968090349826
0.17193441331576045
0.1738668148345904
0.17708090675837976
0.18313541143206996
0.1850222142565751
0.18798012366541067
0.19179418304614623
0.1992291640736165
0.19858967792215232
0.20181313783713878
0.20147014452252157
0.20456272963217734
0.20227092821400738
0.1992330437792786
0.20187283289884653
0.1982658207503705
0.19852189551038754
0.19650421102239887
0.19978956875899925
0.1974713699911702
0.20066831472053964
0.20133388306567798
0.19981250363837272
0.19793605054267313
0.20295473488895344
0.20218708415678968
0.2023857076623691
0.2065304345317783
0.20444905024375096
0.20371641160053394
0.20783228973886836
0.2084878039437272
0.2088825227521376
0.20942833424276286
0.2124341283351752
0.2143359869747489
0.2149245662020847
0.21823453572053203
0.2273655686459446
0.21977107010884225
0.22479393659009983
0.2243069274739184
0.22448392929808908
0.22670095278132843
0.2279193885255382
0.22916623337522463
0.23112918135074825
0.23243811766505393
0.2348985329909927
0.23372588160822821
0.23708885349439912
0.23981636286163405
0.23902841407897607
0.2414113448438055
0.24347413440879223
0.24653555353970563
0.24641528819324915
0.25052344128764525
0.25293400753528006
0.24997704020682868
0.2529499990169509
0.2563333204050854
0.2553323731389088
0.25878912264910625
0.2624112837198284
0.26567038443798513
0.2639147753294735
0.268502288906553
0.2719680873041195
0.26981996179299134
0.2738811402919138
0.27928063403230974
0.2762693630065446
0.28085694401770267
0.28531504082679
0.28388176831917245
0.2870551175702445
0.2879879492942578
0.29957003878705096
0.29747493587031687
0.3019965287697439
0.30744427367392757
0.3137850362620255
0.3115154045707244
0.31838726138342893
0.3254731433102731
0.32269213825509924
0.32818648692293734
0.34552171006003524
0.3416630302183119
0.3513627407033156
0.36082259673252604
0.3568935644384477
0.3683955845116794
0.38011534740960046
0.37366049786777705
0.3951612645449738
0.3997563741922486
0.3996980977104416
0.4086377270640971
0.41844165135046785
0.43434434712335396
0.4301523709116099
0.4445176373316926
0.4614948129719641
0.4590104565780147
0.474799394854339
0.4880553583531974
0.5009927466568547
0.5007139958823892
0.515037367329884
0.5301598123482651
0.5481153317992857
0.5655498680307313
0.5663812771564672
0.5756683538245523
0.577591915821256
0.5652383463892361
0.5504787193750108
0.5380520563750916
0.5407787591860873
0.5284356915141718
0.5102150650655479
0.513048725476987
0.4966099352805828
0.500403367865372
0.4893339789497427
0.4762265555285333
0.4635462268051594
0.4688644789755739
0.4559476953997095
0.44325204798019563
0.44808126250444114
0.42716440480449525
0.43145290484124393
0.41871706812468407
0.408610445166839
0.39921809660128804
0.4055407056668388
0.3935906655440836
0.38434412985323274
0.389530263080449
0.3815351569217209
0.3695981931945137
0.3744782145832493
0.367608594295538
0.3586830147201728
0.35057371198431003
0.3551313310369744
0.34747809646024247
0.3442837547629621
0.3379009960294582
0.3334180234905229
0.335403066841071
0.33166420749819814
0.3265234108325279
0.32786795706101635
0.32466251656544254
0.32135417986944426
0.31780308184316586
0.3189132406954495
0.31368037206216925
0.31328973770875834
0.3112048466188999
0.312861123805857
0.3108932508388345
0.30820264672751857
0.309984610299934
0.30863301019651956
0.30696162012419337
0.3062523160714087
0.3098301985813576
0.3116644265998494
0.3114995164289981
0.3074730961922522
0.30968045834408087
0.31129011895112746
0.31151110512637076
0.3120824124030284
0.3144086887194042
0.3151643840664922
0.31585979762097777
0.31693747161314867
0.3189730910816124
0.3182719915058665
0.32072861055341106
0.31987209966754815
0.32146511485533064
0.32323313733592335
0.3207981101134803
0.32191463178065804
0.32430149800516767
0.32589700597833404
0.32216550036338687
0.32513014602963136
0.320281659529567
0.3226539917199526
0.3262359129043285
0.3170527217850124
0.3260988571211802
0.31948845077692006
0.3236943958164758
0.3281282296626641
0.3198356960244838
0.31838202395742987
0.32764667097729977
0.33374422685762617
0.2760593970235823
0.29109038180712765
0.30391347078986314
0.2987779985762242
0.3103669157956376
0.32195619363677025
0.33245304417351745
0.34769774440635637
0.34836285005905715
0.3532267417498556
0.3632019638194457
0.37306812079858326
0.36964667195021156
0.38470570171254825
0.3891688412241283
0.3856486639811703
0.39348410186808774
0.3885675897614335
0.3913270426531219
0.3848902431678715
0.37766664982484516
0.3800208557633457
0.37496610163711214
0.36829556076708114
0.3713141256712255
0.36585398930467977
0.3696656409146608
0.36331212575042426
0.3592645355183721
0.3634948768187432
0.3589019137352434
0.35492162299903013
0.3603530533904806
0.356207516424101
0.35206499419652243
0.3576790036765297
0.35327607450594795
0.35603146226301846
0.35290368466128225
0.35018586462412216
0.3557099876363222
0.35441659822350075
0.3532649837035418
0.3538836040423967
0.35777846601347546
0.3557453511186932
0.35828158636030444
0.3616470214534487
0.3624566722406676
0.3597821740349863
0.3608754790770408
0.36468937475860624
0.36447577138306897
0.36624871464898184
0.3710835170456514
0.3716327585496572
0.37626959580683383
0.37534517977265774
0.3780543047449314
0.38014051404517396
0.3833984170510515
0.3849643495003706
0.38687897173685004
0.392089852545328
0.39360566530369523
0.39858754073166275
0.3997664639897151
0.39613435486837595
0.40276927552248065
0.40782247380529246
0.4073869367430194
0.41363455960006984
0.41849201062798974
0.4232511321325179
0.4212148195290672
0.4319261756100134
0.42862545593142837
0.43650130927644454
0.44189655437028147
0.4417437490461701
0.44778837601655913
0.4546945478145045
0.45368903895620316
0.4611269413829393
0.4599950085069978
0.4627607261797434
0.47415700432634944
0.4818957227614432
0.4809300704508354
0.4891965522939991
0.4991868668093594
0.5091522454749341
0.5054813590367004
0.515629732344212
0.5281718175606914
0.5248914871465805
0.539947427934356
0.5515167741851444
0.5634911857778965
0.5634388997022058
0.5710072659783135
0.5846341749018006
0.5787015691527063
0.49389347155062024
0.5531570165676893
0.5634132322832521
0.5560720069596168
0.5637690808802658
0.5846006502576898
0.5749212287554804
0.5906329792178937
0.6082585989377556
0.5988630316706512
0.6394160927332969
0.6372364761361063
0.6538705575778561
0.6734625083741219
0.6697602759276841
0.6975321732049761
0.7168121027950557
0.7177067196903446
0.7433658886023555
0.7699389342706795
0.7927751078481597
0.7932932652251495
0.7905991289811113
0.8132637287918295
0.8026637017352548
0.7947392457569248
0.7794143258420889
0.7700248320988593
0.7698071687863155
0.7471032840917967
0.7494087838796144
0.7266470686551215
0.733218676144302
0.7441788604759076
0.7039665338004126
0.7035671925741035
0.6892286290903329
0.6699896888092209
0.6637009210183993
0.6642701318940265
0.6673988220566752
0.6607725223870484
0.6434704236370833
0.6449462944875468
0.637946272991594
0.6276984869626763
0.632839829110676
0.6279987178514582
0.6145804742168586
0.6207375524762127
0.6105988040754977
0.6187035923102472
0.6072844251349342
0.603199218687637
0.6083646823203941
0.6044549272748772
0.6028471685711619
0.6076858803979327
0.6111010773488148
0.614311956341773
0.6172963834124551
0.6256301154060615
0.6262694804351383
0.628821755302611
0.6395399284370511
0.6397028396506356
0.6475558763294751
0.6360068034637245
0.6696480414289095
0.6603189867009314
0.6819924010004287
0.6896812007196154
0.7012670349785136
0.7043042399064507
0.7169480359639389
0.7330719251220416
0.7279226495638269
0.7487385058937692
0.7696134563501136
0.7905718821499554
0.7838187414887459
0.817331337846932
0.8654550620945535
0.8824582934575492
0.8853747028120099
0.9305186249280883
0.9030514353670445
1.05663569409509
0.9971251582151365
0.9905073794926413
1.0464061589617535
1.1037169043315602
1.1107374613552383
1.1657334306324247
1.1726247712048123
1.2440394977233782
1.306752212100559
1.3026204859418722
1.3035038232393092
1.3727315945464473
1.4575776240164384
1.4466681448403858
2.5138963868663557
1.5781552855730272
2.582425092059856
2.2387202389423115
1.1053944570094225
1.1314570603012402
1.4248371823335833
11.035035211894396
3.562846566235379
0.8300098931040794
1.5889154017338165
