0.018278236261950447
0.018021071072860183
0.015136742327327469
0.014114508403171631
0.013269524851609954
0.008987239271196937
0.007624182850856334
0.0025931514963807834
-0.004801943459345391
-0.011155101847037493
-0.01221685396221565
-0.022407097750392686
-0.03066291801001421
-0.0350309834307289
-0.044453483534673204
-0.05427812964706058
-0.0590859242026491
0.002614619461692533
0.010349675575776505
0.010695306198183478
0.010884541096185646
0.027447145879778836
0.027522782509372262
0.03945317509966349
0.03513148446386048
0.031583699607932926
0.03484883887750982
0.03144073789814766
0.02642039673844866
0.016605123975909696
0.018779274691540122
0.011162185282739925
0.006193176359867502
0.007638572270630179
0.001522643635008259
-0.0015798285520097514
-0.002535816705263275
-0.0035576277172388007
-0.005962111169360913
-0.0057700842204789025
-0.004209877503965121
-0.007469104334357006
-0.006188683762148473
-0.0034540196437702823
-0.0015250071133534751
-0.004731561742024691
-0.0023845623438494903
-0.005717743343404287
-0.002323185614386398
-0.0004627054101824131
0.0004246793721541696
-0.0013171434668180295
-0.0004800404860541474
9.709251681354714e-06
-0.0010278608363470134
-0.0004900966291569638
-0.0006455087494963859
-0.0008190286689325883
-0.0018750777223580585
-0.002087346185055841
-0.0015721065481688022
-0.00387407266080416
-0.0028331043854063426
-0.0014592228353940636
-0.0008543203178246846
-0.0048569939641956925
-0.0018590140493801542
-0.0013549797943453487
-0.00033979141874434414
-0.0029814148516039423
-0.001805358573611283
-0.0004969205777562777
-0.0030306326152372462
-0.0016199064972677675
-0.0012750705901028345
-0.0016524159868175007
-7.821323525407405e-05
0.0003636641372318112
-6.616483730618103e-05
0.00018270914592433504
0.00042446011097652364
-0.00028402993139826796
0.0006916725254445735
-7.604743461927437e-05
-0.00026167574428164343
-0.0023228856283682023
-0.0001576749672443625
-0.001276161913612554
-0.0029967440451997363
-4.947835305361646e-05
-0.0015855417274521636
-0.0031232374576101304
0.029437637784088505
0.02597833242149182
0.03282434091682911
0.042437116135073234
0.04096963803326928
0.045745304565425006
0.044064695379516974
0.04260982208901706
0.04371031254549003
0.03832124612371438
0.0316399933453491
0.03289717846020202
0.026021529790512983
0.020462399805934624
0.021771895919026358
0.014876116255762323
0.010617286497272638
0.0076897195983263176
0.006739036394103655
0.004799324519839767
0.00409707692889077
0.005840745491261338
0.0010624504229391873
-0.0002204806654990637
-0.0015940927652446015
0.0023862139788010934
-0.00017150949191121445
-0.002283476215694784
0.0010835293844243734
0.002230447183531675
0.002613108174896939
-0.0020355283066440257
0.0008112150676423399
0.0007146400034308948
-0.0009940626506229754
-0.002359874712463222
0.001042657157318039
5.559650926500217e-05
-0.0015056961725416205
0.0013982674887533233
0.0006027280256168045
0.0006748607373007645
-0.0011724363137557558
-0.00024916773463596215
-0.001348725146179494
-0.001565556247003324
-0.0011905995072428886
-0.0016338935828991577
-0.0016662041719933214
-0.0014952728638710133
-0.0022505860693622136
-0.001866900544566425
-0.000641747516448355
-9.86707350555241e-05
-9.86707350555241e-05
0.004821923763427321
0.0030919656750516555
-0.0022656420445145557
-0.0002803717209170267
-0.0009494024238620484
-0.0038572644188206305
-0.005461413591212757
-0.0038647449937266464
-0.00755435630995448
-0.005934693162112417
-0.0042302755060134745
-0.001728376359185716
-0.005145497358986554
-0.002628090225175171
-0.0018548326412583325
-0.005742065409827353
0.0005987006620913707
0.0010578393732092904
-0.0007840185645422121
-0.00033905884556798737
0.00012933203506385854
0.0007128046887746743
-0.0025199184515753374
-0.0007631245171385157
-0.0002283644286608795
-0.0027528871124498774
-0.001059845795615414
0.0003607067177240018
-0.004236045728256391
-0.0021573024545111746
0.00028828735574620195
-0.003108553314543448
-0.0017198929835387138
-0.00018661817407325334
-0.0005630608732239443
-0.0021722303429126417
-0.0016312407508613336
-0.0014002648883583249
-0.0022119996853001644
-0.0018275961832876686
-0.0015437518161890795
-0.001563884124085907
-0.0011794868417339117
-0.0015220614386647776
-0.0018819344578080517
-0.0007399697070309707
-0.0013259753936026653
-0.0021518937195303457
0.0005949920776526637
-0.00013469016252031106
-0.0012428491008077843
-0.0016031968648659825
0.0006826464005393051
0.0011593256193785022
0.0006942590198939485
0.02214166020101109
0.024914966817272604
0.02840747011188424
0.02689009690397207
0.029390288350785384
0.03163245015668695
0.03224219009086053
0.028617969748392535
0.025555685649014382
0.026130687823848295
0.021586773735514087
0.014905074891985842
0.00904421792690839
0.010834569844204162
0.0033979633152445817
-0.004743500941527588
-0.010803238922955743
-0.011086541990612193
-0.011158840898100757
-0.00949025059487249
-0.010209206128970888
-0.008123790020151147
-0.007736442709834677
-0.0066358838083761555
-0.003889673510097732
-0.003191419911912052
-0.00352742892493413
-0.00018259718047253148
-0.00015361745276418746
-0.0007404983413291078
0.0025103405935928587
-0.0003010848148846337
-0.0019763154936096442
0.0020893047349302566
-0.0008787403160470734
-0.00353246866650325
8.592139899518726e-05
-0.0023201887119058723
-0.003991002086250372
-0.0009382909220733963
-0.003209178793204911
-0.005516028397618514
-0.0037714893608388244
-0.004401177640325856
-0.00516079651645302
-0.005070177682694761
-0.0051259491704689865
-0.005438520011055938
-0.004547322374564897
-0.006192215864412849
-0.0044085247629105425
-0.003909518314759473
-0.006661667486349349
-0.005492107851089309
-0.004385548542293824
-0.0012730534413172173
-0.005032293533217266
-0.002591484363172528
-0.00026350015750021736
-0.004407619676053489
-0.004310988118154899
-0.0042466087646862985
-0.000645560816436208
1.4807316779492763e-05
-0.003845907528155046
-0.002070318461075128
-0.0007631667098749578
-0.0015857367092287189
-0.0029218883258194644
-0.0018094595184518412
-0.005447298155375616
-0.004965639955319526
-0.0018659819852086847
-0.000650369550966973
-0.005715954056551307
-0.0029388423432294684
-0.0004491881818191522
-0.004395827488581525
-2.2420595204216174e-05
-0.0028293143042983646
-0.0006961289788783101
-0.0005013556121106296
0.0026597037517914006
-0.000828735605888843
0.0007301711638591075
0.0012416326243109696
0.002014771946627868
0.0008102232980970029
0.001035054185397153
0.0008996558475586815
0.000954983378811487
0.0006733250174819553
0.001420454555736007
0.0010074654519288157
-0.0001328970336326359
-0.001060746177126685
0.0016971311406811435
-0.00147092885107913
0.0014673304439260149
0.0007495487439328447
-0.0014064864485199707
0.0024460509456257456
0.0015067634743662973
-0.0009561736500979749
-0.0018139915113027374
0.002828216615350994
0.0024647077993414685
0.00024378294646158126
0.0038350392616326888
0.0173552146398773
0.023875305860074324
0.025177480086171683
0.026039305164187097
0.022820219362188792
0.018932089530454648
0.01953879252457085
0.014937662257087139
0.010034169892892113
0.010414882702656324
0.005507855894460093
0.0011671112450455186
0.001585388132492708
-0.003104425412808093
-0.009556147376321721
-0.009656016419724073
-0.009810708988597884
-0.006237087641123195
-0.00713383640801427
-0.005529463625460019
-0.0036027838622081135
-0.0029921080518307054
-0.002756076890064345
0.00025223116560278724
-0.00016011823014456066
0.0017694013884935807
-0.0005389449421519136
-0.0007928901133873712
0.0031640319162175197
0.0009341781467967264
-0.00033950652683467837
0.005205717032169705
0.001012072671482321
-0.002569849895247496
0.0023239038636640795
-0.0017599644223126457
-0.0022023921808233425
-0.006984010667313863
-0.005609223579561713
-0.007130719294160218
-0.008580082470849862
-0.009293853127306859
-0.00787368701644798
-0.008607516849162392
-0.008840919544175664
-0.007549532744266099
-0.007193924380208712
-0.006999936294037121
-0.006480792681795761
-0.0077623832793335245
-0.006131388741126936
-0.00715115335029052
-0.007257864468377052
-0.00531554904119445
-0.0033912371934815247
-0.005553025622204645
-0.004060246066026567
-0.0034800827510636434
-0.006806406261904932
-0.0034276396654592013
-0.0029388227263610375
-0.007065927699885127
-0.004809424178143216
-0.003453102530785019
-0.007837496658439155
-0.005996035828172165
-0.004236522267539996
-0.008188875001675328
-0.002965325081139141
-0.0006230817802308375
-0.004564938042621828
-0.001502974544177597
-0.0009458909347486696
-0.005969987834434697
-0.003705576495499149
-0.002332434859925312
0.0005599570901078871
-0.005864731911799457
-0.0018171676314018075
2.3314409726161233e-05
-0.005510666291192507
-0.0029675327225541777
6.35082728984647e-05
0.0013343117668060695
0.0005606601121053774
-0.003333280556359624
-0.0010031183318543672
-0.00057689761735447
-0.0022832681178009562
-0.0019578452166982958
-0.001052481983007546
-0.001780993083601431
-0.001258851308066057
-0.0014461609151383728
-0.0017496764918898545
-0.0002844646319121472
-0.00031745168739511344
-0.0005241434783807127
-0.001019190696038559
-0.0016848988246486265
-0.0009058274230591482
0.0007186496244652048
0.0009665028736374216
0.0011084897595141847
0.021238717498054192
0.02088603301322405
0.042847764682699734
0.038996965549362314
0.04345683185517613
0.05083199360175862
0.04503651549274839
0.045687331811157125
0.041250317360143986
0.0363259359960645
0.038185995816690264
0.03204880203595224
0.020901874714319833
0.01134028203669573
0.012221976752226853
0.008192254420988625
-0.0037323604417828196
-0.0015697968138585065
-0.0158716549532928
-0.026816071733995448
-0.027905068161231443
-0.027272870849477264
-0.024569971769502506
-0.025999870466283666
-0.02277987591006413
-0.019679486503208537
-0.015634067234627926
-0.014275743726529245
-0.010368824080148855
-0.0072527490750759985
-0.005911904609089088
-0.0042005903889112475
-0.003365621373081811
0.0001605107929434757
-0.0010497537747770054
-0.002025847119888342
0.0017186741745057552
0.000199831513035216
0.0001848571773146632
-0.001779023976391617
9.013625123028405e-05
-0.001602380808870266
0.0015283031128278952
-0.001417962579563816
-0.0037139834788886016
-0.004832412528871337
-0.0034074267650846934
-0.005313851426246433
-0.006432816298633515
-0.005353034833544184
-0.007814570543475884
-0.008507683738976249
-0.0073197315067565745
-0.007857947854497343
-0.00613133636877748
-0.007912867074526033
-0.006306871593193991
-0.006051592015583616
-0.011436986307811486
-0.009881226093681918
-0.005505223615753544
-0.009984876273584459
-0.007228498414796593
-0.0021827118040528793
-0.005577616977534653
-0.0050998347004294585
-0.0022197595827931245
-0.009297098076045214
-0.005438581301700055
-0.0032516057311738037
-0.007378063558956918
-0.005927211504810623
-0.0037820817649796947
-0.002677115971560438
-0.005775905185174092
-0.0050622801054718315
-0.006061938629164271
-0.0008292641669964959
-0.009430244686475363
-0.006799819400293904
-0.004869536070111811
-0.0033494808118660954
-0.007449044608090026
-0.004751143165696982
-0.002186477475710456
-0.006804729814173629
-0.0015854923150321234
-0.004079659090101166
-0.006336911801114141
-0.004873109930354732
-0.004006428781314687
-0.006080344042984739
-0.003965678333267465
-0.0023442809539976576
-0.0035297345659554722
-0.0013976435884582765
-0.0004832590578937583
-3.3225385894793484e-05
0.0010304869843025012
-0.0004522250364657068
0.002275569116502369
0.0004535346072425212
-0.00027753759218068856
-0.0023744834419902614
0.0013329454584611186
-0.002199924027861065
-0.003675947608039925
0.0010753894348007127
-0.0013767044709866933
-0.0036798019083267002
0.0027310727740401403
-0.00016947338016186744
0.00023291821800921727
-0.0014796241929547849
0.023758814003650035
0.02704586730452787
0.02749600460089248
0.031035964321673944
0.028558609380678116
0.029916299325129916
0.02400192468426479
0.017764037528244937
0.01737198019865697
0.011372923553287713
0.0073939205025917686
0.0008124296154385468
0.001737909892223565
-0.007593058359500926
-0.010652821512169688
-0.010654558346330528
-0.010794106810766157
-0.010621129457882529
-0.010267884757771786
-0.00915671087276333
-0.007624615188103251
-0.006156048007753563
-0.0073876149176486635
-0.007924038006498548
-0.0055556984012858435
-0.003969701517477367
-0.0055537594921152116
-0.008378302787652647
-0.0035338841071128435
-0.004919049705395374
-0.005204183901871856
0.0017108527582708325
-0.004457132186617979
-0.006353704333144514
-0.001423114418960651
-0.0030809407949676706
-0.0060095259909836805
-0.007320453034075329
-0.004613028640617427
-0.007084408102948069
-0.007431217073895077
-0.005185873384268415
-0.00701965414990503
-0.003323668330227377
1.4217972195832938e-05
-0.005505810198235442
-0.0033949938531978377
-0.0014339184983562295
-0.003827748294803444
-0.005023342958235438
-0.0067397028335928096
-0.006914291385532224
-0.006773484317475189
-0.009156934921025834
-0.00802020792862787
-0.007656200556178278
-0.010512875008156723
-0.0095969451350216
-0.007446221239468911
-0.004790450433348819
-0.007495178629946429
-0.0044265426819577935
-0.0067868688985686385
-0.012562716410599568
-0.01080129504539761
-0.007476591079673134
-0.009371471230432969
-0.007506724078228279
-0.0065691342079602245
-0.0046627703261682965
-0.008967235715608628
-0.004987262773173022
-0.0011257206734536435
-0.00807464556928093
-0.0009582797272395202
0.002203292269050899
-0.0037853187457613747
-0.0009473247308619172
0.0029996980271529868
-0.0036162560337949156
-0.005136783204116446
-0.0055745291904288645
-0.0004590364372867755
-0.0053097244911971585
-0.004050850702209227
-0.004494343518311664
-0.004304199580998492
-0.007215765377667178
-0.00624511336504005
-0.006665602102541042
-0.007827814426365157
-0.007430517235577464
-0.006479592121101167
-0.005323046071178514
-0.006681030236373149
-0.00634099063489337
-0.004401113584129903
-0.004319523748017354
-0.004606135771304623
-0.0020709882286178423
-0.003682546864144452
0.03938908367610221
0.033638158564826215
0.03963123980901022
0.048342215295906654
0.05345380552589231
0.05519606194037979
0.053999440007682475
0.04403762790669213
0.04579889268839983
0.04155957274921777
0.027572347153911565
0.01828781920735151
0.02063536721871079
0.01054856632675871
0.001710123900010092
-0.006689381533431626
-0.015214472671998425
-0.014059951672782024
-0.03010392373601589
-0.031152562520633316
-0.031055237169049597
-0.025022559751789533
-0.022442366921570242
-0.02315933578684201
-0.019336277873737737
-0.014897088967699776
-0.011074966271740736
-0.01242810483487756
-0.011709394005644531
-0.009092095330172285
-0.007656613047808588
-0.0071970740097964635
-0.003744156414348686
-0.003942149494304946
-0.004562256388817003
-0.0005403364441484892
-0.003978112492455665
-0.0032012209601852016
-0.0037967614737520303
-0.004371610207240851
-0.006064305876498724
-0.0037407024698151705
-0.00407309009856833
-0.006104761427418934
-0.0024724111168219873
-0.0029748153382154158
-0.007560550819308993
-0.006703846126302751
-0.007171537641773926
-0.009102091878982333
-0.009094352926993888
-0.00892198592973487
-0.01112936734560682
-0.01129021690135994
-0.009499346235378894
-0.009063737547782804
-0.010547258632994053
-0.011505932975066259
-0.009541286181651464
-0.012371140343904907
-0.007600848219282337
-0.008296839760175383
-0.004680303419481486
-0.011599726952531371
-0.010378830640622715
-0.007350225256765173
-0.005113101191590849
-0.010813297670667238
-0.010742552381128843
-0.006406498620105139
-0.011289257481340149
-0.005536032876245386
-0.004871395587156762
-0.005123733747705891
-0.011681613810354397
-0.01654506172270413
-0.02470777010737273
-0.011913832011699928
-0.004704889009323521
-6.487854627441932e-05
-0.008237401807574343
-0.004822747572086957
1.5359425958599447e-05
-0.006706023211643634
-0.0016778029802798752
0.0014486703505977312
-0.004877985730760515
-0.008525277053717716
-0.002431774752243775
-0.005124987275495036
-0.0020921828882093235
-0.00077957058613283
-0.0012114867356220948
0.0009854796550889085
-0.0007109025376760261
-0.001116974111985735
0.0012461474614449237
-0.0035902309768471048
-0.00034770776807445614
-0.0041967106293364686
-0.008214589639356083
-0.002022769283766523
-0.00866254207178905
-0.004340177781413741
-0.004749603447247048
-0.006780030398902342
-0.0005533323220282497
-0.0030078352118731127
-0.011059320711106093
-0.012834795985114677
0.04998386913079871
0.04038154701298287
0.044785688478576634
0.04581680303892947
0.0527879902439891
0.05899677975447404
0.05512417236907444
0.05249369125047813
0.0514495457851624
0.03637109001806156
0.028387608875479333
0.02187942981439792
0.023365989101305957
0.01706138874562488
0.004276141077654869
0.006565738158999219
-0.010132698497057219
-0.016590610336186692
-0.01566275407099795
-0.01853633900815051
-0.02071272944689284
-0.01916655385328994
-0.022602210240351334
-0.02159601608351985
-0.020920837054842538
-0.0188160946927337
-0.015963825794299
-0.017457945695905447
-0.015341544733586614
-0.011274342947959398
-0.01280927852584614
-0.011596697729948272
-0.005712324969558054
-0.00925780397618585
-0.011593181191114438
-0.006243248543853875
-0.012293938343464693
-0.0097772575687256
-0.013041494769887035
-0.015425947270578935
-0.011677143498286859
-0.014193198514851662
-0.016671586114405067
-0.017271353591140785
-0.014946430837669509
-0.01850718348813184
-0.017855402245164735
-0.016503492371774703
-0.017326404300614107
-0.020518537157578447
-0.020412673791771863
-0.01743843206192087
-0.019418651876233258
-0.019807183908180453
-0.018601362592881247
-0.018090611640361992
-0.017164072390659438
-0.017281800265190737
-0.015535554972416746
-0.015373667098253574
-0.014956015635869806
-0.014755432982549903
-0.013751966919533839
-0.0155309574588972
-0.016051195423263054
-0.017137171718215296
-0.018270262948573486
-0.02295615152300015
-0.019498062524466755
-0.016186464168750535
-0.018906991310549695
-0.015663825321773583
-0.01353702661037601
-0.011191143194894374
-0.018402949241813658
-0.008331124910357196
-0.014436007450254529
-0.010248600927978822
-0.007799140396899603
-0.014557248923748475
-0.012739457302765496
-0.01049272533345005
-0.018263058444132844
-0.018830696784593697
-0.023261758243005276
-0.021632542501619417
-0.023441561911285342
-0.020001118809825292
-0.028321596635141968
-0.027380195569080126
-0.02675969470036125
-0.023966791286705605
-0.02765434391127177
-0.028004210535680443
-0.023281912586632047
-0.025801330464193202
-0.029829011568240617
-0.028608307862919437
-0.029254272247853975
-0.03957493713511149
-0.036549126286282416
-0.03764514464504024
-0.040898134204457835
0.05608368432083285
0.06551486791656903
0.09153697687706484
0.08622419317386984
0.09241256204309659
0.10220522607744652
0.10087228606401565
0.10035922338209684
0.09337963996191369
0.09336596657489636
0.07279091114468665
0.07257226693034532
0.055663208407005185
0.04068857826609403
0.037813196728038054
0.03444315258074632
0.024100196586603208
0.022947679683169957
0.014782730267268947
0.01020259838370959
-0.0011475519813251484
-0.002277491041722668
0.0024900011933192976
-0.033783211517106754
-0.049807009742204096
-0.08036181101617491
-0.05224687885416296
-0.028235328363681166
-0.03178142239745022
-0.019934292865462503
-0.014031649079608655
-0.005400236279663202
0.003379062550292434
0.013883341650358979
0.03039810042282113
0.02250748683570344
0.027806042806585815
0.021819344495738434
0.022990482913159672
0.024852699613367574
0.030115094729192188
0.01847248165831111
0.015372571798482634
0.014775564587084235
0.018941553570724957
0.008631608805244039
0.013157107563362164
0.008637264569726836
0.0021433634605220156
0.007580613427991745
-0.0013811951982954027
0.008411429412413173
-0.009607250804730147
-0.017719104810574645
-0.011659778139343959
-0.02375959860576634
-0.032222961153474186
-0.02657917681813227
-0.03672328638086322
-0.05203454882136711
-0.05257156632313008
-0.051521944128412864
-0.04837955417993034
-0.05706667018972815
-0.04975407127517338
-0.05609550462062753
-0.061720834374872705
-0.06652451106767433
-0.06195023693476194
-0.0670821138058088
-0.06494197556952816
-0.06408546126349639
-0.06180254822179138
-0.06236110784153577
-0.05244724315862675
-0.04230364407543978
-0.05505111222338476
-0.03952216551850713
-0.015139662948801943
0.011142415053953835
-0.00859283022753176
0.004143611767628387
0.009296038813202314
0.012096728194266344
-0.010118639872171655
0.02886287351451579
-0.015437424140741753
0.07048883160388328
0.20727081596129596
0.1705860340017401
0.2786632889940811
0.3971393340608327
0.363092469877796
0.4699568938957888
0.41537531263888955
0.5633586575132479
0.6604223469366667
0.6826105716655546
0.6737431996196523
0.7421744977592125
0.9290315859412112
0.9083711196555981
1.2077695689912236
0.9591314873368866
1.2963633178735225
1.4825453261754336
1.221799340789941
1.2953226138804743
0.9583323100667371
6.480303663989096
7.8524335371510325
8.22105514920994
5.187666368933926
