-0.00010429227583668624
-0.00010549220907573882
-0.0010299547579139178
2.574258847765082e-05
0.0025002474905885413
0.0044587584504756535
0.004829178792413992
0.006650564761806881
0.010475520502049168
0.014680030884464224
0.01587979462120138
0.02079739451149227
0.024810795540923976
0.026930820161404554
0.03067491910660059
0.03371417685723854
0.03711963674708367
0.04476743773379083
0.04206415746865924
0.04654541225597044
0.04714676435693165
0.05323090172185738
0.05197482287306375
0.0570067704781612
0.06257928010501672
0.0685515096283301
0.06632302674858494
0.07316002567786248
0.07901264602863223
0.08239616680892423
0.08367978426633668
0.0884449482015813
0.09025715171725082
0.09358462543420668
0.09600512607631394
0.09962700569552062
0.10051606048567845
0.10371812471672898
0.10794173514928371
0.11305145258727829
0.11724352752715851
0.11668589339249576
0.1212335647346341
0.1256603902812708
0.12975465585906462
0.12986549132681344
0.13443604779474674
0.13325264895837688
0.14141188701692356
0.14347011138722005
0.14702236311668915
0.14798046158033215
0.1516178706391969
0.15548466879415257
0.15581088430223505
0.15945983411687603
0.16579450045001354
0.17072421547753813
0.1692859868877596
0.17393437538479695
0.17940279395087033
0.17775436014750745
0.18401534282828144
0.1903787839314757
0.19430851131992738
0.19583911682074343
0.20117110856954304
0.20608159174549004
0.2115482291742023
0.20961868449446033
0.21591424394188138
0.22252137833731875
0.2198994400277678
0.227137239076016
0.236452912330794
0.23580821303103183
0.24081980918225315
0.24896619047266966
0.24535587108681312
0.2536435068978162
0.2631290784240133
0.26983089679720806
0.26599703374829053
0.2743180796777619
0.2817194302005535
0.296389100001768
0.29412175694579396
0.3024033724938811
0.3125682651292237
0.3101331461598112
0.32033526744209684
0.33067437178776904
0.3290732384496682
0.3227436799625563
0.3352475318045893
0.35253874157612947
0.3460903737778417
0.3625149614452678
0.37399413618107524
0.38368656577675875
0.3946369742357798
0.3977933772012792
0.40468311927813305
0.4118250880185759
0.4175943398930569
0.4275199522139828
0.4226795931891805
0.4403291885606021
0.4461012079029708
0.4508361714034924
0.44572688334978755
0.44120943353404496
0.43295372708781793
0.43365478441296373
0.4217854822341306
0.41283159532271835
0.4021661742656
0.40565961469403183
0.3960548340374258
0.38776051012554974
0.3907222954177934
0.3845677496354537
0.3756024912722868
0.364741664279352
0.36807058348826344
0.36015927359806205
0.3534004122229573
0.3469099254451326
0.34995369702532575
0.34429812009270944
0.3390792352591417
0.34202868998305347
0.33793161999119625
0.3353452542214283
0.32768423640573324
0.3317447840021954
0.3259335809038248
0.3211643636982936
0.3241883727282407
0.32003239000771744
0.316619892795899
0.31379862289488786
0.3144945136278628
0.3129938812141436
0.3082854250413316
0.30729237120034314
0.30729237120034314
0.3014012232289499
0.305217636634021
0.3080485726966754
0.3081523868681055
0.30433165839571635
0.30636963459619077
0.30288944787800265
0.3000950418345193
0.29888091315227605
0.29996648274712207
0.3009313881148772
0.3012491577974853
0.3019607765844967
0.3008263709448261
0.3029571311752775
0.3066077919505744
0.3074851846598226
0.3055651894900206
0.3077355087526483
0.3064287230301098
0.3085473305915203
0.3114313779672335
0.3089306725900918
0.31328636895435247
0.31723740765837755
0.31594402973704966
0.3200893900065652
0.32407650959069895
0.32094811327440687
0.32618861409136546
0.33201244666477014
0.3321966622179987
0.33631886237277775
0.34021450354245364
0.34589443961180705
0.34415605168158414
0.34835218244362653
0.35556255041947626
0.34936172021871925
0.35686524091786465
0.3696001611049094
0.3637357163511947
0.37277877260898884
0.38247005655243493
0.39208673171286546
0.38718191093793297
0.39773181143094466
0.4091187245235145
0.40199614078740403
0.41390514530059475
0.4256075904237087
0.43583524622604847
0.43083332386770234
0.4414622931270973
0.44626650866796597
0.4161231764735305
0.4473350108562424
0.4620900468792013
0.45622950012778335
0.46582770561374603
0.4855021041684394
0.48578791179069114
0.49843794709240363
0.5084586094490902
0.5123864613665969
0.5243418130387273
0.5353454717259788
0.5456750315033176
0.547362795349664
0.5575929188453326
0.5638554531767053
0.5696534218734971
0.5696574435251206
0.5591198485157262
0.5466496972972904
0.5523128830696208
0.539454753651794
0.528712581185813
0.5163067897295956
0.5214301187664068
0.5095919442709366
0.4994797758855912
0.5046740486065907
0.4933738528700949
0.48196402180482145
0.4872398368705102
0.4727183959318399
0.4622889503650054
0.468282564268811
0.45669196221817926
0.44702225087245345
0.4522353080148522
0.44436756859063203
0.4338423580851647
0.4400397526249014
0.4295656412081744
0.41751690885646386
0.42194537281319816
0.4159110661915021
0.40800521362528047
0.401246461672557
0.40575128720676085
0.3988997045975289
0.38998222216544204
0.3942314892986558
0.38527616252958957
0.3804948849624984
0.38376918479193733
0.3787957741900629
0.3753478812186046
0.37095481251580126
0.3727411162566192
0.36811260912889887
0.36501839838969213
0.36548863284026367
0.36049484001411186
0.3581746050709891
0.35658675212390195
0.35593905493249123
0.35595270797647605
0.35654169746940473
0.3544882571633834
0.3544631412558047
0.3551650073068224
0.3539324449881636
0.3533526195182365
0.3549936429830396
0.35611273481832817
0.357380683780683
0.3557538942360095
0.3586515234669271
0.3613031358369865
0.3594771173381995
0.36614823467979307
0.36455877622552535
0.3674891795536802
0.3683855034971933
0.37560211037878016
0.3713224913633237
0.3777277757740483
0.38175860430667813
0.3884526582490585
0.3866922214406407
0.39508290273925084
0.3929491269195694
0.39845263971084727
0.40637030736934976
0.40113896658228254
0.40973322351598385
0.41806788957449764
0.42555967609758594
0.42122742973054733
0.43269428784084907
0.42517571146032546
0.4345951623214611
0.4489729955906704
0.4474128113308721
0.45135748929327
0.4636571336585062
0.4729267705721107
0.47219362925240116
0.4716433601048185
0.48871051137765364
0.47785277668698256
0.47590788189814714
0.49370163266619965
0.5104832730076337
0.5107254241498435
0.5240678537468926
0.5340903664036294
0.5404382830522709
0.5488303439421078
0.5559113731746073
0.5591852582370553
0.5661638748704277
0.579775111796034
0.5783407020590711
0.5903906609487213
0.6042014498204727
0.5937046697836144
0.5918147915053339
0.5744628735904905
0.5696640550393578
0.573318948609345
0.5643337085470554
0.5538634323508991
0.5428556830861696
0.5528815174453695
0.538688816501335
0.5425676574161522
0.5250350310857005
0.5118099040921095
0.5160803536492956
0.5056594365872397
0.49883449274328734
0.4976385499777874
0.49365563922094696
0.48658979553417603
0.4892624038007095
0.4833017660595686
0.4767805062099203
0.4666330941600429
0.4734863016516228
0.46400240763415307
0.4525706387123677
0.44461450927812085
0.4494139441160556
0.4414594335412788
0.43352784503129227
0.43596577818588794
0.42786567179570206
0.4220879220932012
0.42312403281145017
0.4196355750579761
0.4140321771948591
0.4165935612289654
0.4123415239121436
0.40597730665768983
0.40036523489816295
0.4035755497226063
0.39940753687437913
0.39425938008768957
0.39780324766228387
0.39138953863750253
0.3886845109421913
0.38936555910922005
0.3851370463972031
0.38435310313445775
0.384065463029472
0.38262018807400117
0.3814851146565218
0.3818169376567689
0.37982289069474406
0.3801737833361587
0.3815405293094792
0.3802044840632944
0.38018856091397074
0.38136313761699553
0.3806273095107804
0.382331103927065
0.3834734170942702
0.3827541251149349
0.3849486924409174
0.38805034299322116
0.3864233530112781
0.3893928348315648
0.39353975885167086
0.3978089260115269
0.40169139165017975
0.3973815285381477
0.402981016362348
0.4114154635851599
0.4074533522631361
0.40783625991989875
0.4232375049867088
0.41778708334062364
0.4251567840245718
0.4334500737124299
0.4426737633170421
0.43805897530960913
0.4470225243775189
0.45778502738167826
0.46949530607839485
0.46117281771201074
0.47555297717882133
0.48564379062941865
0.4806361162936689
0.4921932049850741
0.48135824734682725
0.48050753168255694
0.48953997721107106
0.47969770020834085
0.49473717324724636
0.5106422843451889
0.5252577330190602
0.5143432569662795
0.536104746927917
0.5496593871712816
0.5515548631833859
0.5631145816204882
0.5765017291858522
0.5880612572119819
0.589826060016831
0.6022612604699192
0.616676933943064
0.6135317876033524
0.6274635563381268
0.6392902091347124
0.643699903832245
0.6280421115907087
0.61367123132534
0.6204691958999282
0.6085351908735219
0.5957977175823426
0.5828999351480718
0.5911967114393081
0.5775525457824223
0.5570571371334778
0.5625015061411719
0.5515773411626701
0.5416381469841347
0.546901840544509
0.5351175850628735
0.5257526260318504
0.531791788907484
0.5231940291853701
0.517703642345078
0.5020941267145204
0.5079791418013258
0.49874689463838845
0.5083603045137498
0.49787496243796825
0.4880786064205012
0.4785950980726387
0.48747254549348507
0.4769563070503218
0.4682594796735013
0.47317102848941656
0.4629270170617383
0.467784186858178
0.46229340259779494
0.4530007236314121
0.4467329384417633
0.4499660104430254
0.44305344049460255
0.4382047051366249
0.4405719789826585
0.43335179197191503
0.4247491076132372
0.4263659452752501
0.42132865845367445
0.416355455236699
0.415124651412933
0.41313864867008193
0.41093815430390185
0.40782279414153483
0.4077732704974264
0.40559923143480875
0.4044470602457314
0.4034487470377715
0.4032393954358103
0.4030823650522563
0.40329643155215544
0.40249444792963746
0.4033856510947397
0.4055835887829014
0.40554398474015774
0.4056891608176163
0.4072116729430077
0.4095192973196653
0.40657292402952283
0.4102525394559881
0.4161144330539512
0.41312195376831745
0.4210929802075634
0.4252231836204253
0.4239821320836513
0.42867469518845724
0.4334510073677912
0.4286131010348786
0.437124069249207
0.4448530099094086
0.43981383341711877
0.4466463543809517
0.4586030162711533
0.45565825937001636
0.46086174292145365
0.4709104832797278
0.4613071421523665
0.4754284812873455
0.4873932435361249
0.4946590671615089
0.48648839580117975
0.5018077327912305
0.5129892891342814
0.5056948076046641
0.5165729071052796
0.5290891219917854
0.5191359805772943
0.5309501056581571
0.5432452405198828
0.5541574578951498
0.5149086662709217
0.4598629214933273
0.5414443611850082
0.5640822653931972
0.5823370692799006
0.6070150700862695
0.6073899535537639
0.6050865192176821
0.6307974746814683
0.632458354096904
0.6341273947292392
0.6485933818015509
0.6431254497283541
0.6706570733962165
0.6739880282466285
0.6722541012646159
0.6607776105998366
0.6507165876799063
0.6588599128735506
0.6462746240233586
0.6307827284606801
0.6421860648670865
0.6193329471278005
0.6080556104035483
0.6178282811445046
0.6060752713808686
0.5951147902621666
0.5875580486936849
0.5895377605000245
0.5813105865028528
0.5776786798547525
0.5782079620638223
0.5696816618362781
0.5624182795481408
0.5689479756414383
0.5656152980965135
0.5559987196905076
0.5445855843327801
0.5558895881337153
0.5464291598336305
0.5357859263949916
0.5436428918468118
0.5340092725887132
0.5234223539950074
0.5225464076103373
0.5160089343075814
0.5116109620770259
0.510499492264855
0.5061373790953748
0.49893725530738103
0.49874851104868423
0.5037197656070341
0.4922415893977676
0.4988597124935514
0.4857410124043732
0.4784682622681953
0.4824039550321684
0.47536690343372817
0.4699904786583843
0.4667903294084883
0.46416462553495363
0.4639398424613758
0.4593246529422562
0.45656830670295645
0.452018665433499
0.4520370372370282
0.44683751177901115
0.447210918621073
0.44750061902412774
0.4462414949182094
0.44605605630156525
0.4459296597603863
0.4456819479380698
0.4467447774888841
0.4437989749769114
0.44787467694168515
0.44819582378202333
0.44837867539583776
0.4502310959731474
0.4489443473554937
0.4504043632182501
0.45530084227635614
0.46044648290551177
0.4559560805430854
0.46151042935368863
0.46677457959957575
0.4740681890786055
0.4697667895399335
0.4776424126155632
0.48495028346283103
0.48129713220534015
0.4864026253008663
0.5046527797791995
0.49961233286881096
0.5092224710000843
0.5182334197355077
0.5079161963074738
0.5247141766323536
0.5373411243281692
0.5283738759663006
0.5501062402215332
0.5305485402876573
0.52244455778027
0.536663514504727
0.5456349506405211
0.5692391370816634
0.5543944686733346
0.5764480789601948
0.5957527651609965
0.5962455924676361
0.6094578563145643
0.6232034860811634
0.6361843187068713
0.638035094876804
0.6514340657516484
0.6656288466534434
0.6826353324751652
0.6997499429960091
0.6976302080356171
0.7175148521080669
0.7219799384842102
0.7096642764634864
0.6944497650843482
0.6823275630667264
0.6871122854466605
0.6756948470726991
0.6581356442618029
0.6609789257362911
0.6494416084644669
0.6569868183588036
0.6486819083327393
0.6362450484122228
0.6244751956609621
0.6341641243331729
0.621834064351129
0.6095429500054201
0.6187506914013664
0.5979052853311441
0.6074455650555274
0.5929563172809534
0.5844526813413795
0.5757852528400557
0.5863801062693678
0.5739706050767928
0.5665935277658464
0.5753280539933103
0.5694173214390608
0.5563572604338273
0.565901833192927
0.5603075623712982
0.5507996415991772
0.5418343862730631
0.5514708716123428
0.542681270247364
0.5424936364562519
0.5342798427901505
0.5286958343511173
0.5334726307671304
0.527148696782434
0.5216453606668504
0.5242665910754597
0.52036535019721
0.5177393819832949
0.513505038651853
0.514834580352033
0.5110937810305185
0.5078660022520748
0.5065166792462731
0.5052101503422239
0.504428421915973
0.5037526665819382
0.5033284457082889
0.5020961468457863
0.5031539741184266
0.5030807506275947
0.49948241666157495
0.5192799214612533
0.5161231646121139
0.5033667381765498
0.504906660588505
0.5095967802499768
0.5075990720428712
0.5098590684091877
0.5143522589642716
0.5138234684189474
0.51731729098625
0.5188539393198142
0.5160079808295887
0.5229225062536931
0.5326826806153434
0.5310067040662811
0.5335480065660095
0.5433784318614217
0.5400325384523859
0.5410316533943592
0.5508107231174182
0.5624486644631594
0.5573059880369395
0.5686813443429987
0.556462758587973
0.574644018840815
0.588096791847183
0.5770805267205711
0.6008652783557066
0.5954353024564605
0.6061400850743022
0.6187634572789693
0.6050847191197962
0.6002173987689812
0.6393242203953736
0.6565142152157093
0.5588018349587027
0.5793897862596543
0.6461473809722524
0.600635658496403
0.6492996271850745
0.681953269970396
0.7375261163800572
0.7362951795245627
0.7711886250730148
0.7497688590228578
0.7450435703438264
0.7592466164292804
0.7457386359501903
0.7713468801539931
0.7956375104092237
0.7763492410805332
0.8018567862141491
0.8048753734266144
0.800519753372018
0.7934406795946121
0.7825588335787935
0.7891230773308978
0.7764815798289271
0.7597970686932826
0.7740887432584994
0.7541722958642738
0.7678618318806076
0.7501796032123585
0.737827323774017
0.7445831159029991
0.7329271086526673
0.7273273961409463
0.729655680605229
0.7220354953302629
0.7182745269337739
0.7216354665811754
0.7170048453953837
0.7196669741154216
0.7121742391688064
0.7047340622478325
0.7166945124848716
0.7087028755338012
0.7008880405105126
0.6955063835208559
0.7033915708900249
0.6953032577114784
0.6910941803322281
0.697804969067955
0.6925596363066813
0.6866214968132129
0.6830083668505202
0.6830556432161168
0.684126207424918
0.6825726761996052
0.6868384179634225
0.6848283536550624
0.6900532253955778
0.6838226613686069
0.6796088175501712
0.6776636657613354
0.6817099306687208
0.6805678804730244
0.6784488974928228
0.6810108139304856
0.6785384455604055
0.6727884455522402
0.6817291153947953
0.6802786893767913
0.6810379106581267
0.6829494127791322
0.6811666034853613
0.6849342570692225
0.6893567195128198
0.6923412289014328
0.6942318148976256
0.6989787753623894
0.6972431466055413
0.7025458390798011
0.7081871254301778
0.7066477494616632
0.7138115314378406
0.7225700578535031
0.7214239701286369
0.730363755605482
0.7296219236928437
0.7334994281979085
0.7446759628284678
0.7540492226517839
0.7527499014739195
0.7620352159353843
0.773618408661052
0.7850493643459289
0.7800653076862002
0.7920474803615308
0.8074373326962884
0.8010603180820048
0.8180536074382341
0.8341902062369155
0.8490858299246309
0.8406029202513706
0.8581379026690484
0.8747251060801071
0.8647373350395299
0.8965576506522159
0.7997546261662111
0.8324708593662202
0.8360004212745535
0.8509146456846893
0.8736842857008671
0.8625451536153437
0.8869896711562723
0.9028029495257501
0.8989957886282839
0.9350949631555656
0.9346251655716034
0.9544276980099589
0.9758283076984043
0.971790759633316
0.9994350442483735
1.0266844842690483
1.0251357907157594
1.0561415444794362
1.0872361861347264
1.1153247484908084
1.1163140513051757
1.1151941127417448
1.1444448514634065
1.1310593791077663
1.1256344205407067
1.1241442763130296
1.1031604791236818
1.1011642005894424
1.097959981533213
1.0830282997119909
1.0874707947497324
1.0850050331495116
1.0621373311034326
1.0612577801480438
1.0648784773780404
1.063282311202689
1.0605305294523104
1.0427088648047065
1.0539445246560795
1.063887387070916
1.0377118301650732
1.0375954406257493
1.0539777497529201
1.039137213870901
1.0340886248104768
1.0466064441742386
1.0369580122415085
1.0343495020610802
1.0394396729980457
1.0385137884248408
1.043050736118075
1.0441579101264167
1.0463527289717247
1.0588897074952706
1.0553086814828307
1.052368508654094
1.0663760891931713
1.0760323184727176
1.0570253853074938
1.0561908134787763
1.0522042559617866
1.0529652848037565
1.0734755535063485
1.0582976424601014
1.081833148356038
1.0919648364243681
1.1258358533025155
1.0963847118162529
1.1134491277903429
1.107259532436522
1.126291316700725
1.0990679397444734
1.128146039008844
1.1589445794895619
1.1786124933745736
1.1702677589826016
1.1973666347270409
1.2277262206499124
1.260871295944149
1.2509323867237085
1.2958886367897702
1.33098967758094
1.2994704228534981
1.3684460854954816
1.425830537786494
1.459147356922289
1.497855054728576
1.5128245289893654
1.5427428703387374
1.5915377647534281
1.657462701017905
1.6548816684320387
1.7320506598179244
1.7398436032447826
1.8250208723228074
1.9059012968906275
1.90317733352105
1.902183239685856
1.9763915356957382
2.0885183059352963
2.1206408026073134
2.700134180272998
2.168502464411906
0.77961375713707
0.24459274544776924
1.16614707070059
2.686934787531176
1.9130318039190164
-2.7101862492557403
39.278207429763
-12.482277316955946
10.712206069699226
