1.896704912185669
1.9102473258972168
1.922722578048706
1.9367599487304688
1.9498686790466309
1.9626593589782715
1.9750442504882812
1.9874398708343506
2.0000767707824707
2.012808084487915
2.0262362957000732
2.0397067070007324
2.0521154403686523
2.0645813941955566
2.0770809650421143
2.0893075466156006
2.101956367492676
2.1145241260528564
2.1279923915863037
2.1426572799682617
2.156935691833496
2.1702795028686523
2.183168649673462
2.1957859992980957
2.2082958221435547
2.2224082946777344
2.2359962463378906
2.248791456222534
2.26328182220459
2.2773945331573486
2.289828062057495
2.302114963531494
2.315093994140625
2.329357624053955
2.3421945571899414
2.354701280593872
2.3671817779541016
2.380951404571533
2.4042809009552
2.417208671569824
2.4298501014709473
2.4427907466888428
2.4556732177734375
2.468313694000244
2.481161117553711
2.4937336444854736
2.5062148571014404
2.51938533782959
2.532313585281372
2.5446598529815674
2.5570688247680664
2.5692291259765625
2.581576347351074
2.5940356254577637
2.6143932342529297
2.6291208267211914
2.6420764923095703
2.6548731327056885
2.6679184436798096
2.6814329624176025
2.695006847381592
2.7079124450683594
2.7199642658233643
2.732510805130005
2.7601523399353027
2.7733237743377686
2.786379098892212
2.7990171909332275
2.811908721923828
2.8249752521514893
2.8382043838500977
2.8510589599609375
2.8639817237854004
2.878359317779541
2.8935952186584473
2.9081623554229736
2.921325922012329
2.93365740776062
2.94612455368042
2.958763360977173
2.9724385738372803
2.986358404159546
2.9993488788604736
3.0199086666107178
3.034390926361084
3.047017812728882
3.0599560737609863
3.0728025436401367
3.0860517024993896
3.0989294052124023
3.1113853454589844
3.1238462924957275
3.136366128921509
3.150109052658081
3.163763999938965
3.17667818069458
3.189720869064331
3.2045834064483643
3.2223422527313232
3.2367639541625977
3.249079465866089
3.2612009048461914
3.273864507675171
3.287321090698242
3.3004887104034424
3.313352584838867
3.3270416259765625
3.3408753871917725
3.3537185192108154
3.3661179542541504
3.378450632095337
3.3965742588043213
3.412804126739502
3.4281392097473145
3.4403679370880127
3.454883575439453
3.469205379486084
3.482321262359619
3.4947211742401123
3.5068798065185547
3.519597291946411
3.5374152660369873
3.5611867904663086
3.573906183242798
3.586747884750366
3.5991992950439453
3.611708164215088
3.6243085861206055
3.6370339393615723
3.649556875228882
3.6618731021881104
3.6753947734832764
3.6923038959503174
3.710257053375244
3.725956916809082
3.7382118701934814
3.7508227825164795
3.762967824935913
3.7753093242645264
3.7879550457000732
3.801162004470825
3.814396381378174
3.82710599899292
3.8399624824523926
3.853069543838501
3.866288423538208
3.879295825958252
3.8914716243743896
3.9037749767303467
3.916269063949585
3.928252935409546
3.940657377243042
3.9552700519561768
3.971053123474121
3.985136032104492
3.9980995655059814
4.011858940124512
4.024003744125366
4.036371946334839
4.049418926239014
4.062316179275513
4.077247142791748
4.110213994979858
4.123202562332153
4.1365647315979
4.1494176387786865
4.162116765975952
4.175023317337036
4.187060117721558
4.199450254440308
4.212332248687744
4.225038051605225
4.238068342208862
4.251189708709717
4.264279127120972
4.277034521102905
4.289379596710205
4.301806211471558
4.314292907714844
4.326781749725342
4.341540575027466
4.360058784484863
4.374455690383911
4.3871705532073975
4.399885892868042
4.412466287612915
4.425630569458008
4.437963485717773
4.45051383972168
4.46367335319519
4.477246522903442
4.4929749965667725
4.507051467895508
4.5197837352752686
4.5332958698272705
4.546324968338013
4.559593200683594
4.572954177856445
4.585512399673462
4.598365545272827
4.610896110534668
4.626094341278076
4.63989520072937
4.652975082397461
4.665790319442749
4.678704023361206
4.691560745239258
4.704361200332642
4.717272520065308
4.730199098587036
4.743016719818115
4.758152723312378
4.773442268371582
4.786417245864868
4.799125671386719
4.812082290649414
4.825654745101929
4.838120460510254
4.850342035293579
4.8623576164245605
4.874908685684204
4.893839597702026
4.907560586929321
4.920611143112183
4.933223009109497
4.945474147796631
4.959681272506714
4.97220516204834
4.984446048736572
4.997627258300781
5.0118114948272705
5.027437925338745
5.039737701416016
5.052159547805786
5.064440488815308
5.077152967453003
5.089671850204468
5.102239370346069
5.114687204360962
5.127094507217407
5.142116069793701
5.155606031417847
5.167830944061279
5.179890394210815
5.192952394485474
5.207689046859741
5.220985651016235
5.23386812210083
5.24690055847168
5.261812686920166
5.279026508331299
5.291950941085815
5.304680109024048
5.319713830947876
5.3319714069366455
5.3448357582092285
5.358635425567627
5.371703863143921
5.384676456451416
5.39804482460022
5.411069869995117
5.447452783584595
5.462352991104126
5.4762983322143555
5.489871025085449
5.502994060516357
5.516087532043457
5.529202222824097
5.5437846183776855
5.5617663860321045
5.575432062149048
5.588080406188965
5.60124945640564
5.613785982131958
5.627539157867432
5.639787673950195
5.651982307434082
5.664213418960571
5.676712274551392
5.689365863800049
5.7019267082214355
5.714982986450195
5.727900981903076
5.743424892425537
5.756245851516724
5.768978595733643
5.782679557800293
5.797072887420654
5.81058144569397
5.823812484741211
5.835992813110352
5.848386526107788
5.860314607620239
5.872281551361084
5.884957551956177
5.897631406784058
5.912490606307983
5.926362991333008
5.9391632080078125
5.952272653579712
5.965186357498169
5.978021621704102
5.991626262664795
6.0044944286346436
6.017251014709473
6.030740261077881
6.04460334777832
6.059164524078369
6.072703838348389
6.085927486419678
6.098773002624512
6.11243200302124
6.125956058502197
6.137970447540283
6.150465488433838
6.164381504058838
6.179955244064331
6.194501876831055
6.207415819168091
6.220741271972656
6.233513355255127
6.246256589889526
6.258883953094482
6.271344900131226
6.284607410430908
6.2974534034729
6.32132363319397
6.335249185562134
6.347975730895996
6.360084772109985
6.375577688217163
6.388586759567261
6.401552677154541
6.414193153381348
6.4266579151153564
6.440478563308716
6.454946041107178
6.468259334564209
6.480688095092773
6.493083238601685
6.505833864212036
6.5181684494018555
6.530364274978638
6.542914390563965
6.555267572402954
6.567565441131592
6.581081867218018
6.598390579223633
6.611490726470947
6.623577833175659
6.636407375335693
6.6492486000061035
6.662228584289551
6.675284147262573
6.6887242794036865
6.70164942741394
6.714612007141113
6.73012900352478
6.742873430252075
6.755406856536865
6.768364191055298
6.781304121017456
6.79359245300293
6.806007623672485
6.819159269332886
6.832576036453247
6.845578908920288
6.858625888824463
6.871492385864258
6.884112596511841
6.896728754043579
6.909613609313965
6.922070264816284
6.934312343597412
6.947065830230713
6.9598400592803955
6.973255634307861
6.9867026805877686
6.999711036682129
7.012460231781006
7.02482008934021
7.036908388137817
7.049154758453369
7.06149435043335
7.073848009109497
7.091991424560547
7.106506824493408
7.120097875595093
7.132541656494141
7.14532208442688
7.1576409339904785
7.17015814781189
7.182864427566528
7.195459604263306
7.210355281829834
7.22982120513916
7.2433507442474365
7.255341291427612
7.267889499664307
7.280397653579712
7.292562246322632
7.305284261703491
7.319324970245361
7.33167576789856
7.344247341156006
7.3630688190460205
7.377654314041138
7.391040563583374
7.403830289840698
7.416114091873169
7.428521394729614
7.4408934116363525
7.453050136566162
7.465251684188843
7.478426694869995
7.4914703369140625
7.505589008331299
7.518260717391968
7.530829191207886
7.543714284896851
7.556034803390503
7.568758010864258
7.581851243972778
7.59470009803772
7.607717037200928
7.6205735206604
7.636070489883423
7.650315761566162
7.663167238235474
7.677235841751099
7.690776824951172
7.703482627868652
7.716583728790283
7.729263782501221
7.74233603477478
7.755500793457031
7.768772125244141
7.781716585159302
7.794676780700684
7.807577610015869
7.820519208908081
7.833284139633179
7.847358703613281
7.8621063232421875
7.882994890213013
7.8958446979522705
7.908613920211792
7.921095132827759
7.933581829071045
7.946431636810303
7.959364652633667
7.972571134567261
7.985288143157959
8.008180379867554
8.020703554153442
8.03325343132019
8.045854330062866
8.05845046043396
8.070858716964722
8.083178043365479
8.095477819442749
8.108053922653198
8.120990753173828
8.13365387916565
8.146045207977295
8.15854549407959
8.170663118362427
8.184314489364624
8.19713306427002
8.209830045700073
8.222245693206787
8.2350594997406
8.259806632995605
8.27747106552124
8.290985345840454
8.303182125091553
8.315637350082397
8.328176259994507
8.34070348739624
8.353479623794556
8.365971803665161
8.379980325698853
8.40019941329956
8.412394523620605
8.424912691116333
8.438041687011719
8.45110011100769
8.464025259017944
8.47741985321045
8.490342378616333
8.502958536148071
8.524357318878174
8.548054695129395
8.560390710830688
8.57285761833191
8.585556268692017
8.601423978805542
8.614075422286987
8.626371145248413
8.643059253692627
8.66011905670166
8.673951387405396
8.687033653259277
8.69979476928711
8.712715148925781
8.72617220878601
8.738746881484985
8.750961542129517
8.763985395431519
8.779717922210693
8.796863317489624
8.811172723770142
8.823641300201416
8.836164712905884
8.848708391189575
8.861386060714722
8.873924255371094
8.886812210083008
8.90001916885376
8.913297414779663
8.926263093948364
8.938556671142578
8.951396465301514
8.964889764785767
8.97733187675476
8.989697694778442
9.00192666053772
9.014131546020508
9.026973485946655
9.039539098739624
9.052634239196777
9.066103458404541
9.080438137054443
9.093337059020996
9.106590747833252
9.120030164718628
9.132763147354126
9.145452499389648
9.159033060073853
9.178004026412964
9.194035768508911
9.20703911781311
9.219846725463867
9.232767343521118
9.245919942855835
9.258636713027954
9.271751165390015
9.28462290763855
9.29911184310913
9.313225507736206
9.326382398605347
9.339139223098755
9.351639986038208
9.366320371627808
9.381065368652344
9.394465684890747
9.407193899154663
9.41979169845581
9.433424234390259
9.449941158294678
9.463304281234741
9.475548505783081
9.488302230834961
9.503468036651611
9.516423463821411
9.529045581817627
9.541898727416992
9.554532766342163
9.56795597076416
9.581042289733887
9.594056367874146
9.609936714172363
9.626485586166382
9.639708280563354
9.652700662612915
9.665065050125122
9.677701234817505
9.690293788909912
9.70316743850708
9.716323614120483
9.733197450637817
9.74630856513977
9.759236574172974
9.772117853164673
9.787193059921265
9.800011157989502
9.813107013702393
9.826298236846924
9.839792490005493
9.860723495483398
9.875981569290161
9.889455080032349
9.902132749557495
9.914414644241333
9.92691159248352
9.93956732749939
9.952380418777466
9.965133905410767
9.977953433990479
9.992741584777832
10.007799863815308
10.020174026489258
10.03319239616394
10.051393032073975
10.065646171569824
10.077969074249268
10.090982913970947
10.103367805480957
10.116130352020264
10.13698434829712
10.152758598327637
10.166310787200928
10.179755687713623
10.192781448364258
10.205936670303345
10.219197750091553
10.231967449188232
10.244255065917969
10.257278680801392
10.274417161941528
10.296815156936646
10.311567068099976
10.324361085891724
10.338020324707031
10.352196455001831
10.365119695663452
10.377512693405151
10.389751195907593
10.404261589050293
10.420870780944824
10.455604553222656
10.469214677810669
10.483165979385376
10.49685287475586
10.510765314102173
10.523941040039062
10.537119388580322
10.550882339477539
10.563968420028687
10.576926231384277
10.58997130393982
10.603014469146729
10.615471601486206
10.62931227684021
10.653897762298584
10.66790223121643
10.682897329330444
10.69559383392334
10.7078537940979
10.721374750137329
10.736050605773926
10.74885630607605
10.761622667312622
10.774376392364502
10.790184497833252
10.807873964309692
10.824093103408813
10.838488578796387
10.851412057876587
10.864474058151245
10.877453088760376
10.890171766281128
10.902782678604126
10.914965152740479
10.93122673034668
10.947104930877686
10.960433006286621
10.973826169967651
10.986429929733276
10.999550819396973
11.012674570083618
11.02591872215271
11.038963556289673
11.0521399974823
11.065860986709595
11.07790231704712
11.090344667434692
11.103607892990112
11.118198871612549
11.130629062652588
11.143659114837646
11.156543493270874
11.1740140914917
11.200963020324707
11.214014291763306
11.226585149765015
11.23952603340149
11.252415180206299
11.265253782272339
11.278109312057495
11.290735483169556
11.309727191925049
11.326602220535278
11.341831684112549
11.35390853881836
11.366693496704102
11.379746913909912
11.395169019699097
11.40942907333374
11.422378778457642
11.435377836227417
11.448167085647583
11.460931062698364
11.47446584701538
11.489758014678955
11.503847122192383
11.516179323196411
11.529927015304565
11.543166875839233
11.555917739868164
11.568530321121216
11.580951690673828
11.593371868133545
11.605831623077393
11.618389368057251
11.633207321166992
11.655753135681152
11.670753955841064
11.683686256408691
11.696373462677002
11.709439277648926
11.722358703613281
11.735802173614502
11.748527765274048
11.761301279067993
11.775236368179321
11.79010558128357
11.80322003364563
11.815696239471436
11.828043222427368
11.841389179229736
11.854229927062988
11.866417169570923
11.87889289855957
11.891144275665283
11.903264999389648
11.916149616241455
11.934851884841919
11.947866439819336
11.96091914176941
11.973231315612793
11.985787153244019
11.998348236083984
12.010979890823364
12.023641109466553
12.038196802139282
12.068354845046997
12.083105564117432
12.095179557800293
12.107557773590088
12.11978030204773
12.132436513900757
12.14545488357544
12.158020734786987
12.170898914337158
12.184290170669556
12.19713020324707
12.209860563278198
12.222439289093018
12.234864711761475
12.247964143753052
12.261034965515137
12.273693561553955
12.286547183990479
12.300353288650513
12.315934181213379
12.329298257827759
12.34196400642395
12.354746580123901
12.367458820343018
12.380616903305054
12.393491744995117
12.406312942504883
12.419626712799072
12.43269968032837
12.446265697479248
12.459712505340576
12.472797393798828
12.485655069351196
12.498517751693726
12.512423753738403
12.52522325515747
12.539742469787598
12.552532196044922
12.564722299575806
12.578027486801147
12.59172797203064
12.604512929916382
12.616984605789185
12.629239559173584
12.641505002975464
12.654117107391357
12.666988849639893
12.679945945739746
12.692600011825562
12.705546140670776
12.720330238342285
12.73314905166626
12.746714115142822
12.758967876434326
12.771126747131348
12.78383731842041
12.796692132949829
12.811137199401855
12.842672348022461
12.858153581619263
12.87035059928894
12.88267993927002
12.897052526473999
12.91076922416687
12.923430681228638
12.935616970062256
12.948363304138184
12.962156057357788
12.977735042572021
12.990498065948486
13.002849578857422
13.015247344970703
13.027610778808594
13.041053533554077
13.053945064544678
13.066356182098389
13.078509092330933
13.094043493270874
13.11190414428711
13.126487493515015
13.13877534866333
13.151081323623657
13.164313077926636
13.176912784576416
13.189205408096313
13.20167350769043
13.214810371398926
13.229241609573364
13.243352890014648
13.256081104278564
13.268953084945679
13.281782388687134
13.294874429702759
13.307369709014893
13.320373058319092
13.333107233047485
13.352109909057617
13.364999055862427
13.37755537033081
13.389900922775269
13.403131246566772
13.415416240692139
13.427884817123413
13.440556526184082
13.45267939567566
13.464783906936646
13.479676485061646
13.497568845748901
13.51189637184143
13.524812698364258
13.537764549255371
13.55115818977356
13.564116477966309
13.576603889465332
13.589176177978516
13.601864576339722
13.61487889289856
13.628321886062622
13.644714832305908
13.657528638839722
13.669961214065552
13.6830415725708
13.695529699325562
13.708322763442993
13.720862627029419
13.734498977661133
13.74883222579956
13.761671543121338
13.774327516555786
13.787355899810791
13.800576210021973
13.814000129699707
13.82713532447815
13.840112209320068
13.853299379348755
13.866305351257324
13.87913179397583
13.891448974609375
13.903915882110596
13.917206287384033
13.93073844909668
13.9438636302948
13.95667028427124
13.969217300415039
13.982348680496216
13.99606990814209
14.009203433990479
14.021894931793213
14.034697771072388
14.04843544960022
14.061777830123901
14.074913263320923
14.087374448776245
14.100468873977661
14.123289346694946
14.13834834098816
14.151384830474854
14.164194822311401
14.177306413650513
14.19071102142334
14.202939748764038
14.215111017227173
14.227203845977783
14.241467237472534
14.256115913391113
14.26863145828247
14.280716180801392
14.29319167137146
14.305588960647583
14.319426536560059
14.332435607910156
14.345390558242798
14.358846426010132
14.372462034225464
14.387125968933105
14.41419243812561
14.430067777633667
14.443233489990234
14.457273006439209
14.470659017562866
14.48314356803894
14.495130062103271
14.507588863372803
14.522071361541748
14.535435914993286
14.548397064208984
14.560980081558228
14.573201894760132
14.585704326629639
14.598724365234375
14.61196756362915
14.624990224838257
14.637717723846436
14.650421619415283
14.663509845733643
14.67688775062561
14.689620971679688
14.702113389968872
14.715253591537476
14.72831106185913
14.740694522857666
14.753057956695557
14.765864133834839
14.780617475509644
14.795304298400879
14.809762001037598
14.823550701141357
14.83665680885315
14.84965181350708
14.862844228744507
