0
0
0
0
0
0
0
0
0
0
0
0
0
0
0
0
0
0
0
0
0
0
0
0
0
0
0
0
0
0
0
0
0
0
0
0
0
0
0
0
0
0
0
0
0
0
0
0
0
0
0
0
0
0
0
0
0
0
0
0
0
0
0
0
0
0
0
0
0
0
0
0
0
0
0
0
0
0
0
0
0
0
0
0
0
0
0
0
0
0
0
0
0
0
0
0
0
0
0
0
0
0
0
0
0
0
0
0
0
0
0
0
0
0
0
0
0
0
0
0
0
0
0
0
0
0
0
0
0
0
0
0
0
0
0
0
0
0
0
0
0
0
0
0
0
0
0
0
0
0
0
0
0
0
0
0
0
0
0
0
0
0
0
0
0
0
0
0
0
0
0
0
0
0
0
0
0
0
0
0
0
0
0
0
0
0
0
0
0
0
0
0
0
0
0
0
0
0
0
0
0
0
0
0
0
0
0
0
0
0
0
0
0
0
0
0
0
0
0
0
0
0
0
0
0
0
0
0
0
0
0
0
0
0
0
0
0
0
0
0
0
0
0
0
0
0
0
0
0
0
0
0
0
0
0
0
0
0
0
0
0
0
0
0
0
0
0
0
0
0
0
0
0
0
0
0
0
0
0
0
0
0
0
0
0
0
0
0
0
0
0
0
0
0
0
0
0
0
0
0
0
0
0
0
0
0
0
0
0
0
0
0
0
0
0
0
0
0
0
0
0
0
0
0
0
0
0
0
0
0
0
0
0
0
0
0
0
0
0
0
0
0
0
0
0
0
0
0
0
0
0
0
0
0
0
0
0
0
0
0
0
0
0
0
0
0
0
0
0
0
0
0
0
0
0
0
0
0
0
0
0
0
0
0
0
0
0
0
0
0
0
0
0
0
0
0
0
0
0
0
0
0
0
0
0
0
0
0
0
0
0
0
0
0
0
0
0
0
0
0
0
0
0
0
0
0
0
0
0
0
0
0
0
0
0
0
0
0
0
0
0
0
0
0
0
0
0
0
0
0
0
0
0
0
0
0
0
0
0
0
0
0
0
0
0
0
0
0
0
0
0
0
0
0
0
0
0
0
0
0
0
0
0
0
0
0
0
0
0
0
0
0
0
0.00386597
0.00397452
0.00373138
0.00351638
0.00332942
0.00944734
0.00931442
0.00920378
0.00915623
0.00904272
0.0148767
0.0148408
0.01482
0.0148144
0.0203966
0.0204091
0.0204416
0.0204897
0.0205802
0.0258744
0.0261435
0.026364
0.0265958
0.0268292
0.0324593
0.0325805
0.0326771
0.0327697
0.037591
0.0376866
0.0377759
0.0378467
0.0379076
0.0425674
0.0426885
0.0428439
0.0429542
0.0470837
0.0474584
0.0475895
0.0475895
0.0477151
0.0520042
0.0520828
0.0521585
0.0521953
0.0523011
0.0568566
0.0569201
0.0569802
0.0570371
0.0612117
0.0612365
0.0612838
0.0613279
0.061369
0.0651394
0.0651746
0.0652066
0.0652356
0.0652616
0.0688773
0.0688976
0.0689147
0.0689352
0.0723975
0.0724065
0.0724125
0.0724155
0.0724161
0.0757398
0.0757379
0.0757281
0.0757185
0.0789059
0.0788924
0.0788679
0.0788586
0.0788485
0.0820553
0.0820306
0.0820037
0.0819748
0.0847311
0.0848592
0.0848248
0.0848069
0.0847509
0.0875432
0.0874818
0.0874606
0.0874172
0.0899401
0.090042
0.0899946
0.0899459
0.0898962
0.092449
0.0923974
0.0923447
0.092291
0.0948376
0.0949449
0.0948887
0.0948319
0.0947744
0.0969607
0.0970606
0.0969727
0.0969134
0.0968538
0.0990885
0.0989985
0.098938
0.0988773
0.100857
0.100913
0.100852
0.100791
0.100729
0.10272
0.102658
0.102596
0.102534
0.104317
0.104361
0.104268
0.104237
0.104175
0.105963
0.105901
0.105778
0.105778
0.107467
0.107313
0.107313
0.107313
0.10722
0.10722
0.107096
0.107034
0.109737
0.109707
0.109646
0.109586
0.110938
0.110959
0.110901
0.110844
0.110787
0.112122
0.112067
0.112013
0.111933
0.113127
0.113144
0.113093
0.113042
0.112992
0.114093
0.114083
0.114034
0.114009
0.115031
0.115031
0.11496
0.11496
0.114844
0.114729
0.114729
0.114707
0.116226
0.116183
0.11614
0.116119
0.116854
0.116858
0.116817
0.116778
0.116739
0.117425
0.117407
0.117388
0.117334
0.117942
0.117907
0.117873
0.11784
0.117808
0.118322
0.118291
0.11826
0.118216
0.118629
0.118637
0.118582
0.118569
0.11888
0.118884
0.118859
0.118823
0.1188
0.119037
0.119015
0.118994
0.118964
0.118955
0.1191
0.119083
0.119065
0.119049
0.119102
0.119089
0.119075
0.119061
0.119049
0.119012
0.118996
0.118996
0.118982
0.118863
0.118847
0.11884
0.118834
0.118829
0.118829
0.118606
0.118603
0.118601
0.1186
0.118249
0.118249
0.11825
0.118253
0.117838
0.117844
0.117851
0.11786
0.11787
0.117357
0.117369
0.117383
0.117406
0.116784
0.116801
0.11682
0.11683
0.116862
0.116146
0.11617
0.116196
0.116222
0.115437
0.11543
0.115444
0.115491
0.115523
0.114596
0.114631
0.114667
0.114704
0.114723
0.113707
0.113727
0.11379
0.113832
0.112687
0.112755
0.112755
0.112826
0.111644
0.111618
0.111669
0.111721
0.111773
0.110402
0.110457
0.110542
0.11057
0.109084
0.109142
0.109142
0.109278
0.109324
0.107723
0.107787
0.107852
0.107918
0.106298
0.106267
0.106304
0.106418
0.106495
0.104676
0.104716
0.104795
0.104876
0.103008
0.102969
0.103056
0.103144
0.103232
0.101097
0.101186
0.101274
0.101406
0.0991198
0.0992538
0.0993442
0.0993898
0.0994829
0.0967158
0.096624
0.0967795
0.0968832
0.0969874
0.0944668
0.0946311
0.0946862
0.0947969
0.0949084
0.0922025
0.0923731
0.0924885
0.0926052
0.0899913
0.0898859
0.090065
0.0901861
0.0903086
0.0874607
0.0875237
0.0876502
0.0877133
0.0847313
0.0847954
0.0849914
0.0851245
0.0851914
0.0851914
0.0812651
0.0814015
0.081539
0.0817474
0.0785104
0.0784515
0.078592
0.0787325
0.0788756
0.0753808
0.0755257
0.0756699
0.0758136
0.0724341
0.0723677
0.0725108
0.0727223
0.0727223
0.0691447
0.0692817
0.0694178
0.0695537
0.0662113
0.0661439
0.0662756
0.0664056
0.0664701
0.0666613
0.0628721
0.0629968
0.0631204
0.0632428
0.0599916
0.0599284
0.0599879
0.0601653
0.0602825
0.0571784
0.0572942
0.0574106
0.0575264
0.0546113
0.0546684
0.0547824
0.0548392
0.0550092
0.0521655
0.0522779
0.0523902
0.052502
0.0499371
0.0498939
0.0500044
0.0501145
0.0501693
0.0501693
0.0474434
0.0474434
0.0474434
0.0477198
0.0478344
0.0479476
0.0446354
0.0447994
0.0449068
0.04496
0.0426944
0.0427976
0.0428987
0.0429487
0.0409381
0.0409116
0.041006
0.0410525
0.039165
0.0391388
0.0391828
0.0393117
0.0393953
0.0375172
0.037557
0.0376354
0.0377501
0.0377874
0.0377874
0.0360684
0.0361037
0.0361734
0.0362754
0.0342375
0.0342702
0.0343668
0.0344299
0.0329876
0.0329633
0.0329935
0.0330536
0.0331423
0.0331716
0.0317771
0.0318056
0.0318905
0.0319463
0.0305936
0.0306759
0.0307301
0.0307839
0.0295791
0.0296053
0.0296704
0.0296833
0.0297089
0.0297089
0.0286679
0.0287168
0.0287647
0.0288115
0.0276422
0.0276863
0.0277293
0.0277713
0.0268761
0.026864
0.0269037
0.0269426
0.0269807
0.0261195
0.0261561
0.0261742
0.0262274
0.025492
0.0255
0.0255167
0.0255333
0.0255822
0.0248818
0.0248974
0.0249434
0.0249733
0.0249733
0.0242439
0.0242439
0.0242671
0.0242809
0.0243206
0.0243335
0.0237328
0.0237451
0.0237808
0.0237923
0.0238148
0.0233832
0.023404
0.0234141
0.0230837
0.023064
0.0230915
0.0231091
0.0231177
0.0228343
0.0228429
0.0228507
0.0228731
0.0228803
0.0226563
0.0226694
0.0226758
0.0226939
0.0226997
0.02254
0.02254
0.02255
0.022568
0.022473
0.0224805
0.0224836
0.0224916
0.022473
0.0224756
0.0224786
0.0224816
0.0225371
0.0225371
0.022537
0.0225353
0.0225342
0.0226616
0.0226596
0.0226523
0.0226462
0.0226428
0.0228339
0.0228351
0.0228302
0.0228087
0.0228087
0.0230866
0.0230802
0.0230596
0.0230447
0.0233916
0.0233986
0.0233818
0.0233459
0.0233459
0.023783
0.0237534
0.0237328
0.0237116
0.0242007
0.0241988
0.0241872
0.0241516
0.0247323
0.0247199
0.0246946
0.0246686
0.0246285
0.0252527
0.0252357
0.0252357
0.0252357
0.0251607
0.0258818
0.0258659
0.0258168
0.0258168
0.0258168
0.0257304
0.0256756
0.0269603
0.0269413
0.0269027
0.0268231
0.0277328
0.0277122
0.0276915
0.0276282
0.0276067
0.0285691
0.0285467
0.0284781
0.0284548
0.0295155
0.0294431
0.0293937
0.0292922
0.0292922
0.0304304
0.0304043
0.0303221
0.0303221
0.0302373
0.0315483
0.0315188
0.031489
0.0314285
0.032665
0.0326503
0.0325869
0.0325547
0.0338379
0.0338886
0.0338221
0.0337199
0.0336854
0.0351365
0.0350654
0.0350294
0.0349567
0.0364591
0.0363837
0.0363837
0.0363074
0.036191
0.0377994
0.0378198
0.0377395
0.0376168
0.0375755
0.0393388
0.0392121
0.0391262
0.0390828
0.0408559
0.0408115
0.0407668
0.0406314
0.0405856
0.0425467
0.0424527
0.0423087
0.04226
0.0443269
0.0442274
0.0440753
0.0438682
0.0438682
0.0460964
0.0459903
0.0458277
0.0456623
0.0479284
0.0478976
0.0477845
0.0477275
0.0500182
0.0499018
0.0499018
0.0497843
0.0496062
0.052037
0.0519462
0.0518858
0.0517641
0.0516416
0.0547504
0.054785
0.0546635
0.0545414
0.0544182
0.0571987
0.057011
0.0569479
0.0568204
0.0566963
0.059611
0.0594897
0.0594292
0.0592475
0.0622739
0.0621522
0.0620294
0.0619056
0.0617805
0.0648358
0.0647722
0.0646454
0.0645191
0.0677459
0.0676166
0.0674865
0.0674209
0.0705009
0.0704938
0.070355
0.0702834
0.0700666
0.0699936
0.0740948
0.0739458
0.0737944
0.0737178
0.077077
0.0772139
0.0769743
0.0768111
0.0766456
0.080443
0.080273
0.0800124
0.0799242
0.0836412
0.0836962
0.0835124
0.0833216
0.0831256
0.0871943
0.0870043
0.0868215
0.0868215
0.0905367
0.0905082
0.0903324
0.090249
0.0901664
0.0899215
0.0950229
0.0948647
0.0947092
0.0945561
0.0944806
0.0983894
0.0982435
0.0981715
0.0980286
0.101713
0.101713
0.101507
0.10144
0.101307
0.104915
0.104786
0.104722
0.104531
0.108116
0.107991
0.107805
0.10762
0.10762
0.111005
0.110822
0.110761
0.110579
0.114022
0.113961
0.11384
0.113719
0.113598
0.116673
0.116492
0.116431
0.116371
0.119331
0.119211
0.119032
0.118914
0.121711
0.121817
0.121642
0.121526
0.121469
0.124194
0.124081
0.123971
0.123916
0.123753
0.126461
0.126304
0.126202
0.126151
0.128622
0.128573
0.128478
0.128339
0.130591
0.130637
0.130594
0.130467
0.130385
0.132643
0.132604
0.132489
0.132452
0.134509
0.134474
0.134439
0.134337
0.13427
0.136203
0.136187
0.136156
0.136093
0.136062
0.137908
0.137908
0.137818
0.137788
0.139773
0.139714
0.139626
0.139626
0.139539
0.141187
0.141225
0.141142
0.141114
0.141059
0.142657
0.142603
0.142549
0.142523
0.144064
0.143985
0.143959
0.143881
0.143856
0.145317
0.145219
0.145219
0.145148
0.14647
0.146479
0.146457
0.146393
0.147854
0.147854
0.147816
0.147797
0.14776
0.147726
0.148897
0.148866
0.148836
0.148808
0.148794
0.149882
0.149857
0.149833
0.150795
0.15084
0.150799
0.150799
0.15077
0.151714
0.151705
0.151672
0.151672
0.151649
0.15253
0.152501
0.152488
0.152488
0.153251
0.153277
0.153265
0.153248
0.153248
0.154033
0.154023
0.154013
0.154
0.153995
0.154671
0.154667
0.154657
0.154651
0.155238
0.155264
0.155262
0.155258
0.155258
0.155808
0.155808
0.155811
0.155812
0.156294
0.156296
0.1563
0.156305
0.156721
0.156725
0.156748
0.156748
0.156759
0.157138
0.157138
0.157159
0.157182
0.157182
0.157448
0.157466
0.157484
0.157494
0.157683
0.157711
0.157722
0.157755
0.157767
0.157897
0.157934
0.15796
0.15796
0.15804
0.15804
0.15808
0.158094
0.158136
0.15813
0.158145
0.158174
0.158189
0.158161
0.158185
0.158216
0.158248
0.158265
0.158158
0.158209
0.158209
0.158262
0.158281
0.158115
0.158134
0.158192
0.158231
0.157984
0.158004
0.158044
0.158106
0.157821
0.157822
0.157888
0.157957
0.158004
0.157611
0.157659
0.157683
0.157783
0.157808
0.157808
0.157336
0.157362
0.157415
0.15747
0.156954
0.157039
0.157067
0.157183
0.156599
0.156629
0.156689
0.15672
0.156138
0.156158
0.156189
0.156284
0.156348
0.15638
0.15569
0.155755
0.155788
0.155855
0.155094
0.155162
0.15523
0.155299
0.154431
0.154538
0.154538
0.154647
0.154684
0.153739
0.153813
0.153927
0.154003
0.152979
0.153057
0.153096
0.153214
0.153253
0.152189
0.152229
0.152391
0.152391
0.151318
0.151328
0.15141
0.151493
0.151577
0.150266
0.150349
0.150476
0.150518
0.149289
0.149293
0.149336
0.149422
0.149508
0.148111
0.148198
0.148285
0.148373
0.148417
0.146932
0.146976
0.147108
0.147197
0.145579
0.145667
0.145712
0.145801
0.144194
0.144224
0.144311
0.1444
0.144488
0.14264
0.142729
0.142818
0.142932
0.141025
0.141056
0.141131
0.141252
0.139419
0.139342
0.139381
0.139582
0.139582
0.139623
0.136981
0.137064
0.137105
0.13723
0.137315
0.135096
0.135226
0.135358
0.135403
0.135448
0.133178
0.133318
0.133366
0.133462
0.131132
0.131233
0.131385
0.131489
0.129098
0.129165
0.129165
0.12922
0.126833
0.126918
0.126854
0.126854
0.127105
0.127296
0.127357
0.123961
0.124017
0.124128
0.124292
0.121599
0.121704
0.121804
0.121854
0.122004
0.11936
0.119409
0.119506
0.119602
0.119697
0.117212
0.117258
0.11735
0.117487
0.11507
0.115114
0.115204
0.115248
0.115468
0.115511
0.112429
0.112516
0.112602
0.112646
0.110644
0.110608
0.110695
0.110781
0.110825
0.108797
0.108885
0.108972
0.10906
0.107149
0.10717
0.107261
0.107352
0.107443
0.105546
0.105684
0.105729
0.10582
0.104013
0.104103
0.104148
0.104282
0.104371
0.102663
0.10275
0.102836
0.102922
0.101409
0.101402
0.101485
0.101566
0.101646
0.100194
0.100187
0.100302
0.100377
0.0990315
0.0990629
0.0991352
0.0992419
0.0992771
0.0979923
0.0980615
0.0981304
0.0981988
0.0970424
0.0970762
0.0970762
0.097211
0.0972782
0.0973117
0.0960537
0.0961548
0.0961885
0.0962561
0.0952441
0.0952541
0.0952881
0.0953906
0.0954593
0.0945257
0.0945603
0.0946643
0.0947339
0.0939057
0.0939406
0.0940105
0.0940803
0.09415
0.0933575
0.0934269
0.0934614
0.0935646
0.0928874
0.0929138
0.0929814
0.093015
0.0924379
0.0924709
0.0925038
0.0926012
0.0926654
0.092729
0.0920955
0.0921577
0.0922191
0.09228
0.0918255
0.0918572
0.0919462
0.0919756
0.092034
0.0916233
0.0916806
0.0917374
0.0917938
0.091453
0.0915087
0.0915639
0.0916189
0.0916735
0.0913984
0.091479
0.0915057
0.0915324
0.0913469
0.0913997
0.091452
0.091504
0.0915557
0.0914045
0.0914549
0.0916001
0.0916001
0.0916001
0.0916001
0.0916718
0.091553
0.0915733
0.0916442
0.0916675
0.0917134
0.0917512
0.0917735
0.0918176
0.0918611
0.0919042
0.0919805
0.0920435
0.0920848
0.0921053
0.0922418
0.092302
0.0923219
0.0923809
0.0925675
0.0925972
0.0926547
0.0926924
0.0927111
0.0930342
0.0930524
0.0930882
0.0931059
0.093158
0.093175
0.0935757
0.0935921
0.0936245
0.0936717
0.0940796
0.0940947
0.0941392
0.0941679
0.0946331
0.0946736
0.094687
0.0947255
0.0947378
0.0952693
0.095323
0.0953442
0.0953644
0.0953742
0.0959992
0.0960172
0.0960425
0.0960425
0.0967552
0.0967694
0.0967825
0.0967887
0.0967887
0.0976618
0.0977156
0.0977191
0.0977283
0.0977337
0.0985899
0.0985956
0.0985972
0.0985998
0.0986017
0.0995269
0.0995274
0.0995272
0.0995262
0.10052
0.100518
0.100515
0.100511
0.100506
0.101566
0.101563
0.101556
0.101549
0.102621
0.102672
0.102661
0.102655
0.102641
0.102618
0.104102
0.104093
0.104063
0.104052
0.105442
0.10543
0.105394
0.105367
0.10534
0.106743
0.106713
0.106682
0.106649
0.108053
0.108105
0.10805
0.108031
0.107992
0.109573
0.109532
0.109488
0.109444
0.111022
0.111073
0.111024
0.110975
0.110925
0.112642
0.112642
0.112588
0.112533
0.1144
0.114451
0.11439
0.114327
0.114263
0.11624
0.116172
0.116102
0.116066
0.118118
0.118043
0.117967
0.117889
0.117849
0.120009
0.119926
0.119842
0.119755
0.119667
0.121981
0.12189
0.12175
0.121703
0.124136
0.12399
0.12394
0.12394
0.123737
0.123685
0.126795
0.126688
0.12658
0.12647
0.129339
0.12917
0.12917
0.128997
0.128879
0.131724
0.131605
0.131485
0.131365
0.134339
0.134217
0.134156
0.13397
0.136826
0.136946
0.136818
0.136689
0.136557
0.139671
0.139728
0.139523
0.139372
0.139291
0.142689
0.142479
0.142407
0.14212
0.14212
0.146079
0.147337
0.147396
0.147318
0.147086
0.146931
0.150546
0.150611
0.150375
0.150216
0.150057
0.153946
0.153785
0.153622
0.15354
0.157493
0.157324
0.157154
0.156981
0.156805
0.160995
0.160815
0.160632
0.160446
0.164521
0.164521
0.164424
0.164229
0.164031
0.168562
0.16835
0.168135
0.167919
0.172317
0.172387
0.172185
0.171982
0.176621
0.17653
0.176347
0.176166
0.175987
0.180348
0.180435
0.180261
0.180175
0.179918
0.184379
0.184211
0.183961
0.183961
0.188099
0.187936
0.187936
0.187695
0.187535
0.187377
0.19223
0.192151
0.191918
0.191763
0.195732
0.19558
0.195504
0.195277
0.195128
0.198948
0.1988
0.198654
0.198509
0.202179
0.202036
0.201895
0.201755
0.205206
0.205137
0.205001
0.204867
0.204668
0.208107
0.207977
0.207849
0.207722
0.210765
0.210824
0.210703
0.210525
0.210466
0.213544
0.213431
0.213319
0.21321
0.215975
0.216034
0.21593
0.215828
0.215727
0.218517
0.218421
0.218233
0.218233
0.218141
0.220795
0.220707
0.220663
0.220536
0.223056
0.222975
0.222895
0.222817
0.22274
0.225134
0.225061
0.225024
0.224917
0.227191
0.227123
0.227056
0.227024
0.226959
0.229326
0.229264
0.229204
0.229145
0.231152
0.231124
0.231069
0.231014
0.230961
0.23289
0.23284
0.23279
0.232742
0.232718
0.234522
0.234477
0.234433
0.23439
0.236118
0.236077
0.236038
0.235999
0.23754
0.237595
0.23756
0.23756
0.237495
0.239031
0.239002
0.238919
0.238919
0.238919
0.240523
0.24051
0.240475
0.240453
0.240433
0.241781
0.241763
0.241746
0.24173
0.242991
0.242977
0.242964
0.242952
0.242942
0.244123
0.244115
0.244108
0.244102
0.245202
0.245198
0.245195
0.245193
0.246217
0.246217
0.246217
0.246219
0.246219
0.246222
0.247377
0.247381
0.247386
0.247389
0.247394
0.248266
0.248278
0.248282
0.248291
0.249091
0.249101
0.249113
0.249125
0.249138
0.249869
0.249884
0.249899
0.249916
0.250577
0.250604
0.250613
0.250633
0.250653
0.251245
0.251267
0.251267
0.251314
0.251847
0.25186
0.251887
0.251928
0.252412
0.252412
0.252427
0.252472
0.252503
0.25286
0.252911
0.252945
0.252981
0.253018
0.253321
0.25336
0.253399
0.253459
0.253674
0.253716
0.253758
0.253801
0.253845
0.254015
0.254061
0.254107
0.254153
0.254259
0.254308
0.254456
0.254456
0.254456
0.254456
0.254559
0.254584
0.254636
0.254688
0.254741
0.254703
0.254757
0.254812
0.254868
0.254778
0.254852
0.254881
0.254938
0.254996
0.254806
0.254895
0.254954
0.255014
0.255075
0.254855
0.254916
0.254978
0.255072
0.25476
0.254824
0.254888
0.254953
0.255018
0.25461
0.25472
0.25472
0.254858
0.254929
0.254964
0.255036
0.254391
0.254501
0.254538
0.254612
0.254092
0.25417
0.254245
0.254283
0.253776
0.253776
0.25389
0.253967
0.254005
0.253399
0.253472
0.253549
0.253627
0.252958
0.252951
0.253029
0.253147
0.253147
0.252442
0.252522
0.252562
0.252642
0.251882
0.251909
0.251989
0.252029
0.252109
0.252189
0.25125
0.25129
0.251411
0.250476
0.250455
0.250536
0.250658
0.25074
0.25078
0.249709
0.249832
0.249914
0.249956
0.248892
0.248934
0.248976
0.24906
0.247876
0.247919
0.248004
0.248217
0.248217
0.248281
0.246837
0.246922
0.246965
0.247093
0.245699
0.245785
0.245828
0.245955
0.244525
0.244602
0.244644
0.244685
0.244769
0.243288
0.24333
0.243372
0.243499
0.241841
0.241872
0.241933
0.241988
0.242071
0.240356
0.24042
0.240487
0.240521
0.238825
0.238825
0.238894
0.238929
0.239067
0.239067
0.236746
0.236742
0.236851
0.236851
0.234907
0.234945
0.235021
0.235139
0.23522
0.233104
0.233229
0.233314
0.233358
0.233447
0.231365
0.231412
0.231508
0.231607
0.229325
0.229376
0.229482
0.229649
0.229706
0.22736
0.227518
0.227618
0.227668
0.225354
0.225581
0.225581
0.225581
0.225667
0.225797
0.22273
0.222641
0.222725
0.222808
0.222889
0.220696
0.220736
0.220895
0.220935
0.218959
0.218919
0.218996
0.219073
0.21915
0.217151
0.217228
0.217304
0.21738
0.215581
0.21555
0.215665
0.215703
0.21578
0.21396
0.213999
0.214117
0.214156
0.212496
0.212536
0.212616
0.212695
0.212775
0.21112
0.211239
0.211279
0.211358
0.209843
0.209873
0.209952
0.21003
0.210108
0.208595
0.208711
0.208788
0.208864
0.207521
0.207559
0.207633
0.207707
0.207781
0.206532
0.206531
0.206638
0.206709
0.20552
0.20559
0.205659
0.205762
0.205796
0.204698
0.204732
0.204834
0.204902
0.203887
0.203955
0.204024
0.204092
0.204161
0.203188
0.203292
0.203396
0.20343
0.202565
0.202634
0.202704
0.202739
0.202844
0.20205
0.202121
0.202191
0.202262
0.201573
0.201644
0.20168
0.201752
0.201823
0.201126
0.20116
0.201231
0.201302
0.201374
0.200791
0.200862
0.200933
0.201003
0.200524
0.200559
0.200629
0.200698
0.200767
0.20032
0.200389
0.200457
0.200525
0.200169
0.200213
0.200246
0.200346
0.200412
0.200075
0.200075
0.200172
0.200237
0.200302
0.200062
0.200094
0.200158
0.200254
0.200318
0.200139
0.200233
0.200265
0.200328
0.200207
0.20027
0.200332
0.200394
0.200456
0.200393
0.200455
0.200516
0.200577
0.200601
0.200631
0.200691
0.20075
0.200809
0.20086
0.200918
0.200947
0.201004
0.201148
0.201208
0.201263
0.201318
0.201515
0.20155
0.201603
0.201655
0.201707
0.201758
0.201998
0.202023
0.202097
0.202146
0.202448
0.202496
0.202566
0.202589
0.202635
0.203001
0.203045
0.203089
0.203132
0.203564
0.203585
0.203647
0.203687
0.203974
0.204236
0.204245
0.20432
0.20432
0.204891
0.204944
0.204978
0.205012
0.205045
0.205685
0.205717
0.205748
0.205778
0.206487
0.206516
0.206545
0.206572
0.206599
0.207375
0.207399
0.207422
0.207444
0.208293
0.208303
0.208332
0.208349
0.209279
0.209287
0.209302
0.209316
0.209328
0.210323
0.210334
0.210344
0.210348
0.211425
0.211428
0.211435
0.211443
0.211445
0.212652
0.212655
0.212657
0.212656
0.212655
0.21388
0.213875
0.21387
0.213864
0.215171
0.215162
0.215147
0.215141
0.215129
0.21652
0.216505
0.216489
0.216472
0.217864
0.21793
0.217897
0.217886
0.217862
0.219416
0.219403
0.219375
0.219346
0.221005
0.220972
0.220937
0.220899
0.22086
0.22262
0.222577
0.222533
0.222487
0.224327
0.224327
0.224249
0.224195
0.224139
0.226113
0.226084
0.225994
0.225931
0.227893
0.227951
0.227884
0.22771
0.22771
0.23033
0.230351
0.230351
0.230276
0.230238
0.230081
0.232971
0.233028
0.232986
0.232858
0.232815
0.23516
0.235126
0.23508
0.235033
0.234939
0.237457
0.237408
0.237358
0.237205
0.239843
0.239901
0.239795
0.239632
0.24246
0.24246
0.242293
0.242237
0.242123
0.242066
0.244902
0.244902
0.244721
0.247686
0.247809
0.247747
0.247458
0.247294
0.250654
0.250715
0.25058
0.250443
0.250304
0.253752
0.253611
0.253539
0.253322
0.2567
0.256759
0.256608
0.25638
0.256304
0.260063
0.25991
0.259756
0.259601
0.263484
0.263327
0.263169
0.26301
0.262929
0.267501
0.26774
0.267235
0.267235
0.267235
0.266976
0.26689
0.26663
0.273363
0.273186
0.273006
0.272823
0.277032
0.277109
0.27692
0.276729
0.276536
0.281179
0.280978
0.280772
0.280563
0.285063
0.285141
0.284942
0.284741
0.28454
0.289412
0.289033
0.289033
0.288938
0.293697
0.293509
0.293323
0.293138
0.297478
0.297655
0.297477
0.2973
0.297124
0.301562
0.301475
0.301302
0.30113
0.30096
0.305323
0.305155
0.304987
0.304821
0.308785
0.308859
0.308695
0.308533
0.308371
0.312418
0.312258
0.312099
0.311941
0.315614
0.31568
0.315525
0.315295
0.315219
0.318889
0.318814
0.318592
0.318519
0.322112
0.321969
0.321898
0.321687
0.321549
0.324991
0.324857
0.324725
0.324595
0.327696
0.327756
0.327632
0.327511
0.327392
0.330526
0.330412
0.330299
0.330189
0.333003
0.333065
0.332961
0.33281
0.332664
0.332664
0.335975
0.335882
0.335791
0.335747
0.338372
0.338329
0.338204
0.338123
0.340514
0.340578
0.34054
0.340428
0.340355
0.342761
0.342691
0.342623
0.342555
0.344714
0.344776
0.344712
0.344649
0.344588
0.346763
0.346674
0.346644
0.346644
0.346556
0.34647
0.349003
0.348976
0.348897
0.348846
0.350789
0.350765
0.350694
0.350649
0.352464
0.352443
0.352402
0.352362
0.352324
0.354058
0.354024
0.353991
0.353959
0.353929
0.355561
0.355534
0.355509
0.355474
0.357016
0.357005
0.356975
0.356957
0.35694
0.358454
0.35844
0.358426
0.358414
0.359682
0.359745
0.359732
0.359728
0.359721
0.360977
0.360972
0.360968
0.360965
0.362141
0.362139
0.362138
0.362138
0.362139
0.363239
0.363243
0.363244
0.363247
0.364275
0.36428
0.364285
0.364285
0.364299
0.365251
0.365265
0.365274
0.365285
0.366222
0.366274
0.366287
0.3663
0.366307
0.367072
0.367139
0.367157
0.367176
0.367196
0.367931
0.367942
0.367976
0.368
0.368629
0.368688
0.368715
0.368743
0.368772
0.369361
0.369392
0.369408
0.369457
0.369929
0.370005
0.370078
0.370078
0.370257
0.370554
0.370593
0.370613
0.370653
0.37104
0.371082
0.371125
0.371168
0.371212
0.371511
0.371578
0.371601
0.371647
0.371872
0.371928
0.371976
0.372024
0.372049
0.372244
0.372294
0.372345
0.372396
0.372532
0.372558
0.372611
0.37269
0.372717
0.37274
0.372822
0.372879
0.372936
0.372934
0.372976
0.373036
0.373096
0.373188
0.373078
0.37314
0.373204
0.373268
0.373138
0.37319
0.373257
0.373325
0.373359
0.373186
0.373256
0.373361
0.373397
0.373468
0.373198
0.373234
0.373344
0.373418
0.373418
0.373083
0.373121
0.373236
0.373314
0.373392
0.37296
0.372999
0.373078
0.373156
0.372705
0.372712
0.372834
0.372916
0.372998
0.372447
0.37253
0.372614
0.372699
0.372119
0.372121
0.372249
0.372335
0.372421
0.371731
0.371819
0.371862
0.371994
0.371282
0.371321
0.371409
0.371542
0.371587
0.370637
0.370627
0.370716
0.370805
0.370895
0.37003
0.370061
0.370105
0.370195
0.370329
0.369377
0.369422
0.369511
0.369556
0.368594
0.368617
0.368707
0.368797
0.368887
0.367738
0.367783
0.367918
0.368008
0.366825
0.366825
0.36696
0.36705
0.367095
0.365788
0.365922
0.366012
0.366101
0.364798
0.364803
0.364891
0.365024
0.365068
0.3636
0.363687
0.363773
0.363859
0.362357
0.362393
0.362477
0.362561
0.362645
0.361006
0.36109
0.361216
0.361249
0.359614
0.359571
0.359629
0.359689
0.359753
0.357973
0.358042
0.358077
0.358147
0.356307
0.356413
0.356448
0.356519
0.356591
0.354645
0.354718
0.354791
0.354866
0.352959
0.352917
0.352995
0.353076
0.353158
0.351077
0.351119
0.351206
0.351294
0.349203
0.34912
0.349269
0.349373
0.349373
0.347195
0.347289
0.347384
0.347478
0.345094
0.345137
0.345222
0.345306
0.34539
0.343161
0.343244
0.343326
0.343408
0.34349
0.341351
0.341432
0.341554
0.341594
0.339543
0.339624
0.339704
0.339785
0.339865
0.337902
0.337982
0.338062
0.338142
0.33627
0.33631
0.33643
0.33647
0.33655
0.334565
0.334685
0.334724
0.334804
0.333256
0.33324
0.33332
0.333399
0.333478
0.331884
0.331963
0.332002
0.332119
0.332197
0.330694
0.330771
0.330809
0.330922
0.329515
0.32959
0.329664
0.329737
0.32981
0.328497
0.32857
0.328642
0.328713
0.327491
0.327562
0.327633
0.327704
0.327774
0.326638
0.326673
0.326814
0.326849
0.325796
0.325866
0.325936
0.326007
0.325087
0.325102
0.325172
0.325243
0.325314
0.324413
0.32452
0.324555
0.324627
0.324698
0.323869
0.323941
0.324012
0.324084
0.323334
0.323362
0.323469
0.32354
0.323612
0.32296
0.322996
0.323067
0.323138
0.32252
0.322591
0.322661
0.322731
0.322216
0.322253
0.322322
0.322391
0.322494
0.321983
0.322051
0.322118
0.322186
0.321801
0.321844
0.321911
0.321977
0.322044
0.321699
0.321765
0.321831
0.321962
0.321962
0.321681
0.321746
0.321811
0.321875
0.321655
0.321688
0.321784
0.321784
0.321913
0.32173
0.321815
0.321847
0.32191
0.321974
0.32188
0.321942
0.322005
0.322067
0.322034
0.322091
0.322153
0.322213
0.322274
0.322323
0.322353
0.322413
0.322472
0.322545
0.322576
0.322663
0.322663
0.322777
0.32291
0.322966
0.323022
0.323077
0.323159
0.32335
0.323403
0.323456
0.323509
0.32356
0.323819
0.32387
0.323895
0.323969
0.323969
0.324338
0.324386
0.324433
0.324479
0.324861
0.324884
0.324951
0.324994
0.325442
0.325484
0.325505
0.325567
0.325608
0.326141
0.326161
0.326199
0.326237
0.326819
0.326837
0.326889
0.326922
0.326954
0.327609
0.327639
0.327668
0.327697
0.328436
0.328436
0.328476
0.328501
0.329252
0.32932
0.329331
0.329363
0.329374
0.33025
0.330269
0.330287
0.330312
0.33032
0.331256
0.331271
0.331284
0.331296
0.332304
0.332315
0.332324
0.332332
0.332339
0.333421
0.333427
0.333435
0.333437
0.334589
0.334592
0.334593
0.334592
0.334591
0.33582
0.335818
0.335812
0.335806
0.337116
0.337103
0.337098
0.337088
0.338481
0.338549
0.338534
0.338518
0.338501
0.339985
0.339965
0.339943
0.339919
0.339895
0.341457
0.341443
0.341415
0.341386
0.342955
0.34302
0.342985
0.342948
0.342929
0.344671
0.344629
0.344585
0.344516
0.346296
0.346356
0.346306
0.34628
0.348082
0.348197
0.348141
0.348023
0.347992
0.349949
0.350007
0.349941
0.349839
0.349839
0.351995
0.351923
0.351849
0.351774
0.353945
0.354002
0.353922
0.353881
0.353756
0.356182
0.356051
0.356007
0.355916
0.358315
0.358372
0.358277
0.358229
0.358081
0.360705
0.360655
0.360552
0.360448
0.360342
0.36331
0.363201
0.363146
0.362979
0.36592
0.365804
0.365685
0.365563
0.368585
0.368522
0.368396
0.368267
0.371239
0.371363
0.371229
0.371093
0.371024
0.37413
0.37419
0.374049
0.373905
0.37376
0.377354
0.377132
0.377057
0.37684
0.380438
0.380361
0.380285
0.380054
0.379899
0.38372
0.383564
0.383407
0.383328
0.38697
0.387042
0.386798
0.386716
0.386551
0.39065
0.390482
0.39031
0.390136
0.38996
0.394215
0.394035
0.393853
0.393668
0.398096
0.397907
0.397717
0.397524
0.39733
0.40202
0.401608
0.401502
0.401397
0.406294
0.406294
0.406166
0.405959
0.405751
0.405544
0.411428
0.411331
0.411235
0.410947
0.410757
0.415537
0.41535
0.415164
0.41498
0.419602
0.419421
0.419331
0.418973
0.422251
0.423347
0.423172
0.422998
0.422825
0.42713
0.426961
0.426961
0.426625
0.426542
0.430601
0.430357
0.430357
0.430115
0.434097
0.433939
0.433782
0.433627
0.433473
0.437298
0.437147
0.436997
0.436849
0.44052
0.440232
0.440232
0.440091
0.439951
0.443467
0.443331
0.443197
0.443065
0.446424
0.446296
0.44617
0.446046
0.44913
0.44913
0.449013
0.448898
0.448785
0.451836
0.451728
0.451621
0.451517
0.451415
0.454317
0.454219
0.454123
0.454029
0.456785
0.456695
0.456607
0.45652
0.458991
0.459055
0.458973
0.458893
0.458814
0.461304
0.461228
0.461117
0.461081
0.461009
0.463377
0.463308
0.463239
0.463172
0.465549
0.465484
0.465421
0.465359
0.465298
0.467432
0.467345
0.467316
0.46726
0.469286
0.469232
0.469179
0.469128
0.469078
0.471
0.470953
0.470929
0.470862
0.472658
0.472637
0.472597
0.472538
0.472519
0.474331
0.474297
0.474264
0.474233
0.474203
0.475915
0.475875
0.475849
0.475825
0.477249
0.477321
0.47729
0.477271
0.477253
0.478677
0.478653
0.478639
0.478626
0.479881
0.479942
0.479928
0.479923
0.479915
0.481161
0.481154
0.481149
0.482123
0.482248
0.482309
0.482305
0.482304
0.482303
0.483397
0.483397
0.483398
0.483399
0.484422
0.484425
0.484428
0.484433
0.484438
0.485388
0.485394
0.485405
0.485414
0.486301
0.486306
0.486316
0.486328
0.486334
0.487154
0.487169
0.487185
0.487194
0.487222
0.488037
0.488047
0.488079
0.488114
0.488126
0.488849
0.488874
0.488887
0.488928
0.489476
0.489534
0.489549
0.48958
0.489629
0.490131
0.490165
0.4902
0.490236
0.490645
0.490683
0.49074
0.490779
0.490819
0.491178
0.491219
0.49126
0.491302
0.491616
0.491616
0.491703
0.491703
0.49177
0.492007
0.492053
0.4921
0.492147
0.49217
0.492359
0.492407
0.492457
0.492532
0.492584
0.49266
0.492712
0.492764
0.492809
0.492861
0.492888
0.492972
0.493029
0.49301
0.493068
0.493127
0.493187
0.493166
0.493166
0.493228
0.493259
0.493353
0.493353
0.493233
0.493266
0.493365
0.493432
0.4935
0.493247
0.493316
0.493386
0.493457
0.493168
0.493241
0.493315
0.493389
0.493465
0.49311
0.493187
0.493264
0.493343
0.492961
0.493
0.49308
0.49316
0.493241
0.492753
0.492835
0.492917
0.493
0.492445
0.492528
0.492697
0.492739
0.492739
0.492116
0.492118
0.492203
0.492289
0.492374
0.49167
0.491756
0.491842
0.491929
0.492015
0.491242
0.491372
0.491416
0.491503
0.490658
0.490745
0.490832
0.490919
0.491007
0.490089
0.490176
0.490264
0.490351
0.489402
0.489446
0.489533
0.48962
0.48862
0.488598
0.488598
0.488774
0.488863
0.488953
0.489088
0.487439
0.487484
0.487618
0.487752
0.487752
0.486496
0.486629
0.486673
0.486806
0.485473
0.485517
0.485648
0.485735
0.484321
0.484364
0.484534
0.484618
0.484618
0.483161
0.483202
0.483284
0.483367
0.481769
0.481714
0.481796
0.481837
0.481934
0.481989
0.480105
0.480129
0.480176
0.480229
0.478613
0.4786
0.47863
0.478721
0.478781
0.47694
0.477001
0.477062
0.477156
0.475265
0.475329
0.475361
0.475425
0.47549
0.473551
0.473586
0.473692
0.473728
0.471784
0.471739
0.471857
0.471981
0.471981
0.469813
0.469815
0.46986
0.470007
0.467755
0.467808
0.467913
0.468064
0.468111
0.465862
0.465954
0.466044
0.466168
0.466168
0.463929
0.464051
0.464051
0.464172
0.461982
0.462021
0.462139
0.462216
0.462255
0.460237
0.460237
0.46039
0.460467
0.460467
0.45816
0.458198
0.458313
0.458351
0.456591
0.45656
0.456598
0.456676
0.455036
0.455011
0.455011
0.455128
0.455247
0.455247
0.45355
0.45367
0.45367
0.45375
0.452135
0.452216
0.452297
0.452378
0.450856
0.450928
0.450968
0.451048
0.451088
0.449523
0.449518
0.449636
0.449714
0.449752
0.448414
0.44849
0.448565
0.448639
0.44736
0.447397
0.447506
0.447577
0.447613
0.446463
0.446498
0.446568
0.446638
0.445609
0.445609
0.445712
0.445746
0.445814
0.444801
0.444903
0.444937
0.445005
0.444158
0.444173
0.444173
0.44431
0.444414
0.444414
0.443351
0.443456
0.443527
0.443562
0.442851
0.442851
0.442961
0.443035
0.443073
0.442385
0.442499
0.442499
0.442575
0.441949
0.441987
0.442064
0.442179
0.442218
0.441656
0.441695
0.441771
0.441848
0.441924
0.441447
0.441466
0.441541
0.441179
0.441151
0.441298
0.441298
0.441407
0.441443
0.441046
0.441118
0.441224
0.441064
0.440931
0.441
0.441069
0.441171
0.441205
0.440977
0.441044
0.441144
0.441177
0.440946
0.441012
0.441107
0.441171
0.441037
0.441037
0.441164
0.441195
0.441289
0.44132
0.441234
0.441328
0.441359
0.44142
0.441408
0.4415
0.44153
0.441591
0.441665
0.441695
0.441785
0.441845
0.441874
0.441973
0.44209
0.44209
0.442177
0.442361
0.442389
0.442446
0.442474
0.442705
0.442742
0.442796
0.442875
0.442952
0.443163
0.443254
0.443303
0.443377
0.443425
0.443425
0.443425
0.44396
0.444026
0.444116
0.444116
0.444574
0.444595
0.444657
0.444677
0.444737
0.445243
0.44528
0.445317
0.445336
0.445372
0.445949
0.445983
0.446034
0.446051
0.44673
0.446746
0.446761
0.446807
0.446822
0.447551
0.44758
0.447594
0.447607
0.448416
0.448476
0.448476
0.448476
0.448508
0.448519
0.449564
0.449594
0.44962
0.44962
0.450559
0.450582
0.450589
0.450603
0.45162
0.451625
0.451641
0.45165
0.451658
0.452738
0.452748
0.452756
0.452756
0.453917
0.453919
0.45392
0.453921
0.453921
0.455155
0.455153
0.455147
0.455144
0.455135
0.456449
0.456441
0.456436
0.456426
0.457822
0.457809
0.457795
0.457779
0.459168
0.459244
0.459215
0.459204
0.459183
0.46073
0.46073
0.460677
0.460663
0.460648
0.462294
0.462277
0.462224
0.462206
0.463948
0.463927
0.463864
0.463819
0.465575
0.46566
0.465587
0.465562
0.465483
0.467453
0.467425
0.467368
0.467279
0.467248
0.469296
0.469232
0.469165
0.469131
0.471196
0.471218
0.471182
0.471069
0.471031
0.473302
0.473222
0.473181
0.473056
0.475386
0.475399
0.475264
0.475264
0.477626
0.477635
0.477635
0.477489
0.47739
0.480125
0.479922
0.479922
0.479818
0.479712
0.482472
0.482306
0.482306
0.482137
0.484968
0.485027
0.484851
0.484792
0.484672
0.487694
0.487633
0.487446
0.48732
0.490542
0.490348
0.490348
0.490217
0.490083
0.493311
0.493242
0.493102
0.493031
0.496541
0.49633
0.496256
0.495954
0.495954
0.499553
0.4994
0.499246
0.499169
0.502978
0.502664
0.502664
0.502506
0.506287
0.506287
0.506043
0.505878
0.505712
0.509641
0.509627
0.509541
0.509368
0.509191
0.514104
0.514013
0.513736
0.513548
0.513453
0.518345
0.51815
0.518052
0.517853
0.517545
0.52229
0.522074
0.521746
0.521637
0.526126
0.526198
0.525886
0.525781
0.525472
0.530323
0.53023
0.529954
0.529772
0.534492
0.534223
0.534134
0.534045
0.53378
0.538254
0.538254
0.537996
0.53791
0.541977
0.541975
0.541975
0.541809
0.541479
0.546684
0.546684
0.546522
0.54628
0.546119
0.550176
0.550097
0.549861
0.549706
0.549551
0.553532
0.553303
0.553228
0.553078
0.556753
0.556607
0.556534
0.556321
0.559841
0.559772
0.559703
0.559567
0.559365
0.559299
0.562734
0.562541
0.562414
0.562351
0.565449
0.565449
0.565329
0.565212
0.565155
0.568634
0.568467
0.568357
0.568303
0.571098
0.571057
0.571006
0.570956
0.570857
0.573628
0.573487
0.573441
0.573395
0.576031
0.575987
0.575814
0.57573
0.57573
0.57828
0.57816
0.57812
0.578004
0.580429
0.580281
0.580281
0.580281
0.580135
0.580065
0.583051
0.582982
0.582883
0.582818
0.582786
0.58492
0.584858
0.584828
0.586709
0.586795
0.586739
0.586685
0.586632
0.58847
0.588528
0.588504
0.588432
0.588386
0.59025
0.590206
0.590143
0.590102
0.590063
0.591803
0.591766
0.59173
0.591696
0.593338
0.593322
0.59326
0.59326
0.59323
0.594726
0.594726
0.594726
0.594726
0.594668
0.594646
0.596731
0.596712
0.596694
0.596677
0.596661
0.59799
0.597976
0.597963
0.597951
0.59919
0.59919
0.599176
0.599167
0.599159
0.600327
0.600322
0.600318
0.600316
0.601403
0.601401
0.6014
0.601399
0.602414
0.602414
0.602414
0.602417
0.602418
0.602421
0.603517
0.603571
0.603578
0.603581
0.604399
0.604452
0.604461
0.604475
0.604475
0.60527
0.605281
0.605288
0.605308
0.605988
0.606033
0.606049
0.606075
0.606103
0.60673
0.606759
0.606791
0.606802
0.606813
0.607387
0.607399
0.607448
0.607475
0.607475
0.607475
0.608019
0.608063
0.608093
0.608124
0.608671
0.608687
0.60872
0.608754
0.609092
0.60911
0.609165
0.609203
0.609223
0.609509
0.609549
0.60959
0.609632
0.609854
0.609875
0.609918
0.609962
0.610007
0.610143
0.610189
0.610212
0.610356
0.61038
0.610404
0.610453
0.610527
0.610552
0.610577
0.610603
0.610654
0.610706
0.610759
0.6107
0.610754
0.610782
0.610865
0.610756
0.610801
0.610887
0.610916
0.610975
0.610792
0.610852
0.610912
0.610974
0.611036
0.610791
0.610854
0.610886
0.610982
0.610674
0.610707
0.610805
0.610872
0.610604
0.610543
0.610612
0.610682
0.610753
0.610344
0.610386
0.610459
0.610496
0.610607
0.610101
0.610176
0.610253
0.610329
0.609794
0.609834
0.609874
0.609993
0.610072
0.609431
0.609512
0.609633
0.609674
0.60901
0.609046
0.609128
0.609253
0.609295
0.608515
0.608599
0.608641
0.608768
0.607971
0.608002
0.60813
0.608173
0.608259
0.607334
0.60742
0.607506
0.607593
0.606656
0.60668
0.606767
0.606854
0.606897
0.60591
0.605954
0.60604
0.606127
0.60505
0.605066
0.605153
0.605241
0.605328
0.604136
0.604193
0.604237
0.604414
0.603111
0.603111
0.603288
0.603288
0.603466
0.60351
0.603599
0.601361
0.601362
0.601451
0.60154
0.601629
0.600152
0.600152
0.600281
0.600367
0.600455
0.598846
0.59889
0.599023
0.599112
0.597405
0.597477
0.597542
0.597602
0.595854
0.595884
0.595946
0.596011
0.59608
0.594233
0.5943
0.594366
0.594433
0.592621
0.59261
0.592678
0.592747
0.592781
0.592851
0.590382
0.590452
0.590525
0.5906
0.590677
0.588572
0.588653
0.588736
0.588778
0.586606
0.586741
0.586787
0.586881
0.586976
0.584653
0.584756
0.584863
0.584972
0.582579
0.582681
0.582779
0.582878
0.580601
0.580555
0.580644
0.580644
0.580689
0.580912
0.577875
0.578005
0.578091
0.578134
0.578177
0.575929
0.5761
0.576143
0.576185
0.574115
0.574115
0.5742
0.574285
0.574413
0.572304
0.572475
0.572475
0.57256
0.570626
0.570712
0.570841
0.570841
0.569318
0.569039
0.569168
0.569211
0.569341
0.569384
0.567585
0.567757
0.5678
0.567842
0.565983
0.566153
0.566153
0.566238
0.566321
0.566404
0.564436
0.564517
0.564598
0.564678
0.563194
0.563273
0.563312
0.563428
0.56208
0.562118
0.562194
0.562269
0.562343
0.561051
0.561125
0.561161
0.56127
0.561342
0.560142
0.560213
0.56032
0.560356
0.559306
0.559348
0.559384
0.559455
0.559526
0.558494
0.558565
0.558637
0.558708
0.557751
0.557823
0.55793
0.557966
0.558002
0.557156
0.557228
0.5573
0.557372
0.556609
0.556634
0.556706
0.556777
0.556849
0.556147
0.556183
0.556254
0.556325
0.555663
0.55573
0.5558
0.555869
0.555938
0.555346
0.555415
0.555517
0.555551
0.555031
0.555065
0.555065
0.555231
0.555297
0.555364
0.554809
0.554874
0.554939
0.555003
0.554658
0.554699
0.554762
0.554825
0.554887
0.554587
0.554648
0.55471
0.554771
0.554534
0.554595
0.554656
0.554716
0.554777
0.5546
0.55466
0.55472
0.55478
0.55467
0.554691
0.554779
0.554809
0.554868
0.554837
0.554895
0.554954
0.555012
0.555009
0.555121
0.555121
0.555178
0.555234
0.555286
0.555342
0.555396
0.555451
0.555478
0.555615
0.555668
0.555721
0.555908
0.555942
0.555993
0.556044
0.556094
0.556119
0.556372
0.556372
0.556468
0.556492
0.556539
0.556912
0.556935
0.557003
0.557047
0.557069
0.557454
0.557517
0.557517
0.557941
0.557984
0.558024
0.558082
0.558101
0.558614
0.55865
0.558686
0.558703
0.559252
0.559317
0.559333
0.55938
0.559411
0.559426
0.560045
0.560103
0.560103
0.560103
0.560171
0.561181
0.561246
0.561258
0.56127
0.561304
0.56206
0.562127
0.562147
0.562167
0.562186
0.563055
0.563073
0.563081
0.563114
0.56399
0.564058
0.564072
0.564084
0.56409
0.565102
0.565111
0.565118
0.565125
0.566144
0.56621
0.566213
0.566215
0.566216
0.566216
0.566216
0.569081
0.569076
0.569064
0.570408
0.570401
0.570375
0.570356
0.570346
0.571778
0.571756
0.571732
0.571719
0.573227
0.573214
0.573201
0.573161
0.574685
0.574765
0.574723
0.574679
0.574679
0.576368
0.576321
0.576321
0.576273
0.576148
0.576135
0.576122
0.579689
0.579674
0.579627
0.579593
0.581553
0.581517
0.581459
0.581417
0.581396
0.583429
0.583382
0.583359
0.583284
0.585454
0.5854
0.585372
0.585286
0.587473
0.587515
0.587452
0.587452
0.587318
0.58973
0.589659
0.589548
0.589548
0.592046
0.591968
0.591928
0.591805
0.591763
0.594424
0.594293
0.594249
0.594158
0.5969
0.596853
0.596757
0.596608
0.59936
0.59948
0.599377
0.599271
0.59911
0.602167
0.602057
0.602001
0.601887
0.601709
0.604964
0.604719
0.604719
0.604593
0.604401
0.608134
0.608003
0.607937
0.607665
0.607665
0.611091
0.610947
0.610875
0.614239
0.614299
0.61422
0.614063
0.613827
0.613748
0.617565
0.617326
0.617246
0.617084
0.620943
0.62086
0.620695
0.620361
0.620361
0.624356
0.6241
0.6241
0.623926
0.628245
0.628049
0.628049
0.627781
0.627599
0.627507
0.632851
0.632664
0.632473
0.632376
0.636884
0.636684
0.636483
0.636279
0.640962
0.641141
0.640931
0.640719
0.640502
0.645171
0.64524
0.645016
0.644793
0.644575
0.649657
0.649438
0.649329
0.649005
0.648904
0.655135
0.654934
0.654734
0.654535
0.654436
0.65932
0.659128
0.659032
0.65875
0.663548
0.663273
0.663182
0.663001
0.662823
0.667446
0.667271
0.667098
0.666926
0.671375
0.671206
0.671039
0.670873
0.67499
0.67499
0.674828
0.674668
0.674508
0.678393
0.67847
0.678314
0.678159
0.678082
0.682413
0.68256
0.68241
0.682188
0.681969
0.681969
0.686381
0.686169
0.68596
0.68596
0.689278
0.689346
0.689148
0.689083
0.689019
0.692388
0.692263
0.692202
0.691961
0.695293
0.695235
0.69512
0.695007
0.694841
0.697907
0.697907
0.697751
0.697649
0.700616
0.700519
0.70047
0.700423
0.700239
0.703217
0.703088
0.703046
0.703005
0.702884
0.705848
0.705772
0.705735
0.705626
0.705591
0.708105
0.708004
0.707971
0.707906
0.71026
0.710229
0.71014
0.710082
0.710053
0.712264
0.712237
0.712211
0.712133
0.714309
0.714259
0.714187
0.71414
0.716067
0.716067
0.716072
0.716051
0.71601
0.71601
0.717926
0.717834
0.717834
0.717799
0.719934
0.720018
0.71997
0.719955
0.719926
0.721544
0.721599
0.721587
0.721564
0.723154
0.723154
0.723135
0.72311
0.723102
0.72461
0.724597
0.724592
0.724581
0.725922
0.725991
0.725988
0.72598
0.725976
0.72731
0.727309
0.727309
0.727308
0.727308
0.727309
0.7287
0.728702
0.72871
0.728713
0.730005
0.730017
0.730021
0.730025
0.731115
0.731115
0.731131
0.731137
0.73115
0.732165
0.732179
0.732186
0.732209
0.733099
0.733165
0.733183
0.733201
0.73321
0.734102
0.734102
0.734136
0.734147
0.734171
0.734983
0.734983
0.735037
0.735079
0.735828
0.735879
0.735925
0.735973
0.73599
0.736587
0.736654
0.736689
0.736726
0.737316
0.737355
0.737394
0.737434
0.737455
0.73793
0.737995
0.738061
0.738105
0.738128
0.738578
0.738601
0.738648
0.73872
0.739104
0.739104
0.739178
0.739203
0.739253
0.739601
0.739601
0.739682
0.739709
0.739932
0.740025
0.74011
0.740139
0.740303
0.740366
0.740425
0.740485
0.740546
0.740652
0.740715
0.740746
0.740842
0.740874
0.740918
0.741049
0.741115
0.741148
0.741131
0.741131
0.741299
0.741367
0.74126
0.741363
0.741363
0.741469
0.74154
0.741406
0.741442
0.74155
0.741624
0.74166
0.741499
0.741537
0.741612
0.741726
0.741465
0.741504
0.741581
0.741698
0.741737
0.741452
0.741572
0.741572
0.741652
0.741302
0.741342
0.741464
0.741464
0.741112
0.741215
0.741215
0.741339
0.741423
0.740869
0.740911
0.741078
0.741078
0.741205
0.740617
0.740659
0.740788
0.740831
0.740218
0.740305
0.740349
0.74048
0.739841
0.739841
0.739929
0.739973
0.740061
0.740149
0.739396
0.739484
0.739528
0.739661
0.73875
0.738883
0.739017
0.738135
0.73812
0.738209
0.738254
0.738431
0.738476
0.73746
0.737504
0.737637
0.737726
0.73777
0.736723
0.736811
0.736855
0.735804
0.735777
0.735864
0.735951
0.73608
0.736123
0.734923
0.734966
0.735091
0.735132
0.73385
0.73397
0.73401
0.73405
0.732771
0.732767
0.732807
0.732929
0.731318
0.731318
0.731371
0.731393
0.73144
0.729944
0.729968
0.730023
0.73005
0.730106
0.728514
0.728543
0.728626
0.728682
0.728069
0.727026
0.727082
0.727168
0.727197
0.725474
0.725504
0.725565
0.725627
0.725723
0.723888
0.723956
0.72399
0.724098
0.722167
0.722323
0.722323
0.722363
0.722489
0.72045
0.720494
0.720587
0.720737
0.720788
0.718672
0.718817
0.718908
0.718954
0.716858
0.716943
0.717063
0.717063
0.715125
0.715087
0.715168
0.715207
0.71339
0.713277
0.713394
0.713433
0.71351
0.711628
0.711743
0.711743
0.711859
0.711897
0.710059
0.710215
0.710215
0.710336
0.710376
0.708413
0.708434
0.708555
0.708555
0.708636
0.707005
0.707086
0.707127
0.707249
0.705708
0.705699
0.705821
0.705862
0.704482
0.704477
0.704559
0.704599
0.70468
0.70334
0.703379
0.703459
0.703498
0.703577
0.702283
0.70236
0.702475
0.702475
0.701274
0.701349
0.701423
0.701497
0.701497
0.700257
0.700365
0.700401
0.700472
0.700543
0.699497
0.699602
0.699706
0.699706
0.698801
0.698814
0.698884
0.698988
0.699022
0.69814
0.698245
0.69828
0.698385
0.697585
0.697609
0.697752
0.697752
0.697044
0.69708
0.697189
0.697298
0.697298
0.697372
0.696651
0.696688
0.696799
0.696836
0.696266
0.696341
0.696415
0.696489
0.696562
0.696024
0.696098
0.696171
0.696243
0.695766
0.69581
0.695918
0.695954
0.695614
0.695625
0.695731
0.695766
0.69587
0.695538
0.695573
0.695641
0.695743
0.695776
0.695512
0.695578
0.695677
0.695519
0.695519
0.695551
0.695648
0.695712
0.695744
0.695623
0.695742
0.695742
0.695806
0.695765
0.695797
0.695892
0.695924
0.696019
0.695974
0.696097
0.696097
0.69616
0.696262
0.696293
0.696324
0.696418
0.696449
0.696573
0.696756
0.696756
0.696965
0.696965
0.697084
0.697113
0.697202
0.697405
0.697492
0.697521
0.697634
0.697902
0.69793
0.697958
0.69804
0.698094
0.698419
0.698446
0.698499
0.698576
0.698602
0.699011
0.699037
0.699087
0.699579
0.699604
0.699628
0.699699
0.699723
0.699769
0.700353
0.700398
0.700398
0.700508
0.700529
0.700571
0.701374
0.701414
0.701473
0.701492
0.701511
0.702204
0.70224
0.702276
0.702294
0.703055
0.703089
0.703123
0.703156
0.703189
0.703999
0.70403
0.704046
0.704091
0.704968
0.704982
0.705022
0.705048
0.706007
0.706007
0.706096
0.706118
0.70614
0.70723
0.707298
0.707317
0.707334
0.707351
0.708391
0.708468
0.708475
0.708495
0.708507
0.709677
0.709693
0.709705
0.709709
0.71089
0.710965
0.710973
0.710977
0.710981
0.712384
0.712461
0.71246
0.712458
0.712455
0.713875
0.713869
0.713862
0.713854
0.715359
0.715349
0.715337
0.715324
0.71531
0.716902
0.716885
0.716867
0.716848
0.71852
0.718509
0.718486
0.718462
0.718436
0.720211
0.720181
0.720149
0.720115
0.721883
0.721955
0.721895
0.721854
0.721854
0.72393
0.723884
0.723836
0.723785
0.723733
0.72583
0.725774
0.725745
0.725657
0.727869
0.727807
0.727709
0.727675
0.727607
0.729935
0.729864
0.729791
0.729753
0.732163
0.732085
0.732004
0.731921
0.731838
0.734562
0.734431
0.734386
0.734296
0.736889
0.736908
0.736813
0.736715
0.736666
0.739453
0.739352
0.7393
0.739143
0.741939
0.741952
0.741952
0.741786
0.74173
0.744837
0.744604
0.744604
0.744424
0.747484
0.747552
0.747426
0.747363
0.750629
0.750563
0.75043
0.750293
0.750154
0.753492
0.753558
0.753412
0.753246
0.75307
0.756795
0.756718
0.756481
0.756241
0.759972
0.760039
0.759876
0.759711
0.759546
0.763558
0.76339
0.763305
0.763048
0.766966
0.767036
0.76686
0.766682
0.766501
0.770826
0.770642
0.770549
0.770266
0.774758
0.774564
0.774368
0.774169
0.773967
0.77853
0.778427
0.778219
0.778009
0.777901
0.783484
0.783256
0.783025
0.782797
0.782574
0.788159
0.787939
0.787718
0.787398
0.787302
0.792378
0.792183
0.792085
0.791796
0.796727
0.796443
0.796349
0.796162
0.795976
0.80083
0.800826
0.800554
0.800464
0.80479
0.804874
0.804698
0.804524
0.804351
0.808858
0.808602
0.808433
0.808265
0.81228
0.812356
0.812192
0.812029
0.811867
0.815962
0.815803
0.815645
0.815488
0.819201
0.81927
0.819118
0.819043
0.818818
0.822596
0.82245
0.822306
0.822164
0.825781
0.825643
0.825507
0.825373
0.825242
0.828696
0.828569
0.828445
0.828264
0.831426
0.831494
0.83138
0.831268
0.831158
0.834284
0.834179
0.834026
0.834026
0.836945
0.83685
0.83671
0.836664
0.836575
0.839395
0.83931
0.839267
0.839143
0.841713
0.841744
0.841666
0.84159
0.841516
0.844101
0.844135
0.8441
0.843963
0.843929
0.843863
0.847083
0.84702
0.84702
0.846867
0.846867
0.849128
0.849055
0.849055
0.848927
0.848843
0.851619
0.851566
0.851515
0.85149
0.851418
0.851373
0.85383
0.853788
0.853748
0.853709
0.853709
0.85565
0.855599
0.855583
0.855551
0.857312
0.857298
0.857243
0.85723
0.857205
0.857182
0.859203
0.859192
0.859152
0.859133
0.859124
0.860927
0.860902
0.860887
0.860867
0.860867
0.860867
0.862275
0.862267
0.862256
0.862253
0.864599
0.864596
0.864593
0.864593
0.864593
0.864589
0.864588
0.8663
0.866302
0.866303
0.867573
0.867573
0.86763
0.867634
0.867639
0.867645
0.868648
0.868648
0.868713
0.868719
0.868724
0.868738
0.868738
0.869819
0.86983
0.869842
0.869861
0.869868
0.870792
0.870954
0.870954
0.87098
0.870988
0.870996
0.871004
0.871962
0.871988
0.872007
0.872016
0.872678
0.872762
0.872773
0.872806
0.872806
0.873517
0.873517
0.873554
0.87358
0.873608
0.874187
0.874217
0.874232
0.874281
0.874281
0.874806
0.874806
0.874878
0.874915
0.874973
0.874993
0.875413
0.875466
0.875508
0.87555
0.87555
0.875637
0.875876
0.875928
0.875928
0.876044
0.876093
0.876142
0.876336
0.876336
0.876411
0.876436
0.876461
0.876561
0.876587
0.876661
0.876687
0.876687
0.876823
0.876851
0.876936
0.876841
0.876942
0.876971
0.877044
0.876949
0.876979
0.876979
0.877127
0.877127
0.877156
0.876984
0.877042
0.87713
0.876912
0.876912
0.876982
0.877012
0.8771
0.87716
0.876829
0.877057
0.877057
0.877089
0.877122
0.877188
0.877221
0.876549
0.876549
0.876549
0.876549
0.876814
0.876814
0.875798
0.875798
0.875798
0.875731
0.875731
0.875731
0.875731
0.875686
0.875686
0.875788
0.875825
0.875974
0.875099
0.875099
0.875168
0.875205
0.875243
0.875357
0.875472
0.875472
0.874559
0.874636
0.874712
0.874789
0.873939
0.873978
0.874055
0.874133
0.873266
0.873266
0.873383
0.8735
0.8735
0.873618
0.872461
0.87254
0.872618
0.872775
0.872775
0.871525
0.871577
0.871577
0.871694
0.871694
0.871851
0.870363
0.870402
0.870558
0.870558
0.870674
0.870713
0.870831
0.868808
0.868808
0.868927
0.869006
0.869086
0.869126
0.867652
0.867692
0.867772
0.867894
0.866236
0.866236
0.866313
0.866355
0.866355
0.866523
0.866523
0.864313
0.864259
0.864299
0.864465
0.864548
0.864634
0.86245
0.86245
0.86245
0.862606
0.862693
0.862736
0.862812
0.862812
0.859911
0.859942
0.86002
0.8601
0.8601
0.860222
0.857869
0.858103
0.858103
0.858103
0.858143
0.855552
0.855592
0.855669
0.853748
0.853748
0.853744
0.853744
0.853904
0.853985
0.851655
0.851655
0.851696
0.85186
0.84966
0.84966
0.849786
0.849872
0.850004
0.850049
0.85014
0.847019
0.847159
0.847206
0.847545
0.847545
0.847545
0.844099
0.844099
0.844354
0.844354
0.844571
0.841312
0.841369
0.841704
0.841704
0.841704
0.838411
0.838363
0.838582
0.838582
0.838688
0.836082
0.836082
0.833273
0.83342
0.830971
0.83092
0.830968
0.831062
0.831248
0.831248
0.828209
0.828301
0.828437
0.828482
0.828572
0.828662
0.825964
0.826009
0.826321
0.826321
0.822939
0.822861
0.822949
0.822949
0.822994
0.823266
0.823358
0.823404
0.81994
0.819986
0.819986
0.820242
0.820313
0.818064
0.818206
0.818206
0.818354
0.818403
0.818403
0.818648
0.816001
0.816144
0.816144
0.816144
0.816517
0.816563
0.813854
0.813854
0.814119
0.814203
0.814203
0.814326
0.814406
0.811891
0.812006
0.812044
0.812122
0.812161
0.812276
0.812276
0.810639
0.810713
0.810861
0.810861
0.810898
0.809299
0.809373
0.809373
0.809521
0.809595
0.808261
0.808198
0.808272
0.808419
0.808419
0.808529
0.807335
0.807408
0.807502
0.807502
0.807642
0.807722
0.807722
0.806469
0.806606
0.806684
0.806722
0.806722
0.805723
0.805723
0.806039
0.806039
0.806072
0.80509
0.80509
0.80512
0.805149
0.805206
0.805235
0.804476
0.804499
0.804551
0.804551
0.804678
0.804755
0.804755
0.804077
0.804177
0.804227
0.804277
0.804302
0.803818
0.803869
0.803943
0.803968
0.804018
0.804067
0.803691
0.803763
0.803787
0.803835
0.803883
0.803883
0.803618
0.803663
0.803685
0.803749
0.803811
0.803831
0.803716
0.803716
0.803716
0.803791
0.803828
0.80388
0.803892
0.803892
0.803892
0.803892
0.803968
0.804023
0.804023
0.804193
0.804193
0.804227
0.804277
0.804293
0.804445
0.804461
0.804511
0.804544
0.804544
0.804824
0.804842
0.804859
0.804876
0.804876
0.804979
0.805014
0.805345
0.805345
0.805439
0.805456
0.805497
0.805944
0.805944
0.80599
0.806019
0.806075
0.806075
0.806548
0.806588
0.806601
0.806613
0.806649
0.807274
0.807274
0.807274
0.807304
0.807313
0.807313
0.807366
0.80841
0.808426
0.808462
0.808475
0.808475
0.808481
0.809313
0.809319
0.809319
0.809349
0.810142
0.810149
0.810161
0.810167
0.810191
0.811154
0.811154
0.81117
0.81117
0.811176
0.811186
0.812315
0.812376
0.812385
0.812393
0.812401
0.812411
0.813581
0.813643
0.813648
0.81365
0.814692
0.814692
0.814692
0.81475
0.81475
0.814744
0.814744
0.814716
0.814716
0.814712
0.816837
0.816879
0.816879
0.816874
0.816838
0.816838
0.816822
0.818813
0.818795
0.818777
0.818757
0.820059
0.820059
0.820033
0.820011
0.819999
0.819976
0.822587
0.822575
0.822536
0.822495
0.824078
0.824064
0.824034
0.824019
0.824019
0.823941
0.82598
0.825932
0.825915
0.825915
0.825847
0.825811
0.828057
0.828021
0.827944
0.827944
0.827924
0.830197
0.830155
0.830134
0.83009
0.831948
0.832017
0.831995
0.8319
0.831876
0.831852
0.833868
0.83379
0.83379
0.833709
0.836252
0.836195
0.836195
0.836019
0.835988
0.835864
0.835864
0.835864
0.840494
0.840258
0.840222
0.840222
0.840149
0.840042
0.84418
0.84426
0.844191
0.844119
0.844119
0.844008
0.847361
0.847282
0.846995
0.846995
0.846995
0.846995
0.850795
0.850787
0.850787
0.850787
0.850604
0.85051
0.85051
0.854591
0.854548
0.854505
0.854373
0.857499
0.857315
0.857315
0.85722
0.857122
0.856967
0.861972
0.862114
0.86195
0.86195
0.861614
0.861492
0.861453
0.865786
0.865635
0.865478
0.865239
0.865239
0.869039
0.869039
0.868812
0.868734
0.868734
0.868169
0.874241
0.874389
0.874038
0.873948
0.873762
0.877764
0.877573
0.877573
0.877187
0.87709
0.882117
0.881917
0.881606
0.881396
0.881291
0.886178
0.885481
0.885354
0.884971
0.892858
0.892858
0.89283
0.892638
0.892511
0.892383
0.891613
0.891613
0.898741
0.898613
0.898613
0.898096
0.897834
0.897572
0.903967
0.903967
0.903836
0.903574
0.90292
0.90292
0.910722
0.910462
0.910331
0.909806
0.909673
0.909407
0.909407
0.917676
0.917608
0.916521
0.916521
0.916521
0.924757
0.924757
0.924395
0.924175
0.924069
0.923805
0.931353
0.93144
0.931132
0.930832
0.930832
0.935765
0.935765
0.935381
0.935286
0.935191
0.934913
0.934913
0.934913
0.943713
0.943545
0.943378
0.943213
0.94305
0.947461
0.947185
0.947185
0.946987
0.94683
0.952136
0.951981
0.951827
0.951673
0.951673
0.951673
0.951292
0.957394
0.957246
0.957246
0.957098
0.95688
0.961334
0.96113
0.96113
0.96113
0.960926
0.960793
0.960727
0.966862
0.967066
0.967086
0.966967
0.966967
0.966967
0.966629
0.971242
0.971278
0.971229
0.971132
0.971085
0.974304
0.974304
0.974128
0.974003
0.974003
0.973735
0.978674
0.978605
0.97857
0.97847
0.978406
0.98154
0.98148
0.981392
0.981364
0.981364
0.984107
0.984025
0.984025
0.983946
0.98392
0.986734
0.986566
0.986566
0.98654
0.98654
0.990437
0.990472
0.990472
0.990425
0.990377
0.990354
0.990354
0.992689
0.992643
0.992454
0.992454
0.992435
0.996775
0.996759
0.99673
0.996702
0.996677
0.998759
0.998748
0.998728
0.998709
0.9987
1.00067
1.00065
1.00064
1.00064
1.00064
1.00278
1.00286
1.00285
1.00284
1.00284
1.00284
1.00505
1.00505
1.00503
1.00503
1.00502
1.00677
1.00676
1.00676
1.00676
1.00676
1.00676
1.00857
1.00857
1.00857
1.00859
1.00859
1.0086
1.0086
1.01081
1.01081
1.01084
1.01085
1.01087
1.01087
1.01268
1.01268
1.01268
1.0127
1.01271
1.01441
1.01442
1.01444
1.01447
1.01451
1.01558
1.01565
1.01565
1.01566
1.0157
1.01572
1.01642
1.01712
1.01712
1.01719
1.01725
1.01729
1.0173
1.0185
1.0185
1.01864
1.01872
1.01872
1.01872
1.01883
1.02018
1.02022
1.02029
1.02029
1.02029
1.02113
1.0212
1.02122
1.02125
1.02201
1.0221
1.02221
1.02221
1.02227
1.02227
1.02308
1.02311
1.0232
1.02326
1.02332
1.02397
1.02403
1.0241
1.0241
1.0242
1.02423
1.02426
1.02507
1.02507
1.0251
1.0252
1.02531
1.02577
1.02586
1.026
1.02604
1.02604
1.02614
1.02664
1.02678
1.02678
1.02682
1.02682
1.027
1.02732
1.02739
1.02765
1.02765
1.02765
1.02768
1.02803
1.02807
1.02814
1.02814
1.02833
1.0284
1.02864
1.02864
1.02879
1.02879
1.02894
1.02898
1.02906
1.02928
1.02936
1.02948
1.02948
1.02961
1.02973
1.02973
1.02981
1.02989
1.02998
1.03001
1.03014
1.03018
1.03018
1.03032
1.0304
1.03044
1.03066
1.03066
1.03066
1.03079
1.03079
1.03079
1.0308
1.03088
1.03098
1.03102
1.03121
1.03106
1.03111
1.03121
1.03135
1.03135
1.03165
1.03133
1.03136
1.03146
1.03161
1.03161
1.03176
1.03148
1.03148
1.03163
1.03173
1.03178
1.0315
1.0315
1.03177
1.03197
1.03197
1.03206
1.03148
1.0315
1.03164
1.03169
1.03178
1.03148
1.03148
1.03162
1.03171
1.03184
1.03145
1.03145
1.03147
1.03158
1.03158
1.03171
1.0311
1.03118
1.03131
1.03131
1.03144
1.03089
1.03102
1.0311
1.0311
1.03119
1.03127
1.03056
1.03056
1.03056
1.03081
1.03089
1.03093
1.03011
1.03011
1.0303
1.03041
1.03051
1.02947
1.0295
1.0295
1.02964
1.02964
1.0298
1.02981
1.02864
1.02864
1.02865
1.02867
1.02868
1.02779
1.02779
1.0278
1.0278
1.02713
1.02713
1.02711
1.02713
1.02715
1.02715
1.02718
1.02612
1.02615
1.02617
1.02619
1.0262
1.02522
1.02526
1.02526
1.02534
1.02534
1.02546
1.02415
1.02418
1.02418
1.02439
1.02448
1.02342
1.02342
1.02372
1.02372
1.02382
1.02387
1.02218
1.02226
1.02231
1.02242
1.02242
1.02112
1.02109
1.02119
1.02128
1.02128
1.02128
1.02154
1.01985
1.01988
1.02
1.02
1.02005
1.0189
1.0189
1.01902
1.01902
1.01907
1.01785
1.01785
1.01792
1.018
1.01806
1.01648
1.01648
1.01651
1.01654
1.01657
1.01658
1.01557
1.01562
1.01562
1.01562
1.01562
1.01563
1.01563
1.01446
1.01447
1.01447
1.01447
1.01338
1.01338
1.01338
1.01337
1.01275
1.01271
1.0127
1.01269
1.01269
1.0121
1.0121
1.01209
1.01209
1.01209
1.01143
1.0114
1.0114
1.01141
1.01141
1.01089
1.01089
1.0109
1.01091
1.01092
1.01093
1.01036
1.01036
