0
0
0
0
0
0
0
0
0
0
0
0
0
0
0
0
0
0
0
0
0
0
0
0
0
0
0
0
0
0
0
0
0
0
0
0
0
0
0
0
0
0
0
0
0
0
0
0
0
0
0
0
0
0
0
0
0
0
0
0
0
0
0
0
0
0
0
0
0
0
0
0
0
0
0
0
0
0
0
0
0
0
0
0
0
0
0
0
0
0
0
0
0
0
0
0
0
0
0
0
0
0
0
0
0
0
0
0
0
0
0
0
0
0
0
0
0
0
0
0
0
0
0
0
0
0
0
0
0
0
0
0
0
0
0
0
0
0
0
0
0
0
0
0
0
0
0
0
0
0
0
0
0
0
0
0
0
0
0
0
0
0
0
0
0
0
0
0
0
0
0
0
0
0
0
0
0
0
0
0
0
0
0
0
0
0
0
0
0
0
0
0
0
0
0
0
0
0
0
0
0
0
0
0
0
0
0
0
0
0
0
0
0
0
0
0
0
0
0
0
0
0
0
0
0
0
0
0
0
0
0
0
0
0
0
0
0
0
0
0
0
0
0
0
0
0
0
0
0
0
0
0
0
0
0
0
0
0
0
0
0
0
0
0
0
0
0
0
0
0
0
0
0
0
0
0
0
0
0
0
0
0
0
0
0
0
0
0
0
0
0
0
0
0
0
0
0
0
0
0
0
0
0
0
0
0
0
0
0
0
0
0
0
0
0
0
0
0
0
0
0
0
0
0
0
0
0
0
0
0
0
0
0
0
0
0
0
0
0
0
0
0
0
0
0
0
0
0
0
0
0
0
0
0
0
0
0
0
0
0
0
0
0
0
0
0
0
0
0
0
0
0
0
0
0
0
0
0
0
0
0
0
0
0
0
0
0
0
0
0
0
0
0
0
0
0
0
0
0
0
0
0
0
0
0
0
0
0
0
0
0
0
0
0
0
0
0
0
0
0
0
0
0
0
0
0
0
0
0
0
0
0
0
0
0
0
0
0
0
0
0
0
0
0
0
0
0
0
0
0
0
0
0
0
0
0
0
0
0
0
0
0
0
0
0
0
0
0
0
0
0
0
0
0
0
0
0
0
0
0
0
0
0
0
0
0
0
0
0
0
0
0
0
0
0
0
0
-6.32598e-06
-6.21514e-06
-5.88835e-06
-6.334e-06
-7.48992e-06
-2.49879e-06
-5.41408e-06
-9.39878e-06
-1.45095e-05
3.08774e-05
2.34019e-05
1.53618e-05
6.68767e-06
2.29217e-06
8.98362e-05
8.599e-05
7.83303e-05
6.97393e-05
0.000218937
0.00018556
0.000161103
0.000128439
8.67797e-05
0.00028951
0.00028951
0.000266744
0.000263134
0.000263134
0.000263134
0.000687703
0.000700385
0.000698935
0.000695873
0.000696293
0.000955274
0.000975434
0.000983748
0.000994362
0.00100757
0.00128314
0.00130255
0.00133599
0.00134817
0.00159999
0.00164116
0.00165599
0.00170346
0.00173751
0.00199125
0.00204663
0.00208567
0.00212642
0.00240126
0.00248087
0.00250322
0.00252597
0.00287112
0.00291049
0.00291049
0.00303094
0.00303094
0.00307899
0.00344605
0.00351479
0.00355833
0.00362121
0.00402066
0.0040597
0.00409567
0.00412975
0.00414602
0.00466696
0.00469456
0.00471968
0.00474242
0.00533723
0.00535539
0.00537221
0.0053956
0.00540297
0.00608077
0.00609496
0.00610944
0.0061242
0.00685648
0.00687226
0.00691707
0.00691707
0.00692681
0.00694719
0.00791065
0.00795916
0.00797274
0.0080015
0.00878002
0.00881379
0.00885086
0.00889079
0.00893361
0.00970632
0.0097548
0.00980535
0.00983136
0.0106238
0.0107084
0.0107372
0.0107954
0.0108248
0.011606
0.011697
0.0117585
0.0118205
0.0126308
0.0126937
0.0127566
0.0128197
0.0140191
0.0140191
0.0140191
0.0140963
0.0141278
0.0141278
0.0143135
0.0143438
0.015526
0.0156334
0.0156618
0.015746
0.0158008
0.0167839
0.0168379
0.0168913
0.0169439
0.0179239
0.0180311
0.0180814
0.0181312
0.0181804
0.0192693
0.0193177
0.0193661
0.0194145
0.0204648
0.0205748
0.0206493
0.0206996
0.0207502
0.0219222
0.021974
0.0220266
0.0220795
0.0221061
0.0221863
0.023781
0.0238371
0.0238945
0.0239533
0.0251255
0.0252528
0.0253159
0.0253804
0.0254463
0.0267029
0.0267718
0.0268417
0.0269126
0.0281211
0.0282614
0.0283348
0.0284456
0.0284827
0.0297898
0.029827
0.0299388
0.0300137
0.0300512
0.0300512
0.0316921
0.031767
0.0318423
0.031917
0.0341462
0.0342555
0.0342913
0.034362
0.0344314
0.03591
0.0359767
0.0360096
0.0361062
0.0375685
0.0377138
0.0377731
0.0378311
0.0378874
0.039533
0.0395596
0.0396118
0.0396627
0.0412607
0.0414021
0.041449
0.0414949
0.0415396
0.0433967
0.0434394
0.0434811
0.043541
0.0435602
0.0453911
0.0454302
0.0454694
0.0455083
0.0473986
0.047437
0.0474561
0.047513
0.0475506
0.0494947
0.0495322
0.0495881
0.0496067
0.0516064
0.0516433
0.0516797
0.0517159
0.0537909
0.0538085
0.0538436
0.0538781
0.0539119
0.053945
0.0564192
0.0564506
0.0564659
0.0565096
0.0585902
0.0587391
0.0587631
0.0587853
0.0588055
0.0610919
0.0611083
0.0611226
0.0611347
0.063523
0.063523
0.0635282
0.0635311
0.0635318
0.0660129
0.0660091
0.0660032
0.0659943
0.0685799
0.0685725
0.0685467
0.0685152
0.0685034
0.0712024
0.0711791
0.0711673
0.0711289
0.0737883
0.0738813
0.0738566
0.0738213
0.0738213
0.0737427
0.0737427
0.0781037
0.0783715
0.0783715
0.0782921
0.0782361
0.0813209
0.0812605
0.081198
0.0811325
0.0810627
0.0842648
0.0841907
0.0841148
0.0840372
0.0873249
0.0872844
0.0872019
0.0871173
0.0903581
0.0904686
0.0903775
0.090331
0.0901879
0.093747
0.0936464
0.0935951
0.0934371
0.0972824
0.0974397
0.0973199
0.0971975
0.09703
0.0968664
0.100712
0.100539
0.100362
0.100179
0.104213
0.104016
0.103713
0.10361
0.103505
0.107616
0.107397
0.107175
0.106951
0.111455
0.111111
0.110876
0.110639
0.115068
0.114828
0.114828
0.114595
0.114244
0.119182
0.119224
0.118992
0.118759
0.118528
0.123312
0.12308
0.122849
0.12262
0.122391
0.127294
0.127067
0.126842
0.126617
0.131635
0.131413
0.131191
0.130971
0.130861
0.135889
0.13567
0.135339
0.135229
0.14051
0.140289
0.140072
0.139751
0.144927
0.144927
0.144927
0.14472
0.144414
0.144212
0.150976
0.150581
0.150483
0.150384
0.150088
0.155525
0.155428
0.155043
0.155043
0.160367
0.160086
0.159994
0.159811
0.15963
0.164544
0.164544
0.164456
0.164195
0.169243
0.169158
0.168822
0.168822
0.17338
0.173297
0.173297
0.173257
0.173023
0.178088
0.178207
0.178133
0.177985
0.177767
0.182424
0.182354
0.182216
0.182015
0.181949
0.18648
0.186291
0.186169
0.18605
0.190266
0.190399
0.190176
0.190123
0.190071
0.194357
0.19426
0.194166
0.194076
0.19823
0.198108
0.197994
0.197958
0.20189
0.20189
0.201859
0.20183
0.20172
0.205874
0.20585
0.205806
0.205745
0.205708
0.209483
0.209483
0.209429
0.209429
0.212898
0.213084
0.21307
0.213064
0.213055
0.216636
0.216635
0.216635
0.216638
0.220131
0.220147
0.220147
0.22017
0.220179
0.22358
0.223617
0.223645
0.22366
0.223676
0.227026
0.227087
0.227131
0.227131
0.230337
0.230436
0.230463
0.230545
0.230574
0.234067
0.234129
0.234228
0.234298
0.234334
0.237442
0.23752
0.23756
0.237684
0.240636
0.240767
0.240858
0.240905
0.243672
0.243925
0.244076
0.244127
0.246938
0.247307
0.247307
0.247363
0.247419
0.25013
0.250395
0.250454
0.250634
0.250756
0.253648
0.25371
0.253834
0.254022
0.256587
0.256858
0.256989
0.257054
0.257254
0.259714
0.259989
0.260195
0.260265
0.262826
0.263034
0.263249
0.263394
0.26354
0.266132
0.266206
0.266431
0.266507
0.266582
0.269693
0.269693
0.269926
0.270085
0.270245
0.272763
0.273006
0.273087
0.27325
0.275824
0.275906
0.276153
0.276236
0.276484
0.278879
0.279128
0.279211
0.279462
0.282014
0.282014
0.282267
0.282351
0.282603
0.28498
0.285316
0.285316
0.2854
0.288243
0.288243
0.288619
0.288701
0.289032
0.289032
0.291977
0.29206
0.292225
0.292391
0.294957
0.295041
0.295207
0.295374
0.295542
0.298112
0.29845
0.29845
0.298534
0.298703
0.301277
0.301361
0.301611
0.301694
0.304205
0.304369
0.304533
0.304696
0.304696
0.307917
0.308119
0.308199
0.30836
0.30844
0.311354
0.311432
0.311588
0.311817
0.311892
0.31458
0.314653
0.314872
0.315017
0.317752
0.317895
0.317966
0.318037
0.318246
0.320878
0.321082
0.321149
0.321282
0.321413
0.324232
0.324358
0.324421
0.324483
0.327479
0.327479
0.327597
0.327712
0.330802
0.33107
0.331177
0.33123
0.331382
0.334183
0.33444
0.334579
0.334624
0.334713
0.337756
0.33784
0.337922
0.338001
0.341124
0.341197
0.341268
0.341336
0.341401
0.344611
0.34467
0.344726
0.344778
0.347878
0.348109
0.348173
0.34821
0.348243
0.351657
0.351683
0.351694
0.351714
0.351741
0.355865
0.355869
0.355873
0.35587
0.355862
0.359536
0.35952
0.359499
0.359473
0.3633
0.363252
0.363194
0.363172
0.363126
0.367069
0.367015
0.366957
0.366894
0.370976
0.370906
0.370831
0.370752
0.373043
0.374847
0.374801
0.374657
0.374557
0.374505
0.379633
0.379522
0.379408
0.379289
0.383832
0.383699
0.383563
0.383422
0.388053
0.387978
0.387816
0.387607
0.387382
0.39201
0.392053
0.391788
0.39151
0.391222
0.396478
0.396175
0.395864
0.395387
0.401068
0.400742
0.400742
0.399909
0.399909
0.405634
0.405305
0.404963
0.404457
0.404291
0.409842
0.409842
0.40951
0.415178
0.415023
0.41487
0.414415
0.414269
0.420166
0.420025
0.419608
0.419471
0.419066
0.425309
0.424915
0.424398
0.424398
0.42427
0.42427
0.430113
0.429989
0.42962
0.435938
0.435815
0.435443
0.435193
0.435068
0.441344
0.441095
0.440975
0.446818
0.447069
0.446954
0.446618
0.4464
0.446293
0.452443
0.452241
0.452043
0.451945
0.457782
0.457782
0.457507
0.457417
0.463156
0.46307
0.46307
0.462652
0.462491
0.468132
0.467978
0.467826
0.467676
0.473141
0.472996
0.472852
0.47271
0.47257
0.477887
0.477749
0.477681
0.477476
0.482665
0.48253
0.482396
0.482329
0.486986
0.487207
0.487075
0.486944
0.486813
0.491505
0.491657
0.491531
0.491407
0.491285
0.491285
0.495973
0.495918
0.495918
0.495918
0.495657
0.50187
0.501827
0.501787
0.50171
0.50617
0.506139
0.50608
0.505978
0.505978
0.510295
0.510238
0.510222
0.51018
0.510168
0.514548
0.514548
0.514538
0.514532
0.518545
0.518546
0.518552
0.518567
0.522457
0.522466
0.522497
0.522497
0.522534
0.522534
0.522595
0.52267
0.528657
0.5289
0.528946
0.528993
0.532627
0.532653
0.532734
0.532761
0.532847
0.536348
0.536438
0.536529
0.536561
0.536592
0.540089
0.540122
0.540221
0.540289
0.543729
0.543764
0.543801
0.543913
0.543951
0.54729
0.547414
0.547457
0.547546
0.547546
0.551459
0.551561
0.551612
0.551774
0.551829
0.55503
0.555149
0.55521
0.555397
0.558449
0.55858
0.558713
0.558781
0.561597
0.562035
0.562108
0.562254
0.562403
0.565229
0.565535
0.565535
0.56569
0.568609
0.568849
0.568849
0.56901
0.569252
0.572047
0.57221
0.572374
0.572539
0.572622
0.575467
0.57555
0.575717
0.575885
0.578701
0.578786
0.57904
0.579125
0.581916
0.582087
0.582259
0.582346
0.582519
0.585198
0.585459
0.585547
0.585809
0.58833
0.588556
0.58891
0.58891
0.589178
0.591724
0.591995
0.592268
0.592359
0.59245
0.595153
0.595244
0.595427
0.595702
0.598304
0.598396
0.598673
0.598859
0.60145
0.601637
0.601731
0.601919
0.602107
0.604687
0.604971
0.60516
0.605255
0.608024
0.608024
0.608404
0.60869
0.60869
0.61127
0.611365
0.61165
0.611839
0.612027
0.614747
0.614933
0.615119
0.615211
0.617914
0.618186
0.618276
0.618456
0.618634
0.621277
0.621451
0.621624
0.621795
0.624482
0.62465
0.624817
0.624982
0.625064
0.627956
0.628036
0.628196
0.628432
0.631129
0.631206
0.63151
0.63151
0.631731
0.634866
0.635009
0.63515
0.635359
0.635428
0.638334
0.638469
0.63867
0.63867
0.641696
0.641824
0.641952
0.642078
0.644937
0.645223
0.645343
0.64552
0.645577
0.648609
0.648778
0.648888
0.648994
0.648994
0.653007
0.653182
0.653327
0.65342
0.653509
0.65679
0.656914
0.656953
0.65703
0.657102
0.660482
0.66055
0.660616
0.660678
0.664157
0.664212
0.664266
0.664315
0.664338
0.667977
0.667977
0.668008
0.668035
0.671537
0.671762
0.671771
0.671774
0.671771
0.67563
0.675615
0.675596
0.67557
0.679359
0.679553
0.679533
0.679466
0.679415
0.683613
0.683524
0.683491
0.683423
0.687711
0.687671
0.687551
0.687467
0.687377
0.69184
0.691742
0.691691
0.691474
0.691474
0.696096
0.695912
0.695848
0.695645
0.70044
0.700291
0.700137
0.700058
0.699895
0.704791
0.704703
0.704507
0.704386
0.710146
0.710013
0.709878
0.709455
0.70916
0.714715
0.71456
0.714245
0.713756
0.71359
0.719418
0.718913
0.718743
0.718405
0.724431
0.724095
0.723766
0.723277
0.729055
0.729256
0.72862
0.72862
0.728302
0.734191
0.734246
0.733934
0.733623
0.739642
0.739559
0.739257
0.738956
0.744953
0.745187
0.74489
0.744597
0.744311
0.74403
0.75082
0.750404
0.750125
0.749843
0.756555
0.756271
0.755986
0.755564
0.762129
0.762253
0.761991
0.761862
0.761608
0.768153
0.767912
0.767675
0.767442
0.767327
0.773542
0.773432
0.773106
0.772999
0.779231
0.77902
0.778812
0.778708
0.784316
0.784456
0.784254
0.784054
0.783855
0.789751
0.789457
0.78936
0.789167
0.788977
0.794727
0.79454
0.794356
0.794175
0.799772
0.799595
0.799422
0.799251
0.799167
0.804449
0.804367
0.804051
0.804012
0.803899
0.810384
0.810243
0.810107
0.809977
0.814771
0.814936
0.814824
0.81467
0.814621
0.819503
0.819419
0.819341
0.819269
0.819235
0.823919
0.823837
0.823788
0.823745
0.82825
0.828218
0.828191
0.828169
0.828152
0.832498
0.832493
0.832485
0.832485
0.837142
0.837142
0.837165
0.83717
0.837183
0.837201
0.842382
0.842395
0.842439
0.842473
0.842492
0.846434
0.846456
0.846528
0.846554
0.850385
0.850413
0.850503
0.850598
0.850598
0.854372
0.854372
0.854479
0.854554
0.854592
0.858209
0.858414
0.858414
0.8585
0.862267
0.862267
0.862453
0.862453
0.862601
0.866409
0.866512
0.866565
0.866728
0.870074
0.870189
0.870247
0.870367
0.87049
0.873811
0.873876
0.874077
0.874145
0.877214
0.877451
0.877669
0.877743
0.877968
0.881056
0.881212
0.881291
0.881531
0.881612
0.884387
0.884876
0.885045
0.885129
0.885301
0.888553
0.888816
0.888993
0.889172
0.891815
0.892234
0.892507
0.892689
0.892689
0.895615
0.895706
0.89589
0.896164
0.899056
0.899147
0.899237
0.899507
0.902298
0.902387
0.902655
0.902833
0.902922
0.9057
0.905968
0.906147
0.906416
0.906416
0.909083
0.909443
0.909534
0.909899
0.912309
0.912727
0.912913
0.913101
0.913196
0.915987
0.916081
0.916272
0.916463
0.91923
0.919423
0.919618
0.919715
0.922327
0.922758
0.922857
0.922956
0.923255
0.925649
0.925984
0.926284
0.926484
0.926584
0.929206
0.929506
0.929606
0.929905
0.932429
0.932729
0.933027
0.933126
0.933323
0.93609
0.936188
0.936577
0.936673
0.936769
0.939426
0.939711
0.939993
0.939993
0.942866
0.942866
0.943142
0.943233
0.945814
0.946137
0.946404
0.94658
0.946668
0.949521
0.94978
0.949866
0.950038
0.952841
0.952926
0.953179
0.953263
0.956122
0.956122
0.956519
0.9566
0.956844
0.956844
0.960496
0.960811
0.960972
0.961131
0.961288
0.964216
0.964368
0.964518
0.964665
0.964809
0.967807
0.967877
0.968082
0.971063
0.971294
0.971421
0.971545
0.971606
0.974661
0.974946
0.975
0.975159
0.97526
0.978529
0.978622
0.978797
0.978797
0.978879
0.982213
0.982325
0.982395
0.982461
0.982523
0.986391
0.986444
0.986468
0.986535
0.990154
0.990188
0.990217
0.990241
0.990261
0.994011
0.994022
0.994029
0.994031
0.997913
0.997907
0.997896
0.99788
1.00189
1.00187
1.00185
1.00183
1.00178
1.00593
1.00593
1.00568
1.00568
1.01072
1.01523
1.01518
1.01503
1.01492
1.01487
1.01948
1.01936
1.01929
1.01909
1.01895
1.0238
1.02373
1.02358
1.02342
1.02828
1.0282
1.02811
1.02794
1.02775
1.03292
1.03255
1.03242
1.03203
1.0373
1.03735
1.03673
1.03642
1.04202
1.0422
1.04171
1.04121
1.04121
1.04071
1.04071
1.04927
1.0491
1.0486
1.04843
1.0481
1.05433
1.05384
1.05368
1.0532
1.05955
1.05939
1.05892
1.05861
1.05845
1.06477
1.06462
1.06431
1.06401
1.07023
1.07016
1.07002
1.06972
1.06928
1.06928
1.07574
1.07531
1.07531
1.08201
1.08186
1.08158
1.08115
1.08086
1.08835
1.08808
1.08781
1.08742
1.08729
1.09413
1.09376
1.09364
1.0934
1.09988
1.09976
1.09954
1.09909
1.09909
1.10527
1.10527
1.10505
1.1108
1.11105
1.11074
1.11064
1.11044
1.11024
1.11744
1.11734
1.11705
1.11695
1.11676
1.1226
1.12241
1.12232
1.12203
1.12774
1.12755
1.12737
1.12727
1.12709
1.13257
1.1324
1.13223
1.13206
1.13717
1.13732
1.13724
1.13701
1.13687
1.14211
1.14198
1.14191
1.14701
1.14701
1.14724
1.14714
1.14704
1.14695
1.15152
1.15171
1.15164
1.1516
1.15151
1.15617
1.15612
1.15606
1.15604
1.16052
1.16049
1.16047
1.16045
1.16044
1.16477
1.16477
1.16477
1.16477
1.16874
1.16898
1.16901
1.16902
1.16904
1.1731
1.17314
1.17314
1.17321
1.17323
1.17784
1.17808
1.17815
1.17818
1.17827
1.18211
1.18215
1.18218
1.18225
1.18599
1.18611
1.18611
1.18622
1.18627
1.18997
1.18997
1.19005
1.19023
1.19378
1.19378
1.19397
1.19402
1.19406
1.19758
1.19758
1.19779
1.1979
1.19802
1.20206
1.20206
1.20218
1.20231
1.20238
1.20252
1.20636
1.20643
1.20665
1.20764
1.20987
1.2101
1.21026
1.21034
1.21348
1.21381
1.21381
1.21407
1.21407
1.21723
1.21723
1.21749
1.21758
1.22021
1.22079
1.22106
1.22115
1.22413
1.22422
1.22431
1.22449
1.22477
1.22486
1.22771
1.22799
1.22809
1.22837
1.23119
1.23128
1.23156
1.2343
1.23454
1.23464
1.23493
1.23502
1.23522
1.23797
1.23836
1.23836
1.23866
1.24138
1.24158
1.24178
1.24188
1.24188
1.24239
1.24577
1.24577
1.24608
1.24629
1.2466
1.2467
1.25
1.25021
1.25032
1.25053
1.25325
1.25346
1.25367
1.25388
1.25398
1.25681
1.25681
1.25701
1.25732
1.25972
1.26006
1.26025
1.26055
1.26308
1.26341
1.2635
1.2637
1.26389
1.26408
1.26779
1.26789
1.26798
1.26826
1.26845
1.27093
1.27126
1.27154
1.27172
1.27431
1.27463
1.27473
1.275
1.27509
1.27784
1.2782
1.2782
1.27847
1.28126
1.28143
1.28152
1.28169
1.28195
1.28478
1.28486
1.28486
1.2852
1.28545
1.28553
1.28939
1.28955
1.28964
1.28996
1.29004
1.29296
1.29311
1.29327
1.29342
1.2964
1.29654
1.29669
1.29683
1.29972
1.30002
1.30015
1.30041
1.30041
1.30355
1.30367
1.30378
1.3039
1.30395
1.30724
1.30729
1.30743
1.30753
1.31096
1.31104
1.31104
1.31104
1.31119
1.31502
1.31509
1.31515
1.31522
1.31527
1.31884
1.31889
1.31894
1.31898
1.32268
1.3227
1.32273
1.32276
1.32278
1.32657
1.32659
1.3266
1.3266
1.33053
1.33052
1.33052
1.33434
1.33434
1.33454
1.33451
1.33448
1.33448
1.33436
1.33436
1.33977
1.33971
1.33968
1.33957
1.34426
1.34421
1.34413
1.34399
1.34394
1.34855
1.34839
1.34828
1.34822
1.35293
1.35287
1.35267
1.35253
1.3572
1.35734
1.35719
1.35703
1.35686
1.36179
1.36191
1.36174
1.36157
1.36647
1.36669
1.36646
1.36609
1.36609
1.37139
1.37074
1.37074
1.37061
1.37019
1.37019
1.37766
1.37723
1.37708
1.37664
1.38267
1.38252
1.38222
1.38177
1.38162
1.38784
1.38739
1.38724
1.38679
1.38665
1.39287
1.39257
1.39228
1.39214
1.39835
1.39821
1.39764
1.39764
1.3975
1.40399
1.40386
1.40345
1.40331
1.4099
1.40976
1.4092
1.40891
1.40891
1.41564
1.41537
1.41524
1.41486
1.4217
1.42157
1.42119
1.42094
1.42082
1.42735
1.42711
1.42674
1.42662
1.4331
1.43286
1.43274
1.43227
1.43872
1.43848
1.43848
1.43791
1.43791
1.43769
1.44548
1.44526
1.44504
1.44482
1.44471
1.45066
1.45045
1.45013
1.45002
1.45572
1.45551
1.45531
1.45511
1.45501
1.46057
1.46029
1.46019
1.46001
1.46528
1.46525
1.46525
1.46493
1.46493
1.47023
1.47009
1.46988
1.46969
1.47464
1.47474
1.47458
1.47453
1.47448
1.47994
1.47985
1.47976
1.47965
1.4841
1.48433
1.48427
1.48419
1.48871
1.48869
1.48865
1.48864
1.48861
1.49275
1.49297
1.49297
1.49296
1.49296
1.49719
1.49721
1.49722
1.49724
1.50134
1.50227
1.5025
1.50252
1.50256
1.50259
1.5068
1.50704
1.50706
1.50712
1.50717
1.51104
1.51109
1.51115
1.51117
1.51124
1.51503
1.51507
1.51514
1.51525
1.51529
1.51896
1.51908
1.51912
1.51926
1.52288
1.52288
1.52313
1.52313
1.5266
1.52671
1.52683
1.52689
1.52708
1.5305
1.53056
1.53069
1.53076
1.53409
1.53416
1.53437
1.53452
1.53459
1.53785
1.538
1.53808
1.53831
1.53839
1.54158
1.54174
1.54183
1.54199
1.54512
1.5452
1.54545
1.54571
1.54571
1.54887
1.54896
1.54904
1.5493
1.55234
1.55234
1.55261
1.55279
1.55288
1.55587
1.55605
1.55614
1.55633
1.55927
1.55937
1.55974
1.55993
1.55993
1.56284
1.56303
1.56313
1.56332
1.5662
1.5663
1.56649
1.56679
1.56689
1.56964
1.56974
1.57024
1.57044
1.57044
1.57409
1.57423
1.57423
1.57484
1.57495
1.57525
1.57536
1.57909
1.57919
1.5795
1.57971
1.58236
1.58256
1.58276
1.58286
1.58317
1.58572
1.58592
1.58631
1.58631
1.5865
1.58927
1.58946
1.58956
1.59244
1.59253
1.59263
1.59282
1.593
1.59566
1.59599
1.59599
1.59631
1.59654
1.59672
1.60015
1.60034
1.60052
1.6007
1.60088
1.60362
1.6038
1.60389
1.60416
1.60692
1.6071
1.60719
1.60736
1.6101
1.61042
1.61068
1.61077
1.61094
1.61368
1.61385
1.61411
1.61428
1.61722
1.61722
1.61747
1.61763
1.6178
1.61796
1.62171
1.62179
1.62195
1.62203
1.62226
1.62522
1.62537
1.62551
1.62565
1.62871
1.62884
1.62897
1.62909
1.63213
1.63236
1.63248
1.63259
1.63271
1.63576
1.63604
1.63614
1.63624
1.63634
1.63966
1.63975
1.63992
1.63992
1.64377
1.64377
1.64394
1.64394
1.644
1.64406
1.64411
1.64865
1.6487
1.64874
1.64878
1.65248
1.65252
1.65253
1.65255
1.65616
1.65639
1.6564
1.6564
1.6564
1.66036
1.66035
1.66034
1.66032
1.6644
1.6644
1.66436
1.66432
1.66428
1.66851
1.6687
1.66865
1.6686
1.66853
1.67291
1.67284
1.67276
1.67264
1.67696
1.67713
1.67703
1.67693
1.67682
1.68152
1.6814
1.68127
1.68113
1.68573
1.68587
1.68564
1.68556
1.6854
1.69047
1.69038
1.69013
1.69004
1.69519
1.69497
1.69473
1.69448
1.69435
1.69985
1.69944
1.69916
1.69888
1.70429
1.70433
1.70418
1.70373
1.70342
1.7094
1.70909
1.70877
1.70845
1.71447
1.71431
1.71399
1.71367
1.71335
1.71968
1.71936
1.71904
1.71871
1.72484
1.72474
1.72458
1.72426
1.73075
1.73059
1.73028
1.72996
1.72965
1.73605
1.73614
1.73584
1.73554
1.73523
1.7421
1.74179
1.74164
1.74105
1.74775
1.74787
1.7476
1.74733
1.74706
1.75385
1.75359
1.75333
1.75321
1.76002
1.75978
1.75966
1.75942
1.75906
1.76554
1.76555
1.76532
1.76509
1.76486
1.77105
1.77082
1.7706
1.77039
1.7764
1.77619
1.77598
1.77576
1.77566
1.78142
1.78122
1.78102
1.78082
1.78619
1.78633
1.78623
1.78605
1.79108
1.79108
1.79114
1.79097
1.79082
1.79074
1.79684
1.7967
1.7967
1.79644
1.80133
1.80156
1.80139
1.80128
1.80114
1.8061
1.80606
1.80593
1.8059
1.80582
1.81053
1.81047
1.81041
1.81034
1.81491
1.81489
1.81487
1.81482
1.81481
1.81922
1.81919
1.81919
1.81917
1.82345
1.82344
1.82345
1.82345
1.82346
1.82761
1.82764
1.82764
1.82766
1.83147
1.83173
1.83174
1.83179
1.83551
1.83575
1.83578
1.83583
1.83587
1.83976
1.83976
1.83985
1.83988
1.84343
1.84374
1.84378
1.84385
1.84385
1.84813
1.84822
1.84826
1.84846
1.84851
1.84856
1.85228
1.8524
1.85245
1.85257
1.856
1.85606
1.85625
1.85638
1.85644
1.8598
1.86001
1.86001
1.86015
1.86318
1.86357
1.86364
1.86379
1.86683
1.86707
1.86723
1.86746
1.86754
1.87068
1.87085
1.87093
1.8711
1.8711
1.87435
1.87452
1.87478
1.87487
1.8782
1.87835
1.87862
1.87881
1.8789
1.88186
1.88205
1.88214
1.88242
1.88252
1.88544
1.88553
1.88572
1.886
1.88857
1.889
1.88928
1.88928
1.88947
1.89244
1.89254
1.89263
1.89292
1.89543
1.89567
1.89606
1.89616
1.89646
1.89931
1.89961
1.89961
1.90002
1.90002
1.9028
1.903
1.9031
1.9033
1.90617
1.90628
1.90638
1.90668
1.9092
1.90944
1.90985
1.90985
1.91005
1.9127
1.913
1.9132
1.9133
1.91351
1.91626
1.91636
1.91656
1.91696
1.91696
1.91992
1.91992
1.92012
1.92141
1.92298
1.92318
1.92338
1.92347
1.92624
1.92644
1.92663
1.92692
1.92702
1.92971
1.92989
1.93008
1.93026
1.93299
1.93317
1.93335
1.93352
1.93361
1.93639
1.93665
1.9369
1.9369
1.93989
1.93997
1.94014
1.94029
1.94045
1.94333
1.94349
1.94364
1.9438
1.94672
1.94695
1.94703
1.94718
1.94725
1.95029
1.95044
1.95058
1.95072
1.95368
1.95382
1.95402
1.95415
1.95422
1.95744
1.95744
1.95764
1.95776
1.96084
1.96103
1.96115
1.96126
1.96454
1.9646
1.9647
1.9648
1.96494
1.96846
1.9685
1.96859
1.96867
1.96874
1.97219
1.97226
1.97232
1.97238
1.97575
1.976
1.97604
1.97608
1.97611
1.97981
1.97984
1.97986
1.97987
1.98349
1.98372
1.98371
1.98371
1.9837
1.98746
1.98765
1.9876
1.9876
1.99171
1.99169
1.99167
1.9916
1.99155
1.99606
1.99599
1.99593
1.99585
1.99581
2.00017
2.00012
2.00003
1.99994
2.00452
2.00442
2.00431
2.00419
2.00407
2.00888
2.00868
2.00855
2.00841
2.01332
2.01317
2.01301
2.01285
2.01786
2.01777
2.01759
2.0174
2.0173
2.0173
2.02382
2.02357
2.0233
2.02289
2.02275
2.02839
2.02809
2.02778
2.02747
2.03304
2.03324
2.03275
2.03242
2.03209
2.03824
2.03774
2.03757
2.03724
2.04356
2.04323
2.04307
2.04258
2.04226
2.0487
2.04839
2.04793
2.04778
2.05432
2.05388
2.05388
2.05344
2.05329
2.06019
2.0603
2.06003
2.05975
2.05948
2.0662
2.06592
2.06563
2.06535
2.07207
2.07194
2.07168
2.07155
2.07117
2.0779
2.07766
2.07754
2.07719
2.08344
2.08346
2.08324
2.08301
2.08279
2.08911
2.08889
2.08867
2.08846
2.09426
2.0944
2.09429
2.09398
2.09377
2.09976
2.09945
2.09935
2.09914
2.10466
2.10479
2.10469
2.10439
2.1042
2.1099
2.10971
2.10953
2.10934
2.11458
2.11471
2.11454
2.11438
2.11429
2.11944
2.11944
2.11922
2.11915
2.12413
2.12428
2.12409
2.12398
2.12386
2.12887
2.12877
2.12868
2.12864
2.13341
2.13333
2.13326
2.1332
2.13314
2.13777
2.13773
2.13769
2.13765
2.14187
2.14209
2.14207
2.14206
2.14205
2.14635
2.14635
2.14635
2.14637
2.15052
2.15054
2.15056
2.15056
2.1544
2.15464
2.15468
2.15472
2.15474
2.15867
2.15872
2.15877
2.15883
2.15889
2.16266
2.16279
2.16282
2.16289
2.1664
2.16667
2.16675
2.16683
2.16687
2.17053
2.17083
2.17462
2.17462
2.17467
2.17471
2.1783
2.17843
2.17843
2.17861
2.17866
2.17885
2.18374
2.18387
2.184
2.18414
2.18739
2.18746
2.1876
2.18775
2.18789
2.191
2.19114
2.19129
2.19143
2.19434
2.19464
2.19479
2.195
2.19788
2.19811
2.19825
2.19832
2.19846
2.2014
2.20163
2.20194
2.20205
2.20212
2.20227
2.20572
2.20603
2.20603
2.20618
2.20909
2.20925
2.20941
2.20958
2.20974
2.21259
2.21276
2.21294
2.21311
2.2159
2.21617
2.21636
2.21645
2.21664
2.21937
2.21957
2.21976
2.21995
2.22263
2.22263
2.22313
2.22323
2.22611
2.22621
2.22642
2.22662
2.22682
2.22931
2.22965
2.22985
2.23006
2.23026
2.23288
2.23308
2.23328
2.23359
2.23597
2.2363
2.23651
2.23671
2.23691
2.23953
2.23982
2.24002
2.24022
2.24262
2.24295
2.24324
2.24334
2.24362
2.24628
2.24638
2.24656
2.24675
2.24693
2.24693
2.24989
2.24998
2.25017
2.25325
2.25357
2.25366
2.25385
2.25403
2.25675
2.25693
2.25711
2.25729
2.25747
2.26021
2.26048
2.26066
2.26337
2.26352
2.26369
2.26387
2.26404
2.26421
2.2671
2.26718
2.26735
2.26759
2.26759
2.27054
2.27074
2.27093
2.27109
2.27423
2.27446
2.27453
2.27467
2.27482
2.27781
2.27801
2.27808
2.27821
2.28128
2.28147
2.28153
2.28165
2.28177
2.28491
2.28503
2.28514
2.28525
2.28847
2.28857
2.28867
2.28876
2.28886
2.29221
2.29226
2.29238
2.29238
2.2925
2.29261
2.29749
2.29756
2.29762
2.29768
2.30105
2.30129
2.30135
2.30137
2.3014
2.30511
2.30513
2.30514
2.30515
2.30878
2.309
2.309
2.30899
2.30898
2.31296
2.31291
2.31291
2.31288
2.31677
2.31697
2.31697
2.31688
2.31685
2.31677
2.31672
2.32241
2.32239
2.32232
2.32226
2.32663
2.32655
2.32651
2.32642
2.32632
2.3309
2.33079
2.33067
2.33055
2.33532
2.33518
2.33504
2.33489
2.33957
2.3397
2.33954
2.33937
2.33919
2.34434
2.3441
2.34385
2.3436
2.34334
2.34889
2.34849
2.34821
2.34779
2.34764
2.35521
2.35521
2.35464
2.35449
2.35421
2.35994
2.3598
2.35965
2.35907
2.35892
2.36482
2.36454
2.36439
2.36397
2.36993
2.37001
2.36959
2.36959
2.37525
2.37535
2.37521
2.3748
2.38112
2.38112
2.38072
2.38045
2.38018
2.38005
2.38665
2.38639
2.38612
2.38572
2.39216
2.39214
2.39187
2.39159
2.39803
2.39829
2.39792
2.39779
2.39754
2.40423
2.40399
2.40363
2.40339
2.40339
2.40977
2.40942
2.40931
2.40896
2.41529
2.41518
2.41495
2.41462
2.41451
2.41451
2.42039
2.42039
2.41969
2.41948
2.42853
2.42821
2.42811
2.42789
2.42768
2.43347
2.43327
2.43306
2.43286
2.43851
2.43831
2.43821
2.43792
2.43773
2.44314
2.44305
2.44287
2.44278
2.44802
2.44786
2.44778
2.44756
2.4524
2.45248
2.45248
2.45229
2.4521
2.45711
2.457
2.45689
2.45679
2.4567
2.46151
2.46138
2.4613
2.46123
2.46583
2.46576
2.4657
2.46565
2.4656
2.47004
2.47
2.46996
2.46993
2.47423
2.47421
2.47419
2.47417
2.47415
2.47833
2.47832
2.47832
2.47832
2.47833
2.48327
2.48327
2.4833
2.48332
2.48701
2.48725
2.48729
2.48732
2.48738
2.49116
2.49121
2.49126
2.49131
2.49137
2.49506
2.49512
2.49516
2.49527
2.49884
2.49892
2.49901
2.4991
2.50238
2.50266
2.50276
2.50281
2.50297
2.50634
2.50645
2.50657
2.50669
2.50675
2.51008
2.51028
2.51034
2.51048
2.51366
2.5138
2.51394
2.51409
2.51702
2.51733
2.51748
2.51756
2.5178
2.52082
2.52106
2.52114
2.52131
2.52147
2.52443
2.52486
2.52486
2.52494
2.52784
2.52802
2.52811
2.52837
2.52855
2.53149
2.53149
2.53176
2.53194
2.53474
2.53492
2.5351
2.5352
2.53538
2.53824
2.53842
2.53861
2.53879
2.54154
2.54172
2.54191
2.54209
2.54228
2.545
2.54519
2.54538
2.54547
2.5484
2.54849
2.54879
2.54918
2.54918
2.54928
2.54958
2.55335
2.55368
2.55399
2.55409
2.55439
2.557
2.5572
2.5573
2.55751
2.5602
2.56041
2.56061
2.56081
2.56091
2.5636
2.5639
2.5641
2.5641
2.56667
2.567
2.5672
2.5672
2.56759
2.57011
2.57011
2.5706
2.57109
2.57109
2.57119
2.5714
2.57547
2.57581
2.57602
2.57622
2.57642
2.57901
2.5792
2.57949
2.57958
2.58208
2.58241
2.58259
2.58276
2.58285
2.58564
2.58581
2.58597
2.58613
2.58892
2.58907
2.5893
2.5893
2.58953
2.59215
2.59252
2.59252
2.59289
2.59289
2.59304
2.59738
2.59745
2.5976
2.59782
2.59797
2.6009
2.60097
2.60119
2.60133
2.6014
2.60437
2.60451
2.60471
2.60484
2.60765
2.60801
2.60814
2.60826
2.61121
2.6115
2.61155
2.61167
2.61184
2.61481
2.61514
2.61519
2.61534
2.61543
2.61913
2.61913
2.61926
2.61929
2.61937
2.62283
2.62286
2.62295
2.62304
2.62633
2.62658
2.62666
2.62666
2.62672
2.63039
2.63041
2.63042
2.63045
2.63403
2.63426
2.63426
2.63426
2.63426
2.63818
2.63817
2.63816
2.63814
2.64219
2.64218
2.64211
2.64209
2.64207
2.64627
2.64619
2.64616
2.64611
2.65041
2.65038
2.65031
2.65023
2.65464
2.65459
2.65455
2.65439
2.65423
2.65874
2.65884
2.65871
2.65865
2.65865
2.6633
2.66315
2.663
2.66825
2.66825
2.6679
2.6679
2.66763
2.66744
2.67268
2.67259
2.67225
2.672
2.67713
2.67719
2.67677
2.67663
2.67633
2.68208
2.68177
2.68161
2.68112
2.68679
2.68682
2.68648
2.68631
2.6858
2.69204
2.69171
2.69138
2.69105
2.69763
2.69785
2.69769
2.69721
2.6969
2.70301
2.70308
2.70293
2.70247
2.70854
2.70878
2.70848
2.70818
2.70789
2.71438
2.71449
2.71406
2.71378
2.7135
2.72029
2.72
2.71972
2.7193
2.72607
2.7262
2.72581
2.72555
2.72555
2.72505
2.73296
2.73272
2.73248
2.73225
2.73876
2.73842
2.7383
2.73808
2.73786
2.74418
2.74407
2.74386
2.74354
2.74979
2.74958
2.74927
2.74907
2.74887
2.75475
2.75465
2.75445
2.75425
2.76008
2.75989
2.7597
2.75951
2.75933
2.765
2.76482
2.76465
2.76447
2.76975
2.76975
2.76975
2.7695
2.76934
2.76919
2.76903
2.77689
2.77668
2.77654
2.77641
2.78154
2.78136
2.78136
2.78121
2.78111
2.78604
2.78596
2.78588
2.78584
2.79054
2.79048
2.79043
2.7904
2.79491
2.79491
2.79487
2.79483
2.79481
2.7948
2.79919
2.79918
2.79919
2.79919
2.80366
2.80367
2.80368
2.80371
2.80758
2.80783
2.80786
2.80789
2.80791
2.81189
2.81196
2.812
2.81206
2.81571
2.81598
2.81607
2.8161
2.81617
2.81989
2.82
2.82008
2.82016
2.82386
2.82386
2.82399
2.82408
2.82417
2.82426
2.8286
2.82869
2.82879
2.8289
2.83218
2.83247
2.83253
2.8327
2.83282
2.8362
2.83632
2.83645
2.83665
2.83969
2.84
2.84014
2.84028
2.84036
2.84362
2.84377
2.84393
2.844
2.84719
2.84735
2.84751
2.84768
2.84768
2.85103
2.85128
2.85162
2.85171
2.85188
2.85206
2.8557
2.85603
2.85629
2.85647
2.85665
2.85964
2.85964
2.85981
2.86008
2.8628
2.86312
2.86321
2.86339
2.86356
2.8665
2.86668
2.86686
2.86694
2.86995
2.87004
2.87013
2.8704
2.87314
2.87337
2.87355
2.87374
2.87392
2.87669
2.87687
2.87706
2.87734
2.87734
2.88017
2.88036
2.88046
2.88075
2.88345
2.88364
2.88384
2.88404
2.88424
2.88691
2.88711
2.88742
2.88752
2.89003
2.89037
2.89058
2.89078
2.89099
2.89362
2.89372
2.89414
2.89414
2.89435
2.89697
2.89748
2.89748
2.89759
2.90036
2.9007
2.901
2.9013
2.9013
2.90395
2.90415
2.90434
2.90463
2.90718
2.90751
2.9076
2.90779
2.90798
2.9107
2.91088
2.91106
2.91124
2.9141
2.91427
2.91436
2.91462
2.91479
2.91751
2.91785
2.91785
2.91815
2.91823
2.92171
2.92179
2.92195
2.9222
2.92228
2.92525
2.92533
2.92556
2.92564
2.9285
2.92873
2.92895
2.92909
2.92923
2.93224
2.93231
2.93245
2.93265
2.93573
2.93586
2.93599
2.93605
2.93618
2.93938
2.93941
2.93956
2.93967
2.93984
2.94323
2.94328
2.94338
2.94353
2.94685
2.94689
2.94702
2.94706
2.94713
2.95063
2.95066
2.95072
2.95075
2.95431
2.9544
2.9544
2.95446
2.95813
2.95815
2.95818
2.95821
2.95823
2.9618
2.96202
2.96203
2.96203
2.96203
2.96201
2.96684
2.96681
2.96679
2.96678
2.97086
2.97082
2.9708
2.97073
2.97067
2.97493
2.97486
2.97483
2.97472
2.97913
2.97905
2.979
2.97887
2.97877
2.98333
2.98323
2.98312
2.98301
2.98772
2.98759
2.98746
2.98732
2.99192
2.99192
2.99191
2.99175
2.99167
2.99644
2.99657
2.99639
2.99609
2.99597
3.0011
3.00085
3.00073
3.00047
3.00572
3.00557
3.00543
3.00482
3.01045
3.01048
3.01033
3.01001
3.00969
3.01538
3.01525
3.01509
3.01461
3.01444
3.0205
3.02034
3.02002
3.01938
3.02567
3.02565
3.02542
3.02495
3.03143
3.03127
3.03097
3.03035
3.03004
3.03683
3.03653
3.03638
3.03608
3.04252
3.04252
3.04208
3.04194
3.04164
3.04846
3.04802
3.04774
3.04747
3.04733
3.05405
3.05392
3.05353
3.05341
3.05992
3.05968
3.05956
3.05956
3.05897
3.05862
3.05862
3.06759
3.06725
3.06714
3.06692
3.07309
3.07276
3.07265
3.07233
3.07222
3.07823
3.07802
3.07771
3.08312
3.08345
3.08325
3.08305
3.08285
3.08845
3.08835
3.08816
3.08788
3.08779
3.0931
3.09306
3.09272
3.09272
3.09272
3.09239
3.09231
3.10121
3.10106
3.10099
3.10079
3.10073
3.10579
3.10562
3.10556
3.10536
3.11027
3.11018
3.1101
3.11006
3.10994
3.11463
3.1146
3.11454
3.11448
3.11896
3.11892
3.1189
3.11885
3.11883
3.12317
3.12315
3.12313
3.12313
3.12734
3.12733
3.12733
3.12733
3.12733
3.13187
3.13211
3.13212
3.13213
3.13215
3.13612
3.13613
3.13619
3.1362
3.13622
3.1401
3.14014
3.14018
3.14023
3.14402
3.14402
3.14407
3.14416
3.14781
3.14785
3.14792
3.14803
3.1481
3.15142
3.15174
3.15183
3.15193
3.15518
3.15541
3.15563
3.15568
3.15574
3.1593
3.15936
3.15955
3.15961
3.15974
3.16303
3.1631
3.16331
3.16338
3.16636
3.16674
3.16681
3.16704
3.16711
3.17018
3.17033
3.17057
3.17081
3.17374
3.1739
3.17406
3.17422
3.17439
3.17734
3.17751
3.17759
3.17784
3.17793
3.18093
3.18101
3.18119
3.1825
3.18431
3.18449
3.18467
3.18476
3.18767
3.18785
3.18794
3.18812
3.19094
3.19127
3.19127
3.19156
3.19174
3.19184
3.19468
3.19478
3.19506
3.19516
3.19797
3.19816
3.19816
3.19856
3.19866
3.20185
3.20205
3.20235
3.20235
3.20255
3.2054
3.2054
3.2057
3.20581
3.20844
3.20874
3.20884
3.20915
3.20925
3.21187
3.21228
3.21238
3.21248
3.2152
3.2154
3.2155
3.21571
3.21829
3.21852
3.21892
3.21892
3.21933
3.22195
3.22195
3.22215
3.22245
3.22255
3.22527
3.22537
3.22566
3.22586
3.22828
3.2287
3.22889
3.22918
3.23163
3.23196
3.23205
3.23233
3.23261
3.23532
3.23532
3.23559
3.23578
3.23587
3.2387
3.23879
3.23923
3.23923
3.23941
3.24253
3.2427
3.24296
3.24313
3.24322
3.24603
3.24637
3.24637
3.24653
3.2494
3.24964
3.24979
3.24987
3.25288
3.25296
3.25318
3.25325
3.25346
3.2564
3.2566
3.25667
3.25687
3.25994
3.26001
3.26013
3.26044
3.26044
3.26393
3.26404
3.2641
3.2642
3.2643
3.26766
3.2677
3.26779
3.26784
3.26792
3.27128
3.27136
3.27147
3.2715
3.27497
3.27506
3.27509
3.27516
3.27875
3.27877
3.27883
3.27886
3.27889
3.28258
3.28261
3.28263
3.28263
3.28264
3.28647
3.28647
3.28647
3.29021
3.29043
3.29043
3.29038
3.29032
3.29032
3.29028
3.29605
3.29621
3.29616
3.29613
3.29606
3.30036
3.30032
3.30021
3.30016
3.30133
3.30451
3.30446
3.30431
3.30426
3.30885
3.30879
3.30861
3.30855
3.31329
3.31323
3.31301
3.31286
3.31271
3.31769
3.31752
3.31744
3.31718
3.3171
3.32214
3.3219
3.32164
3.3215
3.32665
3.32665
3.32605
3.32589
3.32573
3.33133
3.33116
3.33082
3.3303
3.33651
3.33598
3.33563
3.33545
3.3415
3.34097
3.3408
3.34028
3.34028
3.34664
3.34613
3.34579
3.34562
3.35172
3.35144
3.35128
3.35111
3.35716
3.35707
3.35707
3.3566
3.35629
3.35614
3.363
3.36295
3.36251
3.36221
3.36191
3.37067
3.37077
3.37047
3.37017
3.36986
3.3768
3.37652
3.37625
3.37598
3.37585
3.38251
3.38226
3.38201
3.38177
3.38819
3.38808
3.38774
3.38762
3.3874
3.39373
3.39352
3.39331
3.3931
3.39933
3.39903
3.39883
3.39873
3.39843
3.40438
3.40409
3.404
3.40381
3.40961
3.40942
3.40923
3.40904
3.40885
3.41452
3.41434
3.41416
3.41399
3.41951
3.41926
3.41918
3.41902
3.41886
3.42422
3.42407
3.42393
3.4238
3.42897
3.42891
3.42868
3.42868
3.42851
3.4335
3.43346
3.43337
3.43325
3.43321
3.43823
3.4382
3.43812
3.4381
3.44267
3.44264
3.44259
3.44256
3.44696
3.44696
3.44695
3.44694
3.44695
3.45118
3.45121
3.45121
3.45122
3.45533
3.45536
3.45539
3.45542
3.45546
3.45942
3.45946
3.45953
3.45955
3.45961
3.46351
3.46354
3.46362
3.46366
3.46746
3.46753
3.46756
3.46767
3.4677
3.47143
3.47151
3.47155
3.47167
3.47523
3.47536
3.47545
3.4755
3.47906
3.47915
3.47926
3.47931
3.47942
3.48289
3.48295
3.48306
3.48331
3.48331
3.48663
3.48689
3.48689
3.48709
3.49049
3.4908
3.49087
3.49102
3.49125
3.49454
3.49462
3.49485
3.4951
3.4951
3.49823
3.49847
3.49847
3.49864
3.50163
3.50188
3.50197
3.50231
3.50526
3.50526
3.50552
3.5056
3.50586
3.50854
3.50895
3.50904
3.50931
3.50948
3.51227
3.51236
3.51276
3.51276
3.51276
3.51317
3.51722
3.51731
3.51749
3.51767
3.52057
3.52057
3.52085
3.52104
3.52124
3.52398
3.52417
3.52437
3.52456
3.52704
3.52747
3.52766
3.52785
3.52795
3.53075
3.53094
3.53113
3.53132
3.53378
3.53411
3.5344
3.53459
3.53478
3.53746
3.53756
3.53794
3.53813
3.53813
3.53833
3.54179
3.54189
3.54208
3.54237
3.54503
3.54513
3.54542
3.54552
3.54814
3.54847
3.54857
3.54895
3.54905
3.55149
3.55191
3.5521
3.55229
3.55484
3.55517
3.55526
3.55554
3.55573
3.55843
3.55862
3.55871
3.55899
3.56171
3.5618
3.56198
3.56225
3.56234
3.56511
3.56537
3.56546
3.56563
3.56837
3.56861
3.56886
3.56895
3.56912
3.57212
3.57221
3.57237
3.57245
3.57527
3.57566
3.57566
3.5759
3.57598
3.57892
3.57907
3.57937
3.57944
3.57952
3.58259
3.58266
3.5828
3.58301
3.58584
3.58614
3.58634
3.5864
3.58653
3.58973
3.58979
3.5899
3.59007
3.59307
3.59341
3.5935
3.59355
3.59364
3.59703
3.59711
3.59719
3.59723
3.60049
3.60082
3.60082
3.6009
3.6009
3.60105
3.60105
3.60621
3.60623
3.60629
3.60982
3.60982
3.61007
3.61009
3.61009
3.6101
3.61396
3.61396
3.61394
3.61393
3.61774
3.61794
3.61789
3.61789
3.61785
3.62199
3.62195
3.62193
3.62185
3.62593
3.62612
3.62602
3.62602
3.62602
3.63109
3.63131
3.63122
3.63106
3.63101
3.6309
3.63606
3.63593
3.63581
3.63574
3.64054
3.64047
3.64032
3.6401
3.64002
3.64504
3.6448
3.64472
3.64447
3.64974
3.6494
3.64929
3.64907
3.65434
3.65422
3.65384
3.65357
3.65344
3.6533
3.65851
3.6582
3.65805
3.65789
3.66435
3.66439
3.66422
3.66374
3.66341
3.66958
3.66942
3.6691
3.66861
3.66845
3.67477
3.67445
3.67397
3.67365
3.68028
3.6798
3.67965
3.67917
3.68578
3.68547
3.68531
3.68485
3.68455
3.6913
3.69115
3.6907
3.69026
3.69707
3.69707
3.69677
3.69647
3.69603
3.70282
3.70282
3.70255
3.70215
3.70892
3.70879
3.70842
3.70829
3.71435
3.71448
3.71424
3.714
3.71376
3.71364
3.7199
3.71978
3.71955
3.71994
3.72542
3.7253
3.72497
3.72486
3.73079
3.73058
3.73026
3.73026
3.72995
3.73582
3.73563
3.73543
3.73525
3.74093
3.74075
3.74066
3.7404
3.74032
3.74567
3.74567
3.74543
3.74528
3.74521
3.7504
3.75028
3.75021
3.75009
3.75528
3.75512
3.75507
3.75473
3.75473
3.75473
3.76132
3.76132
3.76117
3.76114
3.76108
3.76576
3.76573
3.76566
3.76564
3.77017
3.77014
3.77009
3.77009
3.77447
3.77447
3.77446
3.77446
3.77446
3.77869
3.77871
3.77872
3.77873
3.78261
3.78287
3.78288
3.78294
3.78297
3.78693
3.78702
3.78702
3.78713
3.78716
3.78719
3.79253
3.7928
3.79287
3.79297
3.79301
3.79673
3.7968
3.79688
3.79696
3.80059
3.80067
3.80072
3.80085
3.80095
3.80448
3.80458
3.80473
3.80473
3.80824
3.80834
3.80845
3.80857
3.80868
3.81199
3.81199
3.81229
3.81229
3.81255
3.81635
3.81664
3.81664
3.81688
3.81688
3.82041
3.82065
3.8209
3.82098
3.82115
3.82417
3.82434
3.8246
3.82478
3.82774
3.82792
3.828
3.82827
3.82836
3.83137
3.83154
3.83163
3.83181
3.83479
3.83488
3.83506
3.83533
3.83551
3.83944
3.83958
3.83991
3.84
3.84018
3.84046
3.84055
3.84346
3.84364
3.84373
3.84392
3.84689
3.84689
3.84708
3.84726
3.85012
3.85021
3.8504
3.85068
3.85077
3.85351
3.8537
3.85399
3.85418
3.85699
3.85699
3.85718
3.85747
3.85757
3.86035
3.86055
3.86064
3.86094
3.86362
3.86381
3.8642
3.8642
3.8643
3.86707
3.86717
3.86736
3.86765
3.86774
3.87042
3.8707
3.8708
3.87099
3.87377
3.87405
3.87414
3.87423
3.87679
3.87712
3.87748
3.87757
3.87784
3.88225
3.88248
3.88257
3.88284
3.88302
3.88562
3.88585
3.88611
3.8862
3.88646
3.88922
3.88931
3.88956
3.88964
3.89253
3.8927
3.89278
3.89293
3.89317
3.8958
3.89618
3.89626
3.89649
3.89923
3.89953
3.89953
3.89987
3.89998
3.90005
3.90322
3.90329
3.90358
3.90365
3.90694
3.90724
3.90738
3.90752
3.90765
3.91069
3.91081
3.91094
3.91107
3.91401
3.91436
3.91436
3.91453
3.91464
3.91783
3.91794
3.91804
3.91815
3.91825
3.92151
3.92161
3.9217
3.92174
3.92617
3.92617
3.92617
3.9263
3.9263
3.92643
3.92648
3.93095
3.93099
3.93103
3.93106
3.93109
3.93475
3.93479
3.9348
3.93482
3.93861
3.93861
3.93861
3.93861
3.94231
3.94252
3.9425
3.94248
3.94246
3.94653
3.94648
3.94643
3.94641
3.94636
3.95058
3.9505
3.95045
3.95039
3.95032
3.95544
3.95537
3.95525
3.95517
3.95941
3.95954
3.9595
3.9594
3.9593
3.96395
3.96384
3.96373
3.96361
3.96813
3.96828
3.96814
3.96793
3.96786
3.97392
3.97413
3.97398
3.97381
3.97364
3.97356
3.97864
3.9784
3.97816
3.97791
3.98351
3.98309
3.9828
3.98249
3.98218
3.98797
3.98765
3.98732
3.98699
3.99284
3.9927
3.9927
3.99185
3.99185
3.99135
3.99927
3.99927
3.99877
3.9986
4.00446
4.00451
4.00418
4.00402
4.01001
4.01008
4.00992
4.00959
4.00912
4.01565
4.01565
4.01518
4.01503
4.01457
4.0214
4.02126
4.02097
4.02067
4.0271
4.02728
4.02683
4.02653
4.02625
4.03339
4.03312
4.03286
4.0326
4.0393
4.03905
4.03893
4.03856
4.03833
4.04493
4.04481
4.04458
4.04424
4.05064
4.05042
4.05009
4.04999
4.04977
4.056
4.05578
4.05557
4.05536
4.06108
4.06122
4.06091
4.06081
4.0606
4.06652
4.06632
4.06612
4.06592
4.07136
4.07149
4.07131
4.07112
4.07094
4.07655
4.07637
4.07629
4.07604
4.07588
4.08223
4.08208
4.08193
4.08179
4.08166
4.08688
4.08676
4.0867
4.08648
4.09155
4.09146
4.09137
4.09129
4.09583
4.096
4.09597
4.09592
4.09587
4.09582
4.101
4.10118
4.10114
4.10113
4.10532
4.10555
4.10554
4.10554
4.10554
4.10981
4.10981
4.11007
4.11009
4.11011
4.11014
4.1156
4.11565
4.11569
4.11573
4.11577
4.11973
4.11979
4.11984
4.1199
4.12374
4.12374
4.12387
4.12397
4.12401
4.12408
4.12863
4.12867
4.12878
4.12886
4.13247
4.13259
4.13267
4.13276
4.13613
4.13641
4.13655
4.13655
4.1367
4.14018
4.14028
4.14039
4.14049
4.1406
4.144
4.14412
4.14424
4.1443
4.14783
4.1482
4.14826
4.1484
4.14854
4.15174
4.15188
4.15203
4.15218
4.15233
4.15536
4.1556
4.15576
4.15895
4.15895
4.15912
4.15929
4.15946
4.15963
4.1625
4.16276
4.16294
4.16312
4.16603
4.1662
4.16638
4.16656
4.16928
4.1697
4.16979
4.16997
4.17015
4.17299
4.17317
4.17335
4.17354
4.17363
4.17644
4.17672
4.17691
4.1771
4.17986
4.18006
4.18025
4.18044
4.18063
4.18365
4.18398
4.18418
4.18438
4.18717
4.18727
4.18747
4.18767
4.18787
4.1904
4.19074
4.19094
4.19114
4.19134
4.19376
4.1941
4.19441
4.19471
4.19725
4.19746
4.19766
4.19787
4.19797
4.20071
4.20091
4.20112
4.20132
4.20371
4.20405
4.20436
4.20477
4.20477
4.20498
4.20791
4.20822
4.20842
4.20862
4.21127
4.21137
4.21167
4.21187
4.21207
4.21507
4.21507
4.21517
4.21546
4.21801
4.21835
4.21854
4.21873
4.21891
4.22155
4.22183
4.22201
4.22228
4.22482
4.22514
4.22523
4.2255
4.22567
4.22849
4.22882
4.22882
4.22899
4.23187
4.23203
4.23211
4.2325
4.2325
4.23521
4.2356
4.23575
4.23589
4.23889
4.23903
4.23911
4.23925
4.23945
4.24245
4.24271
4.24278
4.24285
4.24604
4.24616
4.24628
4.2464
4.24651
4.24984
4.24984
4.24994
4.24999
4.25335
4.25349
4.25349
4.25365
4.25371
4.25371
4.25795
4.25802
4.25809
4.25816
4.2617
4.26176
4.26181
4.26186
4.2619
4.26556
4.2656
4.26561
4.26565
4.26923
4.26945
4.26947
4.26947
4.26947
4.2734
4.27339
4.27336
4.27335
4.27334
4.27719
4.27737
4.27733
4.27729
4.27724
4.28244
4.28239
4.28229
4.28222
4.28663
4.28681
4.28668
4.28663
4.28653
4.29117
4.29101
4.2909
4.29079
4.29067
4.29548
4.29535
4.29516
4.29502
4.29986
4.29986
4.29964
4.29948
4.2994
4.30448
4.30422
4.30404
4.30382
4.30909
4.30884
4.30858
4.30803
4.30803
4.31361
4.31361
4.31286
4.31286
4.31254
4.31985
4.31985
4.31951
4.31918
4.31867
4.32485
4.32468
4.32401
4.32401
4.32996
4.32983
4.3295
4.32934
4.33508
4.3353
4.33514
4.33451
4.33435
4.3342
4.34061
4.33999
4.33999
4.33969
4.34655
4.3461
4.34581
4.34552
4.35207
4.35203
4.35173
4.35158
4.35113
4.35951
4.35951
4.35949
4.35936
4.35909
4.36539
4.36552
4.36514
4.36514
4.36478
4.37148
4.37113
4.37077
4.37077
4.37054
4.37671
4.37671
4.37636
4.37613
4.38238
4.38227
4.38183
4.38183
4.3815
4.38757
4.38725
4.38725
4.38694
4.39285
4.39264
4.39244
4.39234
4.39214
4.39845
4.39826
4.39816
4.39789
4.40337
4.40328
4.40319
4.40302
4.40286
4.40795
4.40802
4.40795
4.4078
4.40766
4.41282
4.41275
4.41257
4.41246
4.41749
4.41744
4.41734
4.41721
4.41717
4.42223
4.42219
4.42207
4.42207
4.42668
4.42665
4.42659
4.42656
4.42655
4.431
4.43099
4.43098
4.43097
4.43097
4.43527
4.43528
4.43529
4.43531
4.43947
4.4395
4.43951
4.43959
4.43959
4.44365
4.44367
4.44372
4.44377
4.44811
4.44838
4.44841
4.44849
4.44855
4.45213
4.4524
4.4525
4.45254
4.45633
4.45633
4.45641
4.45649
4.45662
4.46024
4.46033
4.46043
4.46058
4.46058
4.46421
4.46421
4.46432
4.46448
4.46792
4.46792
4.46816
4.46828
4.47145
4.47169
4.47189
4.47216
4.47216
4.47541
4.47548
4.4757
4.47585
4.47593
4.4791
4.47933
4.47941
4.47965
4.4825
4.48299
4.48299
4.48324
4.48333
4.48636
4.48661
4.4867
4.48696
4.48969
4.49011
4.4902
4.49047
4.49348
4.49366
4.49366
4.49384
4.49412
4.49701
4.49719
4.49728
4.49746
4.5005
4.5005
4.50069
4.50096
4.50374
4.50374
4.50416
4.50435
4.50445
4.50464
4.50752
4.50762
4.50791
4.50811
4.51062
4.51126
4.51126
4.51146
4.51403
4.51437
4.51448
4.51478
4.51488
4.51767
4.51788
4.51808
4.51818
4.51838
4.52117
4.52137
4.52148
4.52168
4.52421
4.52465
4.52476
4.52517
4.5312
4.5313
4.53171
4.53171
4.53434
4.53467
4.53467
4.53508
4.53518
4.53783
4.53826
4.53836
4.53865
4.53884
4.54143
4.54161
4.54188
4.54206
4.54215
4.54497
4.54505
4.54522
4.54546
4.54827
4.54834
4.5485
4.54865
4.55159
4.55174
4.55196
4.55196
4.55218
4.55501
4.55531
4.55545
4.55559
4.55846
4.55868
4.55882
4.55896
4.5591
4.56215
4.5623
4.56237
4.56258
4.56265
4.56565
4.56587
4.56594
4.56608
4.56895
4.56932
4.56946
4.56967
4.57251
4.57274
4.57301
4.57301
4.57315
4.57635
4.57641
4.5766
4.57672
4.57678
4.58005
4.58016
4.58022
4.58346
4.58346
4.58378
4.58387
4.58396
4.5872
4.58743
4.58754
4.58754
4.58766
4.59121
4.59129
4.59133
4.59138
4.59487
4.59509
4.59514
4.59514
4.59516
4.59902
4.59902
4.59901
4.599
4.60279
4.60299
4.60296
4.60295
4.60289
4.60706
4.60702
4.60699
4.60691
4.61098
4.6112
4.61113
4.61102
4.61095
4.61519
4.61532
4.61523
4.61519
4.61975
4.6197
4.61949
4.61949
4.61931
4.62387
4.62402
4.62382
4.62375
4.62854
4.62854
4.62831
4.62815
4.62806
4.63302
4.63302
4.63284
4.63254
4.63242
4.63774
4.63736
4.63709
4.63682
4.64223
4.64228
4.6417
4.64155
4.64125
4.6471
4.64679
4.64663
4.64615
4.65203
4.65207
4.65158
4.65142
4.65752
4.65736
4.65704
4.65655
4.65639
4.66265
4.66233
4.66201
4.66169
4.66153
4.66793
4.66747
4.66747
4.66701
4.67346
4.67326
4.67326
4.67283
4.67269
4.67945
4.67903
4.67888
4.67859
4.6853
4.68503
4.68476
4.6845
4.68437
4.69107
4.69082
4.69057
4.69045
4.69705
4.69669
4.69646
4.69622
4.69587
4.69587
4.70337
4.70303
4.70291
4.70268
4.7089
4.70867
4.70821
4.70798
4.71418
4.71407
4.71361
4.71361
4.71911
4.71911
4.719
4.71878
4.71867
4.71845
4.72481
4.7246
4.72449
4.72409
4.72409
4.72962
4.72952
4.72925
4.72907
4.7346
4.73443
4.73419
4.73411
4.73928
4.73921
4.73901
4.73888
4.74358
4.7438
4.7437
4.74365
4.74356
4.74811
4.74826
4.74826
4.74811
4.7525
4.7525
4.75268
4.75264
4.7526
4.75728
4.75751
4.75749
4.75748
4.75748
4.76175
4.76175
4.76176
4.76176
4.76178
4.76592
4.76617
4.76619
4.76621
4.76624
4.77072
4.77075
4.77079
4.77081
4.77453
4.77476
4.77481
4.77488
4.7792
4.7792
4.77943
4.77949
4.77955
4.77961
4.77961
4.78443
4.78487
4.78494
4.78502
4.7851
4.78518
4.78877
4.78886
4.789
4.78905
4.79247
4.79263
4.79273
4.79284
4.79604
4.79628
4.79645
4.79651
4.79668
4.79998
4.80017
4.80023
4.80036
4.80341
4.80371
4.80385
4.80398
4.80411
4.80728
4.80735
4.80756
4.8077
4.81063
4.81102
4.81109
4.81125
4.8114
4.81434
4.81458
4.81474
4.8149
4.81771
4.81811
4.81811
4.81836
4.81861
4.82144
4.82161
4.82179
4.82196
4.82214
4.82515
4.82533
4.82551
4.82569
4.82836
4.82869
4.82888
4.82916
4.82926
4.83202
4.83231
4.83231
4.8326
4.83519
4.83543
4.83563
4.83593
4.83613
4.83882
4.83912
4.83923
4.83943
4.84186
4.8423
4.8426
4.84271
4.84281
4.84556
4.84577
4.84597
4.84617
4.84882
4.84912
4.84923
4.84933
4.84963
4.85227
4.85247
4.85267
4.85287
4.85565
4.85612
4.85632
4.85652
4.85672
4.85692
4.85957
4.85976
4.85996
4.86006
4.86282
4.86301
4.86321
4.8634
4.86594
4.86637
4.86656
4.86666
4.86685
4.86969
4.86997
4.87007
4.87025
4.87044
4.87322
4.8735
4.87359
4.87386
4.87404
4.8769
4.87699
4.87707
4.87734
4.88023
4.88032
4.88049
4.88066
4.88336
4.88368
4.88384
4.884
4.88417
4.88715
4.88723
4.88739
4.88754
4.88769
4.89065
4.8908
4.89094
4.89109
4.89412
4.89426
4.89439
4.89452
4.89747
4.89776
4.89789
4.89795
4.89813
4.90126
4.90143
4.90154
4.90164
4.90175
4.90503
4.90513
4.90522
4.90526
4.90842
4.90873
4.90885
4.90892
4.90899
4.91268
4.91274
4.91279
4.91284
4.91626
4.91653
4.91655
4.91658
4.91661
4.92035
4.92037
4.92039
4.9204
4.92406
4.92428
4.92428
4.92428
4.92426
4.92825
4.92825
4.92825
4.92825
4.92816
4.92816
4.92816
4.93473
4.93473
4.93473
4.93473
4.93891
4.93917
4.93864
4.93855
4.94283
4.94299
4.94288
4.94282
4.94263
4.94257
4.94725
4.94711
4.94703
4.9468
4.95204
4.95187
4.95162
4.95153
4.95144
4.95649
4.9563
4.95606
4.9558
4.96114
4.96087
4.96072
4.96029
4.96029
4.96664
4.96632
4.96583
4.96567
4.96534
4.97161
4.97128
4.97093
4.97059
4.97024
4.97638
4.97603
4.97568
4.98143
4.98163
4.98129
4.98112
4.9806
4.98043
4.9867
4.98568
4.98568
4.98568
4.98534
4.98517
4.99392
4.99359
4.99325
4.99309
4.99946
4.99936
4.99903
4.99871
5.00519
5.00543
5.00494
5.00478
5.0043
5.01128
5.01152
5.01104
5.01058
5.01058
5.0176
5.01715
5.017
5.01657
5.01643
5.02296
5.02296
5.02257
5.02218
5.0296
5.02924
5.02911
5.029
5.02876
5.03494
5.03472
5.03461
5.0344
5.03419
5.04084
5.04074
5.04054
5.04016
5.03997
5.04665
5.04671
5.04653
5.04644
5.04626
5.05182
5.05173
5.05165
5.05133
5.05118
5.05764
5.05745
5.05727
5.0572
5.06241
5.06241
5.06237
5.06237
5.06218
5.0673
5.06713
5.06713
5.06702
5.07186
5.07186
5.07168
5.07168
5.0716
5.07149
5.0773
5.07724
5.07719
5.07714
5.0826
5.0826
5.08308
5.08306
5.08305
5.08305
5.08305
5.08733
5.08735
5.08737
5.08739
5.09149
5.09152
5.09154
5.09161
5.09559
5.09559
5.09559
5.09573
5.0958
5.09962
5.09977
5.09989
5.09989
5.09989
5.10006
5.10496
5.10496
5.10515
5.1052
5.10525
5.10926
5.1095
5.10965
5.1097
5.10986
5.10986
5.11364
5.1137
5.11381
5.11392
5.11745
5.11769
5.11769
5.11769
5.11781
5.12168
5.12186
5.12186
5.12218
5.12538
5.12575
5.12575
5.12596
5.12927
5.12944
5.12951
5.12974
5.12982
5.13005
5.13022
5.13392
5.13409
5.13435
5.13435
5.13452
5.138
5.138
5.138
5.13827
5.13846
5.14273
5.14288
5.14321
5.14331
5.14331
5.14369
5.14389
5.14736
5.14756
5.14775
5.14794
5.14823
5.15118
5.15152
5.15152
5.1519
5.15199
5.15227
5.15535
5.15576
5.15617
5.15621
5.15656
5.16075
5.16098
5.16124
5.16141
5.16149
5.16167
5.16479
5.16487
5.16513
5.16531
5.16531
5.16557
5.16894
5.16894
5.1693
5.16947
5.16947
5.17248
5.17381
5.17381
5.174
5.17418
5.17427
5.17729
5.17738
5.17776
5.17776
5.17813
5.17813
5.18131
5.18159
5.18178
5.18178
5.18178
5.18225
5.18235
5.18667
5.18676
5.18704
5.18732
5.18741
5.19057
5.1908
5.1908
5.19125
5.19125
5.19166
5.19188
5.19206
5.19612
5.19638
5.19646
5.19663
5.1968
5.19991
5.19991
5.19991
5.20182
5.20204
5.20204
5.20222
5.20242
5.20579
5.20608
5.20621
5.2064
5.20647
5.20934
5.20934
5.20966
5.20966
5.20985
5.21345
5.21351
5.21358
5.21358
5.21399
5.21408
5.2178
5.2178
5.21805
5.21811
5.21829
5.22137
5.22166
5.22184
5.22184
5.22209
5.22215
5.22566
5.22578
5.22596
5.22607
5.22909
5.22927
5.22932
5.22944
5.23241
5.23285
5.23285
5.23295
5.233
5.23305
5.2376
5.2376
5.2376
5.23791
5.23797
5.23797
5.2382
5.24312
5.24342
5.24342
5.24342
5.24351
5.24355
5.2481
5.2481
5.2481
5.24848
5.24858
5.24858
5.24858
5.24871
5.25469
5.25469
5.25472
5.25489
5.25493
5.25501
5.25975
5.25978
5.25987
5.25987
5.25994
5.26417
5.26417
5.26422
5.26423
5.26423
5.26825
5.26827
5.26826
5.26826
5.27506
5.2753
5.27552
5.2755
5.2755
5.27542
5.2754
5.28184
5.28184
5.28206
5.28204
5.28196
5.28191
5.28188
5.28188
5.28699
5.28687
5.28685
5.28673
5.28668
5.28668
5.29552
5.29581
5.29563
5.29557
5.29546
5.29546
5.29495
5.30295
5.30283
5.30283
5.30194
5.30164
5.3111
5.3111
5.31082
5.31069
5.3106
5.31041
5.31041
5.31878
5.31882
5.31872
5.31832
5.31811
5.31811
5.32513
5.32482
5.32482
5.32482
5.32418
