0
0
0
0
0
0
0
0
0
0
0
0
0
0
0
0
0
0
0
0
0
0
0
0
0
0
0
0
0
0
0
0
0
0
0
0
0
0
0
0
0
0
0
0
0
0
0
0
0
0
0
0
0
0
0
0
0
0
0
0
0
0
0
0
0
0
0
0
0
0
0
0
0
0
0
0
0
0
0
0
0
0
0
0
0
0
0
0
0
0
0
0
0
0
0
0
0
0
0
0
0
0
0
0
0
0
0
0
0
0
0
0
0
0
0
0
0
0
0
0
0
0
0
0
0
0
0
0
0
0
0
0
0
0
0
0
0
0
0
0
0
0
0
0
0
0
0
0
0
0
0
0
0
0
0
0
0
0
0
0
0
0
0
0
0
0
0
0
0
0
0
0
0
0
0
0
0
0
0
0
0
0
0
0
0
0
0
0
0
0
0
0
0
0
0
0
0
0
0
0
0
0
0
0
0
0
0
0
0
0
0
0
0
0
0
0
0
0
0
0
0
0
0
0
0
0
0
0
0
0
0
0
0
0
0
0
0
0
0
0
0
0
0
0
0
0
0
0
0
0
0
0
0
0
0
0
0
0
0
0
0
0
0
0
0
0
0
0
0
0
0
0
0
0
0
0
0
0
0
0
0
0
0
0
0
0
0
0
0
0
0
0
0
0
0
0
0
0
0
0
0
0
0
0
0
0
0
0
0
0
0
0
0
0
0
0
0
0
0
0
0
0
0
0
0
0
0
0
0
0
0
0
0
0
0
0
0
0
0
0
0
0
0
0
0
0
0
0
0
0
0
0
0
0
0
0
0
0
0
0
0
0
0
0
0
0
0
0
0
0
0
0
0
0
0
0
0
0
0
0
0
0
0
0
0
0
0
0
0
0
0
0
0
0
0
0
0
0
0
0
0
0
0
0
0
0
0
0
0
0
0
0
0
0
0
0
0
0
0
0
0
0
0
0
0
0
0
0
0
0
0
0
0
0
0
0
0
0
0
0
0
0
0
0
0
0
0
0
0
0
0
0
0
0
0
0
0
0
0
0
0
0
0
0
0
0
0
0
0
0
0
0
0
0
0
0
0
0
0
0
0
0
0
0
0
0
0
0
0
0
0
0
0
0
0
0
0
0.00505323
0.0048045
0.00457063
0.00436689
0.0041925
0.0103727
0.0102504
0.0101497
0.0100687
0.0159487
0.0159033
0.0158737
0.0158605
0.0158593
0.0215185
0.0215322
0.0215671
0.0216157
0.0270004
0.0271688
0.0273181
0.0274981
0.0277086
0.0330324
0.0330324
0.0334801
0.0335286
0.0335286
0.0335286
0.0409783
0.0412865
0.0413392
0.0414947
0.0415966
0.0459544
0.0462986
0.0463953
0.0464897
0.0465817
0.0510023
0.05109
0.0512166
0.0512573
0.055274
0.0555775
0.0556145
0.0557205
0.0557868
0.0598278
0.0599184
0.0599742
0.0600265
0.0637253
0.0640026
0.064023
0.0640422
0.0676272
0.0678451
0.0678451
0.0679037
0.0679037
0.0679201
0.0717227
0.0717352
0.0717386
0.0717374
0.0752017
0.0751953
0.0751853
0.075172
0.0751643
0.0784829
0.0784613
0.0784371
0.0784105
0.081604
0.081573
0.0815398
0.0814862
0.0814674
0.0845229
0.0844823
0.0844399
0.0843959
0.087316
0.0872693
0.0871461
0.0871461
0.0871199
0.0870668
0.0906472
0.0905376
0.0905096
0.0904532
0.0930775
0.0930195
0.0929607
0.0929011
0.0928409
0.0953393
0.0952779
0.0952157
0.0951844
0.0975313
0.0974353
0.097403
0.0973379
0.0973052
0.099568
0.0994684
0.0994012
0.0993335
0.101486
0.101417
0.101349
0.10128
0.103755
0.103755
0.103755
0.103833
0.103798
0.103798
0.103586
0.103551
0.105957
0.105992
0.105957
0.105852
0.105782
0.107553
0.107484
0.107416
0.107347
0.108921
0.108947
0.108879
0.108811
0.108744
0.110312
0.110245
0.110179
0.110113
0.111532
0.11155
0.111452
0.111387
0.111323
0.112696
0.112633
0.112571
0.112509
0.112477
0.112385
0.114086
0.114026
0.113966
0.113906
0.114991
0.114998
0.11494
0.114883
0.114827
0.115881
0.115826
0.115772
0.115718
0.116622
0.116623
0.116572
0.116496
0.11647
0.117331
0.117307
0.117234
0.117186
0.117163
0.117163
0.117833
0.117789
0.117746
0.117704
0.118743
0.118682
0.118662
0.118623
0.118584
0.119083
0.119045
0.119026
0.118971
0.119351
0.119337
0.119302
0.119268
0.119235
0.119527
0.119511
0.119479
0.119449
0.119652
0.119635
0.119607
0.119581
0.119555
0.119678
0.119655
0.119632
0.119601
0.119591
0.119607
0.119588
0.119571
0.119554
0.119473
0.119458
0.119451
0.119432
0.119421
0.119243
0.119233
0.11922
0.119217
0.118942
0.118936
0.118931
0.118927
0.118554
0.118553
0.118552
0.118552
0.118553
0.118555
0.117996
0.118
0.118002
0.118011
0.117459
0.117433
0.117443
0.117455
0.117469
0.116775
0.116791
0.116809
0.116828
0.116047
0.116047
0.11607
0.116094
0.116119
0.115208
0.115235
0.115264
0.115294
0.114272
0.114288
0.114338
0.114391
0.114409
0.113274
0.113312
0.113331
0.11339
0.112178
0.112197
0.112229
0.112274
0.112274
0.112366
0.112366
0.110304
0.110208
0.110208
0.110287
0.110341
0.108784
0.108841
0.108898
0.108957
0.109018
0.107335
0.107397
0.107461
0.107526
0.105748
0.105782
0.10585
0.10592
0.104095
0.104053
0.104128
0.104166
0.104283
0.102207
0.102289
0.10233
0.102457
0.100152
0.100064
0.100153
0.100244
0.100359
0.100464
0.0980717
0.0981738
0.0982746
0.0983744
0.0958564
0.0959604
0.0961179
0.0961708
0.0962239
0.0936421
0.0937507
0.0938602
0.0939706
0.0911562
0.0913255
0.0914407
0.0915576
0.0887281
0.0888495
0.0888495
0.0889699
0.0891516
0.0859525
0.0858967
0.0860213
0.0861472
0.0862744
0.0831052
0.0832352
0.0833666
0.0834992
0.0836331
0.0803209
0.0804576
0.080596
0.0807366
0.0772763
0.0774203
0.0775662
0.0777135
0.0777874
0.0742426
0.0743916
0.0746176
0.0746935
0.0709209
0.0710728
0.0712249
0.0714561
0.0677089
0.0677089
0.0677089
0.0678666
0.0681057
0.0682664
0.0632332
0.0635572
0.0636386
0.063719
0.0639578
0.0598598
0.059938
0.0602484
0.0602484
0.0562746
0.0565026
0.056578
0.0567275
0.0568756
0.0532628
0.0532628
0.0533352
0.0535508
0.0498622
0.0499329
0.0502127
0.0502127
0.046941
0.0470465
0.0470465
0.0470802
0.0472807
0.0436942
0.0436342
0.0436998
0.0438301
0.0440234
0.040789
0.0408521
0.0409778
0.041164
0.0412254
0.0381367
0.0383171
0.038436
0.0385537
0.0357192
0.0356689
0.0358981
0.0359546
0.0360107
0.0332095
0.0333194
0.0334282
0.0335356
0.0308754
0.0310321
0.0311859
0.0312365
0.0288626
0.0288626
0.0289112
0.0289596
0.0291497
0.0265815
0.0266278
0.0267196
0.0268551
0.0269437
0.0247375
0.0247375
0.0249075
0.0249075
0.0229472
0.0229097
0.0229902
0.0230299
0.0231086
0.0211491
0.0212249
0.0212624
0.0213365
0.019496
0.0196026
0.0196026
0.0197069
0.0197411
0.017981
0.0180805
0.0181456
0.0181777
0.0182097
0.0166242
0.0167156
0.0167753
0.0167753
0.0152063
0.0153218
0.0153502
0.0154341
0.0154616
0.0138665
0.0139199
0.0139981
0.0140492
0.0140743
0.0127746
0.0128229
0.0128467
0.0129167
0.0116681
0.0117356
0.0117795
0.0118012
0.0107332
0.0107125
0.0107738
0.0107939
0.00985053
0.00986801
0.00986801
0.00988627
0.00990434
0.00902232
0.00900416
0.00902101
0.00907067
0.00910284
0.00818723
0.00820272
0.0082332
0.00827777
0.00753851
0.00752389
0.00755153
0.00756506
0.00760443
0.00692675
0.0069133
0.00694898
0.0069605
0.00638265
0.00635974
0.00639073
0.00641043
0.00642941
0.00588554
0.00589441
0.00591985
0.00592798
0.00593593
0.00541171
0.00541171
0.00543229
0.005445
0.00545702
0.00507954
0.00509529
0.00510022
0.00510957
0.00481253
0.00481646
0.00482711
0.00483031
0.00483891
0.00461001
0.0046167
0.0046186
0.00462329
0.00447323
0.00447323
0.00447492
0.00447506
0.00447401
0.0044007
0.00439505
0.00439505
0.00439301
0.00439601
0.00439601
0.00438821
0.00438392
0.00436709
0.00436709
0.00448781
0.00448258
0.00447132
0.00445893
0.00464766
0.00464036
0.00462507
0.00460879
0.00459156
0.00486087
0.00482163
0.00482163
0.00481131
0.00479005
0.00513762
0.00512615
0.00509046
0.00507818
0.00551519
0.00548949
0.00546302
0.00543585
0.00543585
0.00599703
0.00596005
0.00594499
0.00591434
0.00589875
0.0065597
0.00654354
0.00651038
0.00645858
0.00644097
0.00711125
0.00709305
0.00703739
0.00699938
0.00774541
0.0077057
0.00768533
0.00766462
0.00760073
0.0084673
0.00840041
0.00837759
0.00833108
0.00828349
0.00918625
0.00913637
0.00911104
0.00908546
0.0100182
0.0100182
0.00996355
0.00990775
0.0110453
0.011054
0.0109937
0.010963
0.0108693
0.0119979
0.0120065
0.0119086
0.0118756
0.0118089
0.0131006
0.0130323
0.0129628
0.0128925
0.0142759
0.014204
0.014131
0.014057
0.0139823
0.0154593
0.0153831
0.0153054
0.0152247
0.0167476
0.0167601
0.0166334
0.0165473
0.0164601
0.0181437
0.0180548
0.0180099
0.0179192
0.0177347
0.0198909
0.0198441
0.0197499
0.0196056
0.0195079
0.0214185
0.0213189
0.021218
0.0211159
0.0231897
0.0230344
0.0228767
0.0228237
0.0227171
0.0248522
0.0247441
0.024635
0.0245249
0.0267729
0.0266616
0.0265494
0.0264362
0.0276836
0.0286275
0.0285697
0.028395
0.0282778
0.0282193
0.0311441
0.0310261
0.0309067
0.0307863
0.033405
0.0332857
0.033165
0.0330433
0.0357268
0.0356652
0.0355466
0.0354499
0.0353564
0.038037
0.0380879
0.0379689
0.0378513
0.037734
0.040718
0.0405976
0.0404775
0.0402954
0.0434422
0.0433175
0.0433175
0.0430012
0.0430012
0.0462083
0.0460779
0.0459443
0.0457411
0.0456729
0.0488772
0.0488772
0.0487351
0.0520779
0.052005
0.0519317
0.0517102
0.0516358
0.0551805
0.0551046
0.0548754
0.0547987
0.0545652
0.0583939
0.0581551
0.0578293
0.0578293
0.0577472
0.0577472
0.0613903
0.061306
0.0610475
0.0650464
0.0649603
0.0647047
0.0645361
0.0644518
0.0684358
0.0682718
0.0681948
0.0718828
0.0720386
0.0719633
0.0717387
0.0715897
0.0715156
0.075376
0.0752307
0.0750867
0.0750151
0.0786648
0.0786648
0.0784551
0.0783858
0.0819685
0.0819003
0.0819003
0.0815628
0.0814295
0.0849403
0.0848088
0.0846781
0.0845482
0.0879213
0.0877928
0.0876648
0.0875373
0.0874104
0.0906508
0.090525
0.0904622
0.0902744
0.0933869
0.0932629
0.0931392
0.0930775
0.0957714
0.0958797
0.0957581
0.0956372
0.0955171
0.0982152
0.0982588
0.098141
0.0980243
0.0979087
0.0979087
0.100472
0.100416
0.100416
0.100416
0.100142
0.103508
0.103455
0.103403
0.1033
0.105673
0.105624
0.105526
0.105336
0.105336
0.107625
0.107489
0.107445
0.107313
0.10727
0.109468
0.109468
0.109385
0.109303
0.111299
0.111259
0.111179
0.111062
0.112989
0.11295
0.112836
0.112836
0.112724
0.112724
0.112576
0.112432
0.115438
0.115466
0.115395
0.115325
0.116949
0.116915
0.116815
0.116782
0.116683
0.118276
0.118179
0.118083
0.118052
0.11802
0.119457
0.119426
0.119334
0.119274
0.120623
0.120594
0.120564
0.120478
0.12045
0.121739
0.121657
0.12163
0.121577
0.121577
0.122898
0.122848
0.122824
0.122752
0.122729
0.1238
0.123755
0.123734
0.12367
0.124674
0.124634
0.124594
0.124575
0.125443
0.12542
0.125402
0.125367
0.125332
0.126189
0.126123
0.126123
0.126091
0.126838
0.126793
0.126793
0.126763
0.12672
0.127409
0.127382
0.127355
0.127328
0.127315
0.127922
0.12791
0.127885
0.127861
0.128399
0.128388
0.128354
0.128343
0.128815
0.128795
0.128774
0.128765
0.128745
0.12916
0.129133
0.129124
0.129099
0.129428
0.129438
0.129408
0.129408
0.129388
0.129672
0.129653
0.129637
0.129631
0.129627
0.129828
0.129824
0.129817
0.12981
0.129937
0.129936
0.129932
0.12993
0.129978
0.129978
0.129978
0.129979
0.129981
0.129952
0.129957
0.129962
0.129965
0.129867
0.129867
0.129882
0.129896
0.129896
0.129718
0.129724
0.129741
0.129753
0.129767
0.129498
0.129513
0.129528
0.129536
0.129216
0.129241
0.12925
0.129269
0.129288
0.128889
0.128909
0.12893
0.128952
0.128481
0.128505
0.128528
0.128553
0.128565
0.128048
0.128062
0.128089
0.128131
0.127501
0.127516
0.127579
0.127579
0.127629
0.126848
0.126883
0.12692
0.126977
0.126996
0.126211
0.126252
0.126315
0.126315
0.125467
0.125512
0.125559
0.125607
0.124706
0.124698
0.124748
0.124826
0.124852
0.123779
0.12386
0.123915
0.123972
0.123972
0.122645
0.122574
0.122664
0.122725
0.122787
0.121533
0.121628
0.121661
0.121727
0.121793
0.120443
0.120511
0.12058
0.120649
0.119203
0.119274
0.119345
0.119417
0.119453
0.118022
0.118022
0.118097
0.118173
0.116629
0.116608
0.116688
0.116769
0.116851
0.115102
0.115186
0.115272
0.115359
0.113609
0.113587
0.113632
0.113768
0.113861
0.111841
0.111983
0.112031
0.112127
0.110086
0.110136
0.110285
0.110387
0.110489
0.108281
0.108385
0.108437
0.108647
0.108647
0.106321
0.106482
0.106536
0.106697
0.104249
0.104357
0.104466
0.104521
0.104632
0.102123
0.102179
0.102299
0.102357
0.0993325
0.0993893
0.0994463
0.0996179
0.0997329
0.0968913
0.0969502
0.0970685
0.0972461
0.0973055
0.094355
0.0945368
0.0945981
0.0947213
0.091652
0.0917772
0.0919024
0.0920929
0.0890895
0.088966
0.0892268
0.0892268
0.0893592
0.0862313
0.0861707
0.0863075
0.0864466
0.0831888
0.0831988
0.0833403
0.0834842
0.0801782
0.0800405
0.0801899
0.0803405
0.0804947
0.0806532
0.0768562
0.0770991
0.0772596
0.0774171
0.0736094
0.0737651
0.0739204
0.0741478
0.0704385
0.0703615
0.0705041
0.070575
0.0707171
0.0670346
0.0671751
0.0673146
0.0674531
0.0675219
0.0640411
0.0641087
0.0643104
0.0643773
0.0608971
0.0610292
0.0611607
0.0612262
0.0581381
0.0580782
0.0582073
0.0583359
0.058464
0.0552553
0.0554456
0.0555089
0.0556351
0.055761
0.0526828
0.0528078
0.0529322
0.0530561
0.0501065
0.050229
0.050351
0.0504723
0.0505328
0.0478321
0.0478921
0.0481292
0.0481586
0.0482463
0.0449466
0.0450615
0.0451751
0.0452875
0.0429017
0.0428685
0.042977
0.0431366
0.0431891
0.0407959
0.0408984
0.0409996
0.0410993
0.0411486
0.0388899
0.0390342
0.0391288
0.0392221
0.0370918
0.0371826
0.0372721
0.0373604
0.0374477
0.0354413
0.035484
0.0356524
0.0356524
0.0335945
0.0335945
0.0337568
0.0337968
0.0338757
0.0339536
0.0317358
0.0317739
0.0318873
0.0319618
0.0319986
0.0304084
0.0304444
0.0305515
0.0305869
0.0290995
0.0291343
0.0292375
0.0293394
0.0293394
0.0279827
0.0279827
0.0280814
0.0281465
0.0281789
0.0268523
0.0270111
0.0270111
0.0270736
0.0258001
0.0258001
0.0259209
0.0259209
0.0260094
0.0247445
0.0248021
0.0248306
0.0249151
0.0238782
0.0239329
0.0239599
0.0240135
0.0240662
0.0231429
0.0231683
0.0232432
0.0232677
0.0224787
0.0224542
0.0225239
0.0225468
0.0226139
0.0218376
0.0218805
0.0219015
0.0219635
0.0219837
0.0213099
0.0213496
0.0213875
0.0214063
0.0214431
0.0207645
0.0208164
0.02085
0.0208829
0.0203732
0.0203919
0.020438
0.020468
0.020468
0.0200357
0.0200501
0.0200787
0.0201209
0.0197588
0.0197724
0.019786
0.0198262
0.0195177
0.0195307
0.0195692
0.0195943
0.0196067
0.0193662
0.0194024
0.0194261
0.0194605
0.0194605
0.0192766
0.01932
0.0193304
0.0193701
0.0192543
0.0192775
0.0192951
0.0193121
0.0193202
0.0193015
0.0193087
0.0193223
0.0193353
0.0193927
0.0194038
0.019414
0.0194188
0.0195441
0.0195644
0.0195677
0.0195708
0.0195788
0.0197726
0.0197902
0.0197945
0.0197964
0.0197971
0.0200842
0.0200841
0.0200837
0.0200812
0.0204447
0.0204401
0.0204337
0.0204311
0.0204249
0.0208879
0.020884
0.0208656
0.0208604
0.020855
0.0213724
0.0213539
0.0213335
0.0213335
0.0219111
0.0219111
0.0218867
0.0218781
0.0225057
0.0225272
0.0224973
0.0224761
0.0224653
0.0231977
0.0231623
0.0231501
0.023125
0.0239463
0.0239329
0.0238915
0.023877
0.0246941
0.0246941
0.0247005
0.024684
0.0246331
0.0246331
0.0258192
0.0258424
0.0258043
0.0257652
0.025725
0.0268183
0.0267762
0.0267329
0.0266886
0.0266435
0.0278239
0.0278004
0.0277276
0.0288993
0.0289499
0.0288985
0.028846
0.0288192
0.0300754
0.0301002
0.0300712
0.0299822
0.0299213
0.0313838
0.0313206
0.0311902
0.0311902
0.0311231
0.0327196
0.0326164
0.0325457
0.0324736
0.0324002
0.0342648
0.0341892
0.0341509
0.0340344
0.0358171
0.0357371
0.0356558
0.0355732
0.0354891
0.0373788
0.0372925
0.0372048
0.0371159
0.0391187
0.0390276
0.0389352
0.0388415
0.040912
0.0408643
0.0407682
0.0407197
0.0405712
0.0428042
0.0428042
0.0423307
0.0423307
0.044919
0.0474303
0.0473724
0.0471964
0.0470771
0.047017
0.0496025
0.0494862
0.0494279
0.0492515
0.0491333
0.051897
0.0518378
0.0517186
0.051598
0.0543636
0.0543022
0.0542404
0.0541157
0.0539727
0.0570044
0.0568117
0.0567473
0.0565537
0.0596035
0.0596604
0.0593971
0.0592642
0.0624225
0.0625484
0.0623446
0.0621402
0.0621402
0.0619352
0.0619352
0.0668201
0.0667492
0.0665339
0.0664614
0.0663154
0.0699229
0.0697011
0.0696264
0.0693998
0.0731513
0.0730745
0.0728421
0.0726846
0.0726052
0.0764239
0.0763418
0.0761758
0.0760073
0.0798278
0.0798086
0.0797207
0.0795436
0.0792765
0.0792765
0.0833124
0.0830376
0.0830376
0.0872651
0.0871755
0.0869959
0.0867257
0.0865458
0.091275
0.091106
0.090938
0.0906892
0.0906065
0.0949033
0.0946603
0.0945801
0.0944207
0.0984848
0.0984066
0.0982506
0.0979414
0.0979414
0.101785
0.101785
0.101635
0.10519
0.105334
0.105113
0.10504
0.104894
0.104749
0.10914
0.109068
0.108855
0.108784
0.108642
0.112169
0.112029
0.111959
0.111751
0.11514
0.115002
0.114865
0.114797
0.114662
0.117848
0.117715
0.117583
0.117452
0.12039
0.120438
0.120374
0.120185
0.12006
0.123035
0.122914
0.122853
0.125608
0.125608
0.12571
0.125595
0.125482
0.125371
0.127899
0.127943
0.127836
0.127784
0.127629
0.130172
0.130072
0.129926
0.129878
0.132287
0.132194
0.132102
0.132011
0.131922
0.134205
0.134118
0.134033
0.13395
0.135987
0.136027
0.135908
0.135868
0.135791
0.137833
0.137757
0.137757
0.137608
0.137572
0.13979
0.139861
0.139755
0.13972
0.139618
0.141385
0.141353
0.141321
0.141258
0.142918
0.142827
0.142827
0.142737
0.142708
0.14424
0.14424
0.144184
0.144074
0.145567
0.145567
0.145464
0.145439
0.145414
0.146783
0.146783
0.146688
0.146642
0.146597
0.148069
0.148069
0.148027
0.147986
0.147966
0.147926
0.149296
0.149278
0.149223
0.149508
0.150292
0.150241
0.150209
0.150193
0.151178
0.151119
0.151119
0.151076
0.151076
0.151968
0.151968
0.15193
0.151917
0.152664
0.152721
0.152687
0.152675
0.153429
0.153418
0.153408
0.153388
0.153359
0.153349
0.154041
0.154015
0.154007
0.153983
0.154602
0.154595
0.154575
0.155084
0.155107
0.155101
0.155085
0.15508
0.155071
0.155542
0.155527
0.155527
0.155518
0.155916
0.155912
0.155908
0.155906
0.155906
0.155901
0.156303
0.156303
0.156302
0.156302
0.156304
0.156305
0.156578
0.156582
0.156585
0.15659
0.156729
0.156736
0.156745
0.156754
0.156759
0.156826
0.156826
0.156838
0.156858
0.156834
0.156845
0.15686
0.156884
0.156796
0.156806
0.156815
0.156834
0.156854
0.156874
0.156648
0.156659
0.156669
0.156699
0.15672
0.156472
0.156477
0.156512
0.156537
0.156232
0.156237
0.156251
0.156293
0.156308
0.155903
0.155966
0.155966
0.156015
0.155535
0.15557
0.155587
0.155623
0.155678
0.155123
0.155142
0.155142
0.155222
0.155285
0.155306
0.154453
0.154497
0.154519
0.154611
0.154634
0.153897
0.153945
0.153995
0.154045
0.153228
0.15328
0.153334
0.153389
0.152542
0.152544
0.152602
0.152721
0.152721
0.151731
0.151792
0.151855
0.151918
0.15195
0.150907
0.15094
0.151039
0.151107
0.150012
0.150082
0.150082
0.150082
0.150225
0.148817
0.148891
0.148965
0.149041
0.149117
0.147758
0.147836
0.147914
0.147994
0.14658
0.14662
0.146702
0.146786
0.14687
0.145317
0.145403
0.145491
0.14558
0.143924
0.143969
0.14406
0.142543
0.142543
0.142532
0.142627
0.142724
0.142724
0.142968
0.142968
0.140584
0.140684
0.140734
0.140887
0.138758
0.138811
0.138914
0.139071
0.139124
0.136998
0.137158
0.137265
0.137319
0.135135
0.135189
0.135352
0.135461
0.133251
0.133221
0.133331
0.133439
0.133546
0.131174
0.131137
0.131245
0.131355
0.128987
0.12889
0.129007
0.129169
0.129169
0.126566
0.126838
0.126838
0.126894
0.12706
0.12706
0.123427
0.123595
0.123651
0.123823
0.120881
0.120939
0.121056
0.121233
0.121293
0.118234
0.118416
0.118477
0.118665
0.118729
0.115612
0.115744
0.115879
0.115947
0.112761
0.112832
0.11312
0.11312
0.113193
0.109799
0.109874
0.110103
0.11018
0.106699
0.106773
0.107071
0.107221
0.107221
0.103676
0.103813
0.103881
0.104084
0.100517
0.100584
0.100783
0.100914
0.100979
0.0976091
0.0977385
0.0979318
0.097996
0.0946848
0.0948127
0.0948765
0.0951302
0.0918766
0.0920025
0.0920025
0.0923154
0.0923154
0.0924397
0.0885751
0.0886981
0.0888208
0.088943
0.0890039
0.0861014
0.0862224
0.0864031
0.0864632
0.0837438
0.0838627
0.0839809
0.0840985
0.084157
0.0815577
0.0817307
0.081788
0.081902
0.0794568
0.0795377
0.0795377
0.0797579
0.0797579
0.0773506
0.077458
0.077617
0.0777732
0.075519
0.0755433
0.0756938
0.0757431
0.075792
0.0733986
0.0734945
0.0735896
0.0737298
0.0718286
0.0717604
0.071851
0.0719858
0.0701303
0.0701739
0.0702604
0.0703033
0.0703883
0.0687442
0.0687668
0.0687668
0.0688882
0.0689283
0.067252
0.0674085
0.0674472
0.067524
0.065954
0.0657151
0.0656653
0.0657024
0.065813
0.0658862
0.064397
0.064352
0.064388
0.0644957
0.0645667
0.0632249
0.0632947
0.063364
0.0633984
0.063467
0.0622525
0.0622861
0.0623529
0.0624518
0.0624845
0.0613277
0.0614235
0.061455
0.0615484
0.0605138
0.0605138
0.0606628
0.0606628
0.0596888
0.0597461
0.0598029
0.0598311
0.0599147
0.059054
0.0590809
0.0591343
0.0591606
0.0583834
0.058409
0.058485
0.0585349
0.0585597
0.0578622
0.0579103
0.0579342
0.0580049
0.0580282
0.0574063
0.0574515
0.0574739
0.0575181
0.0569704
0.0569919
0.0570555
0.0571182
0.0571182
0.056663
0.0566834
0.0567035
0.0567631
0.0563552
0.0563552
0.0564121
0.0564493
0.0564677
0.0561288
0.0561643
0.0561818
0.0562163
0.0559466
0.0559632
0.056028
0.0560594
0.0560594
0.0558582
0.0558881
0.0559028
0.0559317
0.0558002
0.0558139
0.0558407
0.0558797
0.0558924
0.0558182
0.0558304
0.0558886
0.0559106
0.0559106
0.055928
0.0559304
0.0559304
0.0559861
0.0559945
0.0560182
0.0560257
0.0561914
0.0561982
0.0562171
0.0562287
0.0564408
0.0564511
0.0564608
0.0564653
0.0564779
0.0567628
0.05677
0.0567823
0.0567823
0.0567874
0.0571531
0.0571566
0.0571581
0.0575986
0.0575992
0.0575997
0.0576002
0.0575999
0.0580808
0.0581092
0.0581092
0.0581034
0.0580974
0.0580919
0.0588558
0.0588488
0.0588409
0.0588322
0.0588228
0.0595059
0.0594952
0.0594895
0.0594712
0.0602299
0.0602163
0.0602092
0.0601943
0.0609719
0.0610045
0.0609778
0.0609684
0.0609491
0.0618711
0.0618506
0.0618178
0.0617945
0.0627742
0.0627742
0.0627359
0.0627092
0.0626813
0.0626525
0.0640332
0.0640175
0.0639847
0.0639679
0.0639149
0.0651029
0.0650636
0.0650227
0.0649804
0.0662654
0.0662209
0.0661751
0.0661281
0.067401
0.0674583
0.0674084
0.0673573
0.0673051
0.0686901
0.0687234
0.068668
0.0686115
0.0685538
0.0701228
0.0700631
0.0699402
0.0699402
0.0717775
0.0717775
0.0716136
0.0716136
0.0715453
0.0714758
0.0714053
0.0737244
0.0736519
0.0735781
0.0735028
0.0754261
0.0753097
0.0752702
0.0751904
0.0771052
0.0771441
0.0770611
0.0769771
0.0768922
0.0790411
0.0789544
0.0788664
0.0787772
0.0809972
0.0809972
0.0808596
0.0807661
0.0806708
0.083055
0.0830985
0.0829984
0.0828964
0.0827928
0.0853118
0.0852053
0.0850969
0.0849313
0.0874803
0.0875249
0.0874109
0.0872952
0.0871783
0.0899611
0.0898447
0.0897265
0.0896064
0.092347
0.0923965
0.0922101
0.0921473
0.0920208
0.0950692
0.095005
0.0948094
0.0947433
0.0978691
0.0977145
0.0975772
0.0974427
0.0973754
0.100729
0.100526
0.10039
0.100254
0.10351
0.103575
0.103506
0.103295
0.103154
0.106739
0.106596
0.10645
0.106304
0.109949
0.109874
0.109727
0.109577
0.109425
0.113281
0.113125
0.112965
0.112801
0.116584
0.116567
0.116482
0.116308
0.120415
0.120325
0.120143
0.11996
0.119775
0.12387
0.123931
0.123732
0.123534
0.123341
0.127809
0.127618
0.127522
0.127165
0.131508
0.131594
0.131424
0.131254
0.131086
0.135464
0.135298
0.135134
0.135052
0.139435
0.139274
0.139193
0.139033
0.138794
0.142944
0.142939
0.142783
0.142628
0.142474
0.146387
0.146235
0.146083
0.145933
0.149697
0.149548
0.1494
0.149252
0.149179
0.152725
0.152581
0.152437
0.152294
0.155569
0.155626
0.155556
0.155417
0.158416
0.158416
0.158402
0.158268
0.158137
0.158072
0.161659
0.161533
0.161533
0.161288
0.16418
0.16429
0.164113
0.163997
0.163827
0.166735
0.16668
0.166516
0.166463
0.166356
0.169012
0.168909
0.168808
0.16866
0.171229
0.171181
0.171134
0.170993
0.170946
0.173382
0.173203
0.173203
0.173072
0.175423
0.175296
0.175253
0.175129
0.175088
0.177236
0.177117
0.177078
0.177039
0.178996
0.178998
0.17896
0.178849
0.1807
0.180774
0.180703
0.180634
0.180565
0.182347
0.182347
0.18225
0.182219
0.183828
0.183834
0.183805
0.183746
0.183746
0.185591
0.185536
0.185509
0.185404
0.185378
0.185353
0.186923
0.186876
0.186852
0.186806
0.188186
0.188164
0.1881
0.188058
0.188037
0.189325
0.189267
0.189267
0.18923
0.190378
0.190392
0.190375
0.190341
0.191389
0.191435
0.191403
0.191358
0.191343
0.19237
0.192342
0.192329
0.192302
0.192302
0.193224
0.1932
0.193166
0.193155
0.194119
0.194166
0.194136
0.194118
0.194108
0.194885
0.194869
0.194861
0.194838
0.19483
0.195532
0.195526
0.195513
0.195494
0.196101
0.196118
0.196103
0.196103
0.196094
0.196647
0.196644
0.19664
0.196631
0.197095
0.197118
0.19711
0.197108
0.197105
0.197538
0.197537
0.197537
0.197539
0.197539
0.197872
0.197876
0.197878
0.197883
0.198143
0.198147
0.19815
0.198162
0.198332
0.198344
0.198365
0.198365
0.198377
0.198475
0.198496
0.198511
0.198519
0.198536
0.198565
0.198574
0.198594
0.198635
0.198635
0.198612
0.198612
0.198636
0.1986
0.198528
0.198555
0.198582
0.198595
0.198401
0.19843
0.19846
0.198506
0.198522
0.19824
0.198272
0.198305
0.198339
0.197984
0.198019
0.198055
0.198092
0.19811
0.197683
0.19774
0.197799
0.197799
0.197338
0.197359
0.1974
0.197443
0.197486
0.196912
0.196956
0.197002
0.197049
0.196396
0.196469
0.196494
0.196544
0.196569
0.195862
0.195915
0.195969
0.196023
0.195182
0.195238
0.195323
0.195381
0.195411
0.194574
0.194574
0.194666
0.194728
0.193715
0.193811
0.193878
0.193945
0.192906
0.192941
0.193012
0.193084
0.193194
0.191955
0.191992
0.192068
0.192145
0.192223
0.190955
0.191034
0.191115
0.191197
0.189915
0.189915
0.189999
0.190084
0.190169
0.188707
0.188794
0.188881
0.18897
0.187501
0.187497
0.187588
0.187679
0.187726
0.18616
0.186247
0.186389
0.186389
0.184666
0.184714
0.184763
0.184909
0.185008
0.183016
0.183116
0.183216
0.183317
0.183368
0.181476
0.181528
0.181631
0.181735
0.179632
0.179738
0.179845
0.179954
0.180063
0.177789
0.177955
0.178067
0.17818
0.175843
0.175957
0.176072
0.176188
0.173787
0.173843
0.173957
0.174072
0.17413
0.17413
0.170946
0.171051
0.171158
0.171319
0.171373
0.168657
0.168765
0.168873
0.168983
0.166331
0.166221
0.166388
0.166502
0.166616
0.163687
0.163862
0.163921
0.164041
0.16099
0.161113
0.161175
0.161363
0.161491
0.158312
0.158441
0.158638
0.158705
0.155399
0.155604
0.155604
0.155815
0.155887
0.152314
0.15226
0.152412
0.152566
0.152719
0.149175
0.14932
0.149465
0.149611
0.146095
0.146162
0.146298
0.146365
0.146565
0.14307
0.143201
0.143266
0.143459
0.140223
0.140223
0.140349
0.140475
0.1406
0.137365
0.137489
0.137611
0.137733
0.134802
0.134747
0.134807
0.134987
0.135107
0.132125
0.132304
0.132363
0.132481
0.129785
0.12974
0.129799
0.129974
0.13009
0.127353
0.127468
0.127583
0.127698
0.12523
0.125194
0.125307
0.125419
0.125474
0.123146
0.123146
0.123308
0.123361
0.121074
0.121045
0.121202
0.121305
0.121407
0.119163
0.119262
0.119361
0.119409
0.11734
0.117435
0.117529
0.117621
0.117712
0.115717
0.115805
0.115893
0.115979
0.114211
0.11419
0.114273
0.114356
0.114438
0.112638
0.112759
0.112799
0.112917
0.111265
0.111343
0.111421
0.111421
0.110054
0.110023
0.110099
0.110174
0.110211
0.108794
0.108868
0.108941
0.109014
0.109086
0.107689
0.107832
0.107868
0.107939
0.106741
0.106739
0.106808
0.106877
0.106912
0.105764
0.105998
0.105064
0.105064
0.105096
0.105127
0.104192
0.104264
0.104264
0.104347
0.104373
0.104452
0.103065
0.103115
0.103165
0.103214
0.102463
0.102487
0.102533
0.10258
0.102626
0.10193
0.101976
0.102021
0.102067
0.101476
0.101486
0.101532
0.1016
0.101072
0.101062
0.101108
0.101131
0.101176
0.100731
0.100726
0.100825
0.100858
0.10088
0.100922
0.100423
0.100506
0.100506
0.100547
0.100203
0.100242
0.100281
0.100318
0.100356
0.100083
0.100119
0.100154
0.100188
0.0999876
0.100036
0.100068
0.100084
0.100114
0.0999848
0.100014
0.100042
0.100069
0.100012
0.100012
0.100076
0.100088
0.100117
0.100128
0.100151
0.100172
0.100193
0.100278
0.100303
0.100321
0.100339
0.100355
0.100522
0.100537
0.100551
0.100571
0.100793
0.10082
0.100831
0.100841
0.10085
0.101172
0.101183
0.10119
0.101196
0.101566
0.101595
0.101602
0.101604
0.101608
0.102077
0.102078
0.102079
0.10208
0.10208
0.10208
0.102618
0.102617
0.102614
0.103298
0.10333
0.103327
0.103321
0.103314
0.104014
0.104005
0.103996
0.103986
0.103976
0.104748
0.10473
0.104717
0.105507
0.105557
0.105541
0.105523
0.105505
0.105485
0.106403
0.106392
0.106368
0.106329
0.106329
0.107328
0.107292
0.107254
0.107223
0.10847
0.108418
0.1084
0.108363
0.108324
0.109527
0.109466
0.109445
0.109402
0.110696
0.110629
0.110606
0.11056
0.110513
0.111896
0.111846
0.111795
0.111744
0.113221
0.113167
0.113112
0.113056
0.113
0.114545
0.114516
0.114426
0.114426
0.114332
0.114237
0.116746
0.116681
0.116614
0.116544
0.118263
0.118298
0.118185
0.118147
0.118069
0.120015
0.119935
0.119853
0.119769
0.12171
0.121747
0.12166
0.121571
0.121481
0.123664
0.123478
0.123478
0.123384
0.125552
0.125591
0.125591
0.125393
0.125342
0.125188
0.125084
0.128332
0.128279
0.128172
0.128064
0.130606
0.130494
0.130438
0.130325
0.13021
0.132938
0.132824
0.132708
0.132589
0.135447
0.135325
0.135202
0.135078
0.137897
0.137947
0.137818
0.137687
0.137555
0.140692
0.14055
0.140413
0.140277
0.140141
0.143507
0.143305
0.14317
0.142967
0.142899
0.147439
0.147439
0.147163
0.147095
0.146959
0.150461
0.150391
0.150322
0.150038
0.149966
0.153598
0.153451
0.153377
0.153149
0.156853
0.156924
0.156684
0.156684
0.160305
0.160373
0.160287
0.160026
0.164131
0.164131
0.163862
0.163679
0.163496
0.163403
0.167745
0.167552
0.167358
0.167072
0.171358
0.171336
0.171148
0.170963
0.175222
0.175394
0.175139
0.175055
0.174885
0.179278
0.17911
0.178861
0.178696
0.178696
0.182857
0.182614
0.182533
0.182292
0.186389
0.186309
0.186152
0.185916
0.185838
0.185838
0.189594
0.189594
0.189099
0.188949
0.19467
0.194448
0.194375
0.194229
0.194083
0.197666
0.197523
0.197381
0.19724
0.200675
0.200537
0.200468
0.200263
0.200128
0.203352
0.203286
0.203155
0.20309
0.206168
0.206042
0.205979
0.205794
0.208619
0.208609
0.208609
0.208433
0.208261
0.211168
0.211057
0.210946
0.210838
0.210731
0.213491
0.213335
0.213232
0.213132
0.2157
0.215602
0.215506
0.215411
0.215318
0.217753
0.217662
0.217573
0.217485
0.219791
0.219705
0.219621
0.219538
0.219456
0.22168
0.221561
0.221445
0.221406
0.221331
0.223854
0.223818
0.223709
0.223637
0.225454
0.225493
0.225425
0.225358
0.22526
0.227107
0.227044
0.226982
0.226921
0.226862
0.228568
0.228511
0.228482
0.228399
0.23
0.229947
0.229895
0.229845
0.23126
0.231294
0.231247
0.231223
0.231154
0.232554
0.23251
0.232468
0.232426
0.232406
0.233691
0.233633
0.233614
0.233578
0.23479
0.234755
0.234721
0.234688
0.235749
0.235779
0.235749
0.235734
0.23569
0.236728
0.236687
0.236674
0.236648
0.236623
0.23758
0.237522
0.237522
0.237511
0.238388
0.238368
0.238358
0.238329
0.23831
0.239102
0.239102
0.239077
0.239061
0.239784
0.23977
0.239757
0.239751
0.239739
0.24038
0.24037
0.24036
0.240351
0.240924
0.240916
0.240909
0.240903
0.240897
0.241397
0.241393
0.241389
0.241388
0.241832
0.241832
0.24183
0.24183
0.24183
0.24183
0.241833
0.242324
0.242342
0.242349
0.242352
0.242361
0.242589
0.242597
0.242601
0.242611
0.242763
0.242775
0.242788
0.242802
0.242809
0.242881
0.242905
0.242922
0.242922
0.242922
0.242937
0.242956
0.242956
0.242996
0.2429
0.2429
0.242956
0.243017
0.243017
0.24303
0.243057
0.242744
0.242757
0.242785
0.242813
0.242841
0.242558
0.242587
0.242631
0.242646
0.242321
0.242328
0.24236
0.242392
0.242408
0.242009
0.242042
0.242077
0.242112
0.241626
0.241663
0.24172
0.24172
0.241778
0.241234
0.24126
0.24126
0.241366
0.241366
0.24141
0.240432
0.240454
0.240501
0.240572
0.240621
0.239871
0.239896
0.239972
0.240023
0.240049
0.23922
0.239274
0.239357
0.239414
0.23853
0.238562
0.238622
0.238683
0.237746
0.237747
0.237779
0.237844
0.237943
0.236889
0.236924
0.236959
0.237063
0.237133
0.235852
0.235852
0.23596
0.235997
0.236071
0.234837
0.234875
0.234989
0.235105
0.233747
0.233743
0.233902
0.233902
0.234024
0.232568
0.23265
0.232691
0.232817
0.231316
0.23135
0.231393
0.231524
0.231612
0.229961
0.23005
0.230095
0.230185
0.228479
0.228525
0.228711
0.228758
0.228805
0.22695
0.227095
0.227145
0.227244
0.225329
0.22538
0.225482
0.225585
0.223613
0.223665
0.223718
0.223878
0.22404
0.221873
0.221905
0.222015
0.22207
0.22207
0.219934
0.220047
0.220161
0.217652
0.217652
0.217874
0.217874
0.218043
0.218157
0.215619
0.215676
0.215849
0.215959
0.213447
0.213398
0.21356
0.213614
0.213724
0.210959
0.21107
0.211126
0.211294
0.208594
0.20854
0.208658
0.208718
0.2089
0.205913
0.206036
0.20616
0.206286
0.203051
0.202931
0.202995
0.203191
0.203324
0.200261
0.200204
0.200272
0.20048
0.197362
0.197234
0.197379
0.197524
0.197672
0.194293
0.19424
0.194471
0.194624
0.194774
0.191195
0.191343
0.191491
0.191703
0.188161
0.188089
0.188286
0.188417
0.188417
0.188679
0.18459
0.184719
0.184846
0.184972
0.181628
0.181815
0.181877
0.182
0.182123
0.178905
0.178966
0.179087
0.179268
0.176119
0.176239
0.176417
0.176536
0.176654
0.173748
0.173806
0.173923
0.17404
0.171197
0.171313
0.171429
0.171544
0.171658
0.168937
0.169051
0.169164
0.169277
0.166845
0.166845
0.166845
0.16701
0.16712
0.167229
0.167338
0.163698
0.163858
0.163963
0.164068
0.16177
0.161923
0.161923
0.162073
0.162171
0.16
0.160096
0.160191
0.160238
0.158239
0.15833
0.15842
0.158465
0.156628
0.156628
0.156715
0.156843
0.156927
0.156969
0.155159
0.155282
0.155403
0.155403
0.153648
0.153727
0.153805
0.153921
0.152384
0.15237
0.152446
0.152521
0.152558
0.151072
0.151182
0.151256
0.151329
0.150017
0.15001
0.150117
0.150152
0.150222
0.14889
0.148994
0.149063
0.149132
0.147959
0.147959
0.14806
0.148126
0.148192
0.148257
0.146886
0.146951
0.147014
0.147076
0.146122
0.146126
0.146156
0.146246
0.146304
0.145381
0.145438
0.145494
0.145576
0.144761
0.144768
0.14482
0.144872
0.144898
0.144173
0.144223
0.144272
0.144296
0.143652
0.143699
0.143745
0.14379
0.14379
0.143212
0.143202
0.143288
0.143309
0.143351
0.143393
0.142724
0.142737
0.142797
0.142837
0.142875
0.14248
0.14248
0.142518
0.142574
0.142247
0.142264
0.142283
0.142319
0.142354
0.142091
0.142126
0.14216
0.142177
0.141997
0.142013
0.142029
0.142076
0.141956
0.141963
0.141993
0.142022
0.14205
0.141976
0.142003
0.14203
0.142068
0.142068
0.142078
0.142102
0.142113
0.142146
0.142219
0.14224
0.142259
0.142278
0.142295
0.142445
0.142461
0.142483
0.14249
0.142706
0.142732
0.142744
0.142755
0.142765
0.143073
0.143077
0.143092
0.143092
0.143099
0.143483
0.143495
0.143495
0.143497
0.143983
0.144013
0.144015
0.144016
0.144016
0.144556
0.144554
0.144552
0.144548
0.145125
0.145156
0.145154
0.145148
0.145141
0.145828
0.14582
0.145812
0.145802
0.146557
0.146546
0.14654
0.146521
0.146507
0.147349
0.147318
0.147318
0.147287
0.147277
0.148404
0.148393
0.148371
0.148334
0.148322
0.149326
0.149312
0.149269
0.149254
0.150278
0.150327
0.150276
0.15024
0.150203
0.151398
0.151379
0.151339
0.151277
0.152564
0.152521
0.152476
0.152454
0.152408
0.153762
0.15375
0.153688
0.153637
0.153559
0.15512
0.155093
0.155037
0.154952
0.15653
0.1565
0.15641
0.156379
0.156316
0.157931
0.157897
0.157828
0.157793
0.159585
0.159438
0.159438
0.159324
0.16123
0.161191
0.161111
0.160989
0.160906
0.162848
0.162926
0.162754
0.162709
0.162709
0.162484
0.165132
0.164993
0.164945
0.164897
0.167133
0.167034
0.166985
0.166834
0.166732
0.16914
0.169036
0.168984
0.168825
0.171358
0.17125
0.171195
0.171028
0.170915
0.173579
0.173465
0.173348
0.173231
0.176028
0.175911
0.175793
0.175673
0.178425
0.178425
0.178352
0.178227
0.178164
0.181045
0.181097
0.180964
0.180741
0.18067
0.18384
0.183704
0.183636
0.183499
0.186726
0.186657
0.186588
0.186309
0.189656
0.189719
0.189649
0.189506
0.189363
0.19276
0.192754
0.192681
0.192459
0.192385
0.196055
0.195979
0.195825
0.19551
0.19934
0.199369
0.199244
0.198991
0.203065
0.202979
0.202805
0.202451
0.202271
0.206597
0.206417
0.206326
0.206139
0.210309
0.210309
0.210021
0.209926
0.209739
0.214194
0.213915
0.213739
0.213569
0.213485
0.217859
0.217775
0.217525
0.217443
0.221665
0.221503
0.221423
0.221423
0.221026
0.220792
0.220792
0.226576
0.226346
0.22627
0.22612
0.230056
0.229834
0.22976
0.229539
0.229466
0.233251
0.233106
0.232891
0.23625
0.236456
0.236315
0.236174
0.236034
0.239456
0.239387
0.239249
0.239045
0.238977
0.242205
0.242127
0.241864
0.241864
0.241864
0.241602
0.241536
0.246828
0.246702
0.246639
0.246455
0.246394
0.249364
0.249189
0.249131
0.248906
0.25178
0.251671
0.251564
0.251511
0.251354
0.254028
0.253978
0.253878
0.25378
0.256264
0.25617
0.256123
0.255986
0.25594
0.258294
0.258207
0.25812
0.25812
0.260307
0.260265
0.260142
0.260061
0.260021
0.262375
0.262379
0.262341
0.262303
0.26219
0.264209
0.264172
0.264028
0.263993
0.263957
0.265831
0.265763
0.265695
0.265629
0.267397
0.267397
0.267333
0.26724
0.268933
0.268903
0.268844
0.268757
0.268701
0.270229
0.270236
0.270183
0.270132
0.271534
0.271592
0.271496
0.271472
0.271449
0.272887
0.272866
0.272801
0.27278
0.272739
0.274002
0.273983
0.273926
0.273908
0.275032
0.275045
0.275028
0.274978
0.274962
0.276063
0.276032
0.275987
0.275943
0.276975
0.276947
0.27692
0.276893
0.276867
0.277804
0.277781
0.277769
0.277735
0.277724
0.278569
0.278559
0.278538
0.278829
0.27929
0.279271
0.279254
0.279245
0.279943
0.279927
0.27992
0.279905
0.280489
0.280511
0.280511
0.280493
0.280483
0.280478
0.281032
0.281027
0.281015
0.281012
0.281493
0.281488
0.281488
0.28148
0.281478
0.281948
0.281946
0.281946
0.281946
0.281947
0.282269
0.282269
0.282274
0.282276
0.28252
0.282529
0.282532
0.282542
0.282546
0.282714
0.282733
0.282738
0.282743
0.282838
0.28285
0.282857
0.282871
0.282892
0.282897
0.282929
0.282929
0.282963
0.282903
0.282903
0.282922
0.282951
0.282961
0.282839
0.282851
0.282886
0.28291
0.282706
0.282729
0.282756
0.282798
0.282523
0.282533
0.282548
0.282594
0.282642
0.282289
0.282289
0.282341
0.282377
0.282395
0.281984
0.282003
0.282101
0.282101
0.282141
0.281519
0.28156
0.281623
0.281666
0.281687
0.281098
0.281189
0.281189
0.281235
0.280568
0.280641
0.280691
0.280716
0.279995
0.280021
0.2801
0.280127
0.280209
0.279353
0.279438
0.279466
0.279553
0.278642
0.278672
0.278732
0.278886
0.278886
0.277767
0.277832
0.277865
0.277932
0.278001
0.276974
0.27701
0.277082
0.277118
0.277192
0.276001
0.276076
0.276191
0.27623
0.274945
0.275064
0.275104
0.275226
0.273845
0.273887
0.274012
0.274096
0.274181
0.27266
0.272789
0.272876
0.27292
0.273009
0.271431
0.271521
0.271566
0.270078
0.270023
0.270023
0.27021
0.2704
0.2704
0.270496
0.26795
0.267985
0.268083
0.268132
0.268231
0.266341
0.266391
0.266541
0.266592
0.266107
0.264697
0.264748
0.264902
0.264954
0.262849
0.262901
0.263059
0.263113
0.260895
0.260949
0.261104
0.261208
0.261314
0.258933
0.25904
0.259094
0.259258
0.259313
0.256881
0.256987
0.257087
0.257137
0.254611
0.254611
0.254818
0.25487
0.254923
0.252263
0.252317
0.252426
0.25259
0.249709
0.249876
0.249989
0.250046
0.24716
0.247335
0.247394
0.247573
0.247573
0.244508
0.244693
0.244818
0.244882
0.241876
0.24195
0.242018
0.242085
0.23902
0.239034
0.239034
0.239249
0.239394
0.239467
0.235931
0.235955
0.236178
0.236324
0.236467
0.231901
0.231837
0.231978
0.232119
0.232263
0.228666
0.228799
0.228931
0.229063
0.22913
0.225682
0.225812
0.225941
0.226069
0.222749
0.222812
0.223
0.223062
0.223187
0.219931
0.220053
0.220176
0.220297
0.217108
0.21729
0.21741
0.21747
0.21765
0.214648
0.214826
0.214886
0.215004
0.212126
0.212245
0.212364
0.212484
0.212603
0.209838
0.209956
0.210074
0.210192
0.207543
0.207718
0.207775
0.20789
0.208004
0.205477
0.205589
0.205701
0.205811
0.203408
0.203462
0.203676
0.203676
0.203833
0.201555
0.201605
0.201707
0.201857
0.201906
0.199681
0.199729
0.19987
0.199917
0.197898
0.197989
0.198123
0.198255
0.196357
0.196357
0.196485
0.196569
0.196653
0.194828
0.194992
0.195033
0.195073
0.193437
0.193517
0.193595
0.193674
0.193751
0.192139
0.192217
0.192331
0.19237
0.192445
0.191006
0.191043
0.191154
0.191191
0.189846
0.189918
0.189955
0.190062
0.190098
0.188843
0.188913
0.188948
0.189052
0.187818
0.18792
0.187987
0.188021
0.186944
0.187009
0.187073
0.187105
0.187168
0.186179
0.186209
0.18627
0.186388
0.186388
0.185456
0.185569
0.185569
0.185651
0.184758
0.184763
0.184789
0.18484
0.184915
0.184124
0.184148
0.184219
0.184289
0.184289
0.183649
0.183717
0.183717
0.183762
0.183173
0.183239
0.18326
0.183346
0.18283
0.18283
0.182892
0.182913
0.182974
0.182532
0.182567
0.182587
0.182645
0.182684
0.182287
0.182306
0.182389
0.182389
0.182389
0.18247
0.182079
0.182096
0.18213
0.182163
0.181964
0.181964
0.182009
0.182038
0.182066
0.181926
0.181952
0.181978
0.182003
0.181928
0.18196
0.181983
0.182004
0.182015
0.182033
0.182053
0.182073
0.182092
0.182157
0.18218
0.182206
0.182222
0.182237
0.18239
0.182398
0.182425
0.182437
0.182437
0.182448
0.182757
0.182762
0.182771
0.182783
0.183113
0.183116
0.183125
0.183128
0.183512
0.183539
0.183541
0.183545
0.183545
0.183997
0.184026
0.184025
0.184023
0.184544
0.184574
0.184572
0.184566
0.184561
0.185188
0.185181
0.185178
0.185166
0.185867
0.185862
0.185851
0.185832
0.185826
0.186605
0.186582
0.186574
0.186557
0.187356
0.187397
0.187367
0.187357
0.187335
0.188251
0.188238
0.188213
0.1882
0.189148
0.189166
0.189166
0.18912
0.189104
0.190212
0.19018
0.19011
0.190092
0.190074
0.191249
0.19123
0.191189
0.191127
0.192359
0.192392
0.192324
0.192301
0.192255
0.19361
0.193586
0.193536
0.193458
0.194872
0.194879
0.194823
0.194794
0.194737
0.196283
0.196223
0.196161
0.19613
0.197709
0.197676
0.197676
0.197589
0.197589
0.197389
0.197389
0.200001
0.199963
0.199844
0.20164
0.20164
0.201632
0.201505
0.201505
0.201419
0.203443
0.203398
0.203262
0.203171
0.205274
0.205312
0.205124
0.205124
0.205028
0.207283
0.207185
0.207135
0.206983
0.209317
0.209358
0.209202
0.209202
0.209202
0.211996
0.212095
0.211986
0.211818
0.211762
0.211648
0.214624
0.214508
0.214391
0.214332
0.217132
0.217073
0.216954
0.216773
0.216712
0.219698
0.219513
0.21945
0.219257
0.222451
0.222237
0.222173
0.222045
0.225249
0.225185
0.224994
0.224865
0.2248
0.224734
0.227904
0.227769
0.227701
0.227633
0.231481
0.231549
0.231479
0.231266
0.231121
0.234786
0.234712
0.234565
0.234338
0.234261
0.238073
0.237916
0.237674
0.237508
0.241569
0.241314
0.241228
0.240964
0.245115
0.244933
0.244842
0.244565
0.244374
0.248677
0.248579
0.248284
0.247993
0.252404
0.252404
0.252215
0.252025
0.251752
0.256139
0.256139
0.25597
0.255719
0.260062
0.259979
0.259733
0.259652
0.263525
0.263602
0.263442
0.263283
0.263125
0.263047
0.267015
0.266938
0.266783
0.267011
0.270451
0.270375
0.270148
0.270073
0.273747
0.273598
0.273377
0.273377
0.273158
0.276761
0.276618
0.276476
0.276335
0.27979
0.279651
0.279582
0.279376
0.279308
0.282484
0.282484
0.282285
0.282153
0.282088
0.28513
0.285004
0.284941
0.284817
0.287902
0.28772
0.287661
0.287254
0.287254
0.287254
0.291095
0.291095
0.290875
0.290821
0.290715
0.293349
0.293298
0.293147
0.293097
0.295592
0.295496
0.29531
0.29531
0.297718
0.297673
0.297584
0.297497
0.297368
0.29969
0.299565
0.299482
0.299442
0.301479
0.301481
0.301442
0.301326
0.30125
0.303331
0.303182
0.303182
0.303036
0.303001
0.302965
0.305612
0.30565
0.305582
0.305483
0.30545
0.307226
0.307163
0.3071
0.307038
0.30871
0.30865
0.308621
0.308533
0.308476
0.310048
0.309993
0.309912
0.309912
0.311359
0.311308
0.311258
0.311209
0.311161
0.31256
0.31256
0.312446
0.312446
0.312359
0.313853
0.313773
0.313773
0.313715
0.313715
0.315001
0.315047
0.314996
0.31498
0.314947
0.316015
0.315984
0.31594
0.315911
0.316896
0.316869
0.316855
0.316816
0.316803
0.317698
0.317674
0.317662
0.317639
0.318457
0.318447
0.318426
0.318395
0.318376
0.319352
0.319392
0.319413
0.319405
0.319389
0.319366
0.319359
0.319998
0.319985
0.319979
0.319968
0.320528
0.320528
0.320519
0.320511
0.321002
0.320999
0.320993
0.320986
0.320985
0.321403
0.321401
0.3214
0.3214
0.321743
0.321743
0.321745
0.32175
0.321752
0.32202
0.322026
0.322029
0.32204
0.322228
0.322237
0.322257
0.322257
0.322263
0.322378
0.322384
0.322397
0.322419
0.322426
0.322458
0.322482
0.32249
0.322508
0.322474
0.322503
0.322513
0.322523
0.322417
0.322429
0.322473
0.322485
0.32252
0.322224
0.322221
0.322234
0.322275
0.322303
0.322021
0.322016
0.32206
0.322075
0.322122
0.321748
0.321764
0.321814
0.321831
0.321402
0.321437
0.321456
0.321492
0.321549
0.321042
0.321068
0.321088
0.32115
0.320591
0.320596
0.320596
0.320696
0.320731
0.320754
0.320062
0.320086
0.320184
0.320209
0.319356
0.319359
0.319411
0.319464
0.319518
0.318666
0.318721
0.318777
0.318834
0.317957
0.317987
0.317987
0.318077
0.318138
0.317119
0.317182
0.317245
0.31731
0.317375
0.31627
0.316337
0.316404
0.316438
0.315001
0.315001
0.315001
0.315124
0.315124
0.315272
0.315352
0.313635
0.313718
0.313802
0.313886
0.313971
0.312472
0.312601
0.312687
0.312774
0.311225
0.311313
0.311401
0.31149
0.309945
0.309936
0.310025
0.310116
0.310206
0.308421
0.308557
0.308695
0.308741
0.308834
0.306948
0.307088
0.307181
0.307276
0.307371
0.305032
0.305128
0.305273
0.30537
0.303428
0.303453
0.303503
0.303604
0.303705
0.30153
0.301632
0.301735
0.301838
0.299685
0.29965
0.299751
0.299905
0.299957
0.297042
0.296951
0.297057
0.297165
0.297274
0.297329
0.294847
0.294954
0.295062
0.295169
0.29243
0.29259
0.292697
0.292804
0.292912
0.290137
0.290246
0.290356
0.290467
0.287703
0.287704
0.287704
0.287992
0.287992
0.288169
0.28435
0.28435
0.28453
0.284591
0.281689
0.28163
0.281759
0.281825
0.2788
0.278742
0.27881
0.278949
0.279163
0.275811
0.275811
0.276034
0.27611
0.276337
0.272777
0.272857
0.273019
0.273181
0.269784
0.269687
0.269918
0.270072
0.270216
0.266455
0.266592
0.266729
0.266864
0.263357
0.26349
0.263556
0.263753
0.263883
0.260441
0.260505
0.260634
0.260829
0.257511
0.257639
0.257829
0.257893
0.258018
0.254829
0.254953
0.255077
0.2552
0.252315
0.252264
0.252446
0.252507
0.252627
0.249696
0.249816
0.249935
0.250054
0.247405
0.247364
0.247481
0.247598
0.247714
0.245029
0.245144
0.245202
0.245372
0.245484
0.24249
0.2426
0.24271
0.242819
0.242926
0.240512
0.240618
0.24067
0.240875
0.238538
0.238638
0.238738
0.238836
0.236797
0.236818
0.236865
0.236958
0.23705
0.237141
0.234786
0.234851
0.234982
0.235026
0.233237
0.233215
0.233299
0.233341
0.233464
0.23164
0.23164
0.231741
0.231821
0.2319
0.231979
0.229707
0.229823
0.229899
0.229975
0.230049
0.228514
0.228588
0.228661
0.228733
0.227299
0.227299
0.227441
0.227546
0.227581
0.22765
0.22601
0.226043
0.226144
0.22621
0.224953
0.225052
0.225118
0.225183
0.22411
0.22411
0.224205
0.224205
0.224298
0.223249
0.22331
0.22337
0.223429
0.223487
0.222526
0.222583
0.222639
0.222667
0.22177
0.221802
0.221828
0.22188
0.221931
0.22115
0.2212
0.221249
0.221298
0.221346
0.220621
0.220691
0.220736
0.220158
0.220158
0.220201
0.220244
0.220286
0.220327
0.21976
0.219821
0.21986
0.219899
0.219427
0.219465
0.219502
0.219538
0.219161
0.219192
0.219209
0.219244
0.219278
0.218948
0.218981
0.219014
0.219046
0.219062
0.2188
0.218847
0.218877
0.218906
0.218713
0.218742
0.21877
0.218797
0.218824
0.218688
0.218707
0.218732
0.218757
0.218727
0.218739
0.218761
0.218783
0.218804
0.218831
0.218853
0.218872
0.21889
0.218907
0.218996
0.219019
0.219041
0.219061
0.219238
0.21925
0.219261
0.219271
0.219275
0.219542
0.21955
0.219556
0.219563
0.219878
0.219905
0.219911
0.219915
0.219915
0.219916
0.220407
0.220405
0.220404
0.220401
0.220907
0.220905
0.220898
0.220893
0.220887
0.221492
0.221492
0.221488
0.221474
0.222092
0.22212
0.222107
0.222093
0.222079
0.222822
0.222797
0.222781
0.222754
0.223527
0.223556
0.223546
0.223514
0.223492
0.224383
0.22433
0.22433
0.224302
0.225282
0.225252
0.225236
0.225155
0.225155
0.226174
0.226186
0.226149
0.226112
0.227266
0.227226
0.227206
0.227164
0.2271
0.228367
0.228276
0.228253
0.228229
0.229544
0.229494
0.229443
0.229391
0.229337
0.230715
0.230715
0.230658
0.23063
0.232134
0.232043
0.232043
0.231934
0.231887
0.231887
0.233847
0.23378
0.233712
0.233642
0.235405
0.235334
0.235261
0.235186
0.235111
0.236983
0.236905
0.236865
0.236744
0.238611
0.238687
0.238558
0.238515
0.238381
0.240486
0.240394
0.240253
0.240205
0.240158
0.242299
0.242238
0.242139
0.242039
0.241937
0.244894
0.244791
0.244633
0.244526
0.247027
0.247067
0.2469
0.246844
0.24673
0.249428
0.249255
0.249138
0.24902
0.248901
0.251733
0.251613
0.25143
0.251308
0.254151
0.254151
0.253967
0.253842
0.253779
0.256813
0.256619
0.256486
0.256351
0.259537
0.259402
0.259267
0.258998
0.258998
0.262322
0.262322
0.261982
0.261982
0.261844
0.266157
0.266157
0.266017
0.265875
0.26566
0.269263
0.269189
0.268891
0.268891
0.272426
0.272417
0.272262
0.272183
0.275699
0.275848
0.275767
0.275438
0.275355
0.27527
0.279239
0.27889
0.27889
0.278712
0.283018
0.282747
0.282561
0.28237
0.286551
0.286523
0.286339
0.286246
0.285969
0.291332
0.291332
0.291329
0.291244
0.291073
0.295096
0.295176
0.294928
0.294928
0.294683
0.298965
0.298723
0.298483
0.298483
0.298324
0.30222
0.30222
0.301985
0.30183
0.305738
0.305661
0.305358
0.305358
0.305133
0.308888
0.308665
0.308665
0.308444
0.312052
0.311906
0.311761
0.311689
0.311544
0.315334
0.315192
0.315121
0.31491
0.318152
0.318084
0.318016
0.31788
0.317745
0.320733
0.320715
0.32065
0.320521
0.320393
0.323356
0.323294
0.32311
0.32299
0.32587
0.325812
0.325695
0.325525
0.325469
0.328305
0.328251
0.328038
0.328038
0.330573
0.330522
0.330373
0.330275
0.330227
0.33263
0.332583
0.332491
0.332356
0.332311
0.334587
0.334544
0.334459
0.334375
0.336526
0.336446
0.336406
0.336248
0.336248
0.338248
0.33821
0.338136
0.338063
0.340246
0.340283
0.340247
0.340142
0.340072
0.341845
0.341881
0.341781
0.341748
0.34342
0.34342
0.343357
0.343295
0.343205
0.344837
0.344779
0.344723
0.34464
0.34464
0.346116
0.346116
0.346065
0.34599
0.347417
0.347417
0.347322
0.347277
0.348532
0.348584
0.348521
0.348441
0.348441
0.349674
0.349656
0.349601
0.349566
0.349549
0.350688
0.350639
0.350623
0.350576
0.351587
0.351587
0.351587
0.351545
0.351531
0.352502
0.352463
0.352451
0.352414
0.353268
0.353283
0.353272
0.353239
0.354043
0.354023
0.354023
0.354004
0.353976
0.354715
0.354698
0.35469
0.354674
0.355325
0.355325
0.35531
0.35529
0.355846
0.355846
0.35586
0.35585
0.355845
0.355836
0.356353
0.356349
0.356339
0.356334
0.356759
0.356773
0.356773
0.356771
0.357121
0.357139
0.357139
0.357142
0.357143
0.357434
0.35744
0.357446
0.35745
0.357457
0.357668
0.357677
0.357682
0.357692
0.357817
0.357839
0.357845
0.357872
0.357958
0.357967
0.358006
0.358006
0.357925
0.357939
0.357939
0.357985
0.357997
0.35782
0.357843
0.357855
0.357893
0.357918
0.357655
0.357681
0.35772
0.357746
0.357759
0.357457
0.35747
0.357498
0.357541
0.357158
0.357173
0.357204
0.357235
0.356797
0.35683
0.356881
0.356881
0.356934
0.356388
0.356392
0.356429
0.356468
0.355918
0.355901
0.355943
0.355986
0.35603
0.355366
0.355412
0.355436
0.355508
0.355533
0.354767
0.354843
0.35487
0.354923
0.354127
0.354157
0.354214
0.354301
0.353396
0.353368
0.353487
0.353487
0.353548
0.352564
0.352596
0.352693
0.352759
0.352793
0.351724
0.351794
0.351829
0.350776
0.350776
0.350814
0.350889
0.350965
0.349751
0.349711
0.349829
0.349829
0.349971
0.34856
0.348685
0.348769
0.348854
0.347454
0.347407
0.347581
0.347581
0.347669
0.346171
0.346171
0.346306
0.346397
0.344812
0.344803
0.344896
0.344942
0.345083
0.343294
0.343389
0.343437
0.34358
0.341803
0.341738
0.341836
0.341984
0.342084
0.340155
0.340186
0.340288
0.34034
0.338281
0.338333
0.338543
0.338543
0.338703
0.336559
0.336534
0.336689
0.336741
0.334515
0.334515
0.334676
0.334785
0.33484
0.332504
0.332504
0.332617
0.332798
0.332862
0.330272
0.330431
0.330537
0.330643
0.32806
0.328009
0.328224
0.328278
0.328386
0.325604
0.325714
0.325769
0.325937
0.32316
0.323103
0.323274
0.323332
0.320385
0.320444
0.320562
0.320744
0.320806
0.317737
0.317864
0.317993
0.318125
0.318192
0.314995
0.315201
0.315201
0.315415
0.312139
0.312231
0.312231
0.312463
0.312541
0.309032
0.309263
0.309338
0.309486
0.30599
0.306129
0.306262
0.306395
0.306461
0.30301
0.30314
0.303269
0.303333
0.299949
0.300139
0.300265
0.300391
0.300578
0.300578
0.296769
0.296954
0.297016
0.297139
0.294026
0.294149
0.294394
0.294516
0.291464
0.291525
0.29177
0.29177
0.289121
0.28914
0.289201
0.289322
0.289382
0.289503
0.286496
0.286615
0.286674
0.286909
0.286909
0.284349
0.284406
0.284578
0.284691
0.282144
0.282255
0.28242
0.282474
0.280171
0.280224
0.28038
0.280482
0.278435
0.278359
0.278457
0.278505
0.278601
0.276627
0.276648
0.276648
0.276874
0.274971
0.274971
0.274992
0.275078
0.275206
0.273248
0.273186
0.27331
0.273351
0.273433
0.271742
0.271782
0.271902
0.271942
0.272059
0.270392
0.270417
0.270456
0.270533
0.27061
0.268952
0.269028
0.269104
0.269142
0.267839
0.267796
0.267871
0.267983
0.266611
0.266611
0.266573
0.266645
0.266716
0.266787
0.266787
0.265323
0.265222
0.265289
0.265355
0.26542
0.265484
0.264389
0.26445
0.264541
0.264571
0.26354
0.263628
0.263686
0.263743
0.26288
0.262856
0.26294
0.262967
0.263048
0.262216
0.262295
0.262321
0.262373
0.261661
0.26167
0.26172
0.26177
0.26182
0.261141
0.261165
0.261237
0.261285
0.260715
0.26075
0.260773
0.260819
0.260863
0.260311
0.260377
0.26042
0.260463
0.26003
0.260066
0.260066
0.260128
0.260188
0.259779
0.259818
0.259857
0.259895
0.259932
0.259594
0.25963
0.259665
0.2597
0.259469
0.259489
0.259521
0.259568
0.259584
0.259411
0.259455
0.259455
0.259497
0.259401
0.25941
0.259436
0.259474
0.259499
0.25947
0.259504
0.259515
0.259536
0.259568
0.259601
0.259629
0.259638
0.259647
0.259776
0.259792
0.259808
0.259824
0.260016
0.260037
0.260044
0.26005
0.260069
0.260337
0.260347
0.260358
0.260367
0.260731
0.260781
0.260788
0.260795
0.260801
0.260807
0.261235
0.261239
0.261242
0.261243
0.261745
0.261746
0.261745
0.261744
0.262286
0.262316
0.262312
0.262309
0.262303
0.262994
0.262983
0.262978
0.262969
0.262959
0.263741
0.263723
0.263717
0.263696
0.263682
0.264489
0.264481
0.264472
0.264445
0.265328
0.265318
0.265296
0.265272
0.266193
0.266225
0.266198
0.266169
0.266139
0.267191
0.267175
0.267142
0.267107
0.26707
0.268229
0.26819
0.26815
0.268109
0.269362
0.269318
0.269274
0.269228
0.270496
0.270528
0.270479
0.270454
0.270378
0.271848
0.271767
0.271712
0.271656
0.271598
0.273142
0.273083
0.273022
0.272991
0.274573
0.274575
0.274477
0.274409
0.274341
0.276201
0.27613
0.276059
0.275985
0.277745
0.277743
0.277705
0.277627
0.277548
0.279531
0.27945
0.279368
0.279284
0.281258
0.281296
0.281209
0.281209
0.28103
0.283202
0.283202
0.283202
0.283202
0.282871
0.282871
0.282871
0.286718
0.286718
0.286718
0.286718
0.289219
0.289371
0.288419
0.288301
0.290828
0.290869
0.29075
0.290689
0.290508
0.290447
0.293207
0.293083
0.29302
0.292831
0.295967
0.295841
0.295649
0.295585
0.29552
0.298557
0.298426
0.298288
0.298149
0.301408
0.301269
0.3012
0.300992
0.300992
0.304842
0.304699
0.304485
0.304413
0.30427
0.308012
0.307867
0.307722
0.307576
0.307428
0.311092
0.310943
0.310792
0.314297
0.314444
0.314288
0.31421
0.313971
0.31389
0.317767
0.317262
0.317262
0.317262
0.317088
0.317001
0.322501
0.322321
0.322139
0.322047
0.326134
0.326112
0.325925
0.325734
0.32994
0.330106
0.329824
0.32973
0.329449
0.334002
0.334175
0.333901
0.333642
0.333642
0.338203
0.337951
0.337867
0.337618
0.337536
0.341773
0.341773
0.341533
0.341297
0.346089
0.345857
0.345781
0.345705
0.345554
0.349536
0.349388
0.349314
0.349168
0.349023
0.353287
0.353215
0.353072
0.352789
0.352648
0.356935
0.356935
0.356795
0.356725
0.356586
0.360075
0.360008
0.359941
0.359673
0.35954
0.363592
0.363427
0.363263
0.363198
0.366378
0.366378
0.36624
0.36624
0.366049
0.369155
0.36897
0.36897
0.368848
0.371692
0.371692
0.371458
0.371458
0.371344
0.371176
0.374632
0.374524
0.374417
0.374312
0.377398
0.377398
0.377641
0.377495
0.377447
0.377306
0.377261
0.379722
0.379633
0.379546
0.37946
0.381787
0.381704
0.381663
0.381541
0.383703
0.383703
0.383703
0.383511
0.383435
0.38552
0.385373
0.385265
0.385265
0.385265
0.385126
0.387758
0.387758
0.387625
0.387592
0.387559
0.389559
0.389629
0.389535
0.389504
0.389413
0.389413
0.391155
0.391126
0.391068
0.39101
0.392559
0.392451
0.392451
0.392451
0.392399
0.394153
0.394078
0.394078
0.393959
0.39537
0.39538
0.39538
0.395317
0.396558
0.396628
0.396609
0.396554
0.396536
0.396485
0.396453
0.397887
0.397857
0.397813
0.397813
0.397785
0.398858
0.398858
0.398858
0.398822
0.398799
0.400165
0.400215
0.400246
0.400237
0.400237
0.400201
0.400185
0.401197
0.401182
0.401168
0.401154
0.401135
0.401967
0.401995
0.401995
0.401973
0.401967
0.401952
0.402724
0.402743
0.402721
0.402719
0.402702
0.40358
0.403604
0.403593
0.403587
0.403584
0.403579
0.404092
0.40409
0.404086
0.404085
0.404085
0.404086
0.404544
0.404544
0.404551
0.404556
0.404556
0.40486
0.404959
0.404959
0.40497
0.404981
0.404988
0.405171
0.405178
0.405208
0.405208
0.405242
0.405242
0.405318
0.405344
0.405362
0.405362
0.405362
0.405409
0.405418
0.405344
0.405354
0.405386
0.40542
0.405432
0.405242
0.405242
0.405242
0.405303
0.405303
0.405363
0.405397
0.405424
0.404974
0.405015
0.405029
0.405058
0.405086
0.404663
0.404663
0.404663
0.404503
0.404548
0.404548
0.404587
0.404635
0.404037
0.404039
0.404073
0.404125
0.404142
0.403583
0.403583
0.403673
0.403673
0.40373
0.402964
0.402984
0.403004
0.403004
0.403136
0.403167
0.40223
0.40223
0.402317
0.402339
0.402408
0.40153
0.401527
0.4016
0.4016
0.4017
0.401726
0.40067
0.400722
0.400803
0.400858
0.399846
0.399931
0.39996
0.400018
0.399017
0.399103
0.399103
0.399165
0.399196
0.399227
0.39765
0.39765
0.39765
0.397837
0.397868
0.397868
0.397993
0.396093
0.396291
0.396291
0.396291
0.396359
0.396393
0.394555
0.394555
0.394555
0.394648
0.394757
0.394757
0.394757
0.394945
0.39234
0.39234
0.392419
0.392602
0.392638
0.39271
0.390608
0.390645
0.390761
0.390761
0.390879
0.388942
0.388942
0.389064
0.389105
0.389105
0.38726
0.38743
0.387561
0.387605
0.384501
0.384377
0.384345
0.384438
0.384438
0.38468
0.384729
0.381576
0.381576
0.381543
0.381595
0.381752
0.381859
0.381912
0.381912
0.379359
0.379551
0.379578
0.379739
0.379793
0.379793
0.375276
0.375123
0.375311
0.375365
0.375473
0.375473
0.375821
0.371601
0.37166
0.37166
0.372083
0.372212
0.367402
0.367402
0.367516
0.367582
0.367627
0.36772
0.36772
0.363417
0.363387
0.363437
0.363638
0.36374
0.36374
0.36008
0.360247
0.360247
0.360247
0.36061
