0
0
0
0
0
0
0
0
0
0
0
0
0
0
0
0
0
0
0
0
0
0
0
0
0
0
0
0
0
0
0
0
0
0
0
0
0
0
0
0
0
0
0
0
0
0
0
0
0
0
0
0
0
0
0
0
0
0
0
0
0
0
0
0
0
0
0
0
0
0
0
0
0
0
0
0
0
0
0
0
0
0
0
0
0
0
0
0
0
0
0
0
0
0
0
0
0
0
0
0
0
0
0
0
0
0
0
0
0
0
0
0
0
0
0
0
0
0
0
0
0
0
0
0
0
0
0
0
0
0
0
0
0
0
0
0
0
0
0
0
0
0
0
0
0
0
0
0
0
0
0
0
0
0
0
0
0
0
0
0
0
0
0
0
0
0
0
0
0
0
0
0
0
0
0
0
0
0
0
0
0
0
0
0
0
0
0
0
0
0
0
0
0
0
0
0
0
0
0
0
0
0
0
0
0
0
0
0
0
0
0
0
0
0
0
0
0
0
0
0
0
0
0
0
0
0
0
0
0
0
0
0
0
0
0
0
0
0
0
0
0
0
0
0
0
0
0
0
0
0
0
0
0
0
0
0
0
0
0
0
0
0
0
0
0
0
0
0
0
0
0
0
0
0
0
0
0
0
0
0
0
0
0
0
0
0
0
0
0
0
0
0
0
0
0
0
0
0
0
0
0
0
0
0
0
0
0
0
0
0
0
0
0
0
0
0
0
0
0
0
0
0
0
0
0
0
0
0
0
0
0
0
0
0
0
0
0
0
0
0
0
0
0
0
0
0
0
0
0
0
0
0
0
0
0
0
0
0
0
0
0
0
0
0
0
0
0
0
0
0
0
0
0
0
0
0
0
0
0
0
0
0
0
0
0
0
0
0
0
0
0
0
0
0
0
0
0
0
0
0
0
0
0
0
0
0
0
0
0
0
0
0
0
0
0
0
0
0
0
0
0
0
0
0
0
0
0
0
0
0
0
0
0
0
0
0
0
0
0
0
0
0
0
0
0
0
0
0
0
0
0
0
0
0
0
0
0
0
0
0
0
0
0
0
0
0
0
0
0
0
0
0
0
0
0
0
0
0
0
0
0
0
0
0
0
0
0
0
0
0
0
0
0
-5.23565e-06
-5.22479e-06
-6.02863e-06
-7.69484e-06
-1.02358e-05
1.90727e-06
-2.90069e-06
-8.75947e-06
-1.2054e-05
-2.34714e-05
3.33081e-05
2.3657e-05
1.38492e-05
4.16648e-06
0.000111978
0.000107361
9.83771e-05
8.61495e-05
5.58909e-05
0.000247951
0.000133803
3.34391e-05
-7.40325e-05
-0.000180053
0.000410121
0.000416712
0.000418092
0.000420845
0.000777333
0.000789908
0.000832789
0.00088752
0.000955439
0.00127698
0.00129788
0.00129554
0.00130777
0.00169684
0.00173269
0.00174625
0.00174625
0.00176291
0.00225656
0.00227034
0.00228476
0.00229221
0.00231551
0.00293679
0.00295391
0.00297148
0.00298924
0.00367916
0.00368811
0.00370617
0.00372453
0.00374347
0.00447803
0.0044977
0.00451736
0.00453728
0.00455732
0.00537193
0.00539145
0.00541075
0.00543934
0.00633273
0.00635112
0.00636883
0.00638708
0.00640552
0.00739881
0.00740858
0.00743875
0.00745919
0.00852203
0.00854296
0.00857437
0.00858477
0.0085951
0.00980566
0.00982691
0.00984859
0.00987057
0.0110088
0.0110983
0.0111206
0.0111319
0.0111662
0.0124323
0.012467
0.0124784
0.0125013
0.0137566
0.0138549
0.0138801
0.0139063
0.0139335
0.0153116
0.0153406
0.0153703
0.0154009
0.0169134
0.0170077
0.0170399
0.017073
0.017107
0.0184941
0.0185923
0.0186468
0.0186841
0.0187221
0.0202089
0.0202675
0.0203073
0.0203475
0.0218115
0.0219375
0.021979
0.0220215
0.0220649
0.0236586
0.023704
0.0237502
0.0237972
0.0253341
0.025471
0.0255446
0.0255693
0.025619
0.027282
0.027333
0.0274375
0.0274375
0.0291353
0.0292702
0.0292702
0.0292702
0.0293517
0.0293517
0.0294603
0.0295146
0.0325128
0.0325398
0.0325938
0.0326473
0.034357
0.0345091
0.0345621
0.034615
0.0346676
0.0365199
0.0365719
0.0366236
0.0367005
0.0384717
0.0386264
0.0386768
0.0387278
0.0387793
0.0405929
0.0407773
0.04083
0.0408564
0.0428593
0.0428593
0.0429395
0.0429395
0.0430742
0.0432101
0.0432101
0.0432374
0.046464
0.0465189
0.0465742
0.046602
0.0485834
0.0487517
0.0488073
0.0488626
0.0489176
0.0510458
0.0510726
0.0510992
0.0511784
0.0533269
0.0533792
0.0534325
0.0534853
0.0535375
0.0557251
0.0557757
0.0558253
0.0558977
0.057989
0.0581357
0.0582264
0.0582486
0.0604174
0.0605656
0.0606086
0.0606719
0.060713
0.0630576
0.0630976
0.0631369
0.0631948
0.0632137
0.0656086
0.0656456
0.0656825
0.0657191
0.0680266
0.0681974
0.068233
0.0682678
0.0683008
0.0707888
0.0708369
0.0708369
0.070884
0.0732831
0.0734544
0.0734846
0.0735144
0.0735437
0.0735437
0.076157
0.0761844
0.0762108
0.0762363
0.0791778
0.0791892
0.0792111
0.0792315
0.0819358
0.0819522
0.0819665
0.0819786
0.0819887
0.0847701
0.0847792
0.0847873
0.0847961
0.0876462
0.0876492
0.0876503
0.0876502
0.0876469
0.0905757
0.0905693
0.090561
0.0905507
0.0933986
0.0935486
0.0935409
0.0935151
0.0934956
0.0965909
0.0965677
0.0965427
0.096516
0.0965019
0.0996672
0.0996514
0.0996008
0.0995645
0.102832
0.10277
0.10277
0.102702
0.105875
0.106017
0.105964
0.10591
0.105852
0.109317
0.109255
0.109157
0.109123
0.112697
0.11262
0.11262
0.112439
0.112375
0.116073
0.115985
0.115893
0.1158
0.11939
0.119509
0.119458
0.119301
0.119192
0.123049
0.122992
0.122875
0.122755
0.12656
0.126628
0.126442
0.126248
0.12604
0.130304
0.130086
0.129864
0.129517
0.134108
0.133737
0.133479
0.133348
0.133082
0.138621
0.138768
0.13835
0.138065
0.137779
0.142701
0.142267
0.142121
0.141828
0.141534
0.14675
0.14631
0.146016
0.145724
0.150612
0.150775
0.150342
0.150057
0.149773
0.154938
0.154798
0.154521
0.154385
0.159654
0.15952
0.159129
0.158871
0.158743
0.158743
0.165481
0.165228
0.164975
0.164595
0.170073
0.170152
0.169898
0.169648
0.169401
0.175223
0.174978
0.174733
0.174488
0.180028
0.180124
0.179878
0.179496
0.179496
0.185327
0.185071
0.184818
0.184572
0.190095
0.190191
0.189959
0.189732
0.189621
0.189293
0.195581
0.195373
0.19517
0.194972
0.20039
0.200508
0.200415
0.200146
0.199972
0.205177
0.20501
0.204846
0.204685
0.209635
0.209558
0.209406
0.20933
0.209107
0.213985
0.21384
0.213696
0.213554
0.218042
0.218173
0.218037
0.217902
0.217835
0.217835
0.222805
0.222805
0.222805
0.222498
0.222379
0.222266
0.22829
0.228136
0.228038
0.227991
0.232265
0.232182
0.232105
0.232068
0.235965
0.236135
0.236081
0.236056
0.239813
0.239996
0.23998
0.239943
0.239925
0.243766
0.243764
0.243765
0.243775
0.243781
0.243781
0.247504
0.247517
0.247547
0.247599
0.251928
0.251949
0.252019
0.252069
0.255311
0.255553
0.255583
0.255644
0.25574
0.255773
0.259153
0.259188
0.259297
0.259371
0.26261
0.262727
0.262806
0.262886
0.266149
0.266191
0.266297
0.266318
0.266362
0.266362
0.269713
0.269806
0.269901
0.269999
0.273443
0.273544
0.273647
0.273751
0.276631
0.276901
0.277012
0.277126
0.277242
0.280217
0.280336
0.280395
0.280577
0.283342
0.283683
0.283746
0.28381
0.284003
0.286872
0.286938
0.287137
0.287272
0.287272
0.290823
0.290823
0.291243
0.291311
0.291519
0.291589
0.294882
0.294953
0.295168
0.29524
0.295385
0.298197
0.298345
0.298419
0.301129
0.301269
0.301495
0.301647
0.301723
0.304255
0.304623
0.3047
0.30493
0.305007
0.307733
0.307889
0.307967
0.308202
0.308281
0.311201
0.311201
0.31136
0.31168
0.313985
0.314362
0.314443
0.314687
0.31713
0.317346
0.317511
0.31776
0.320398
0.320398
0.320566
0.320817
0.320902
0.323525
0.32361
0.323864
0.324035
0.32412
0.326515
0.326902
0.326988
0.327333
0.327333
0.329932
0.330018
0.330277
0.33045
0.332739
0.333041
0.333212
0.333555
0.333555
0.336062
0.336316
0.336485
0.336653
0.338953
0.339334
0.339417
0.339664
0.342193
0.342275
0.342438
0.342601
0.342842
0.345174
0.345622
0.345622
0.345622
0.346007
0.348579
0.348656
0.348883
0.348883
0.348883
0.349259
0.349484
0.35343
0.353505
0.353653
0.353946
0.356546
0.356617
0.356688
0.356898
0.356966
0.359667
0.359732
0.359925
0.359988
0.362683
0.362863
0.362981
0.363209
0.363209
0.365962
0.366017
0.36618
0.36618
0.366339
0.369545
0.369595
0.369645
0.369745
0.372444
0.372743
0.372838
0.372884
0.375672
0.375874
0.375964
0.376095
0.376138
0.379128
0.379211
0.379252
0.379332
0.382409
0.382484
0.382484
0.382558
0.382663
0.385519
0.385753
0.385817
0.385906
0.385935
0.389065
0.389137
0.38918
0.389201
0.392464
0.39248
0.392496
0.392537
0.392549
0.39587
0.395884
0.395898
0.3959
0.399341
0.399336
0.399322
0.399288
0.399288
0.40286
0.402835
0.402789
0.402734
0.406247
0.406393
0.406345
0.40632
0.410073
0.410012
0.410012
0.409947
0.409844
0.413584
0.413657
0.413618
0.413535
0.413448
0.418202
0.418344
0.418244
0.418136
0.418024
0.422241
0.42206
0.421998
0.421872
0.421679
0.426019
0.425802
0.42569
0.425333
0.430002
0.429742
0.42947
0.429187
0.428895
0.43368
0.433525
0.433209
0.432889
0.438081
0.437753
0.437418
0.437249
0.442157
0.441963
0.441601
0.441421
0.440886
0.44071
0.447342
0.446995
0.446652
0.446483
0.45172
0.451896
0.451415
0.4511
0.450791
0.456603
0.456302
0.455859
0.455714
0.461266
0.46133
0.461059
0.460797
0.46054
0.46648
0.466221
0.465959
0.465959
0.471348
0.471301
0.471033
0.470897
0.470761
0.47036
0.47786
0.477608
0.477364
0.477125
0.477008
0.482772
0.482551
0.482443
0.482232
0.48766
0.48766
0.487373
0.48728
0.4871
0.492415
0.492249
0.492168
0.491933
0.497183
0.497034
0.496817
0.496607
0.496607
0.501595
0.501398
0.501334
0.501144
0.506243
0.506181
0.506058
0.505935
0.505813
0.510459
0.510279
0.510219
0.510159
0.514709
0.514592
0.51442
0.514307
0.518618
0.518816
0.518652
0.518546
0.518494
0.522846
0.52275
0.522659
0.522615
0.52249
0.526804
0.526697
0.526634
0.526606
0.530689
0.530668
0.530631
0.53059
0.534298
0.534501
0.534498
0.534504
0.534518
0.538257
0.538272
0.538325
0.538345
0.541949
0.541977
0.542007
0.542102
0.542173
0.54537
0.545711
0.545753
0.54584
0.545885
0.549279
0.549279
0.549426
0.549476
0.553082
0.553186
0.553342
0.553342
0.553499
0.556434
0.556708
0.556872
0.556927
0.557038
0.560202
0.560313
0.560422
0.560477
0.563556
0.56372
0.563774
0.563937
0.563991
0.567048
0.567266
0.567266
0.567434
0.57024
0.570574
0.570633
0.570814
0.574363
0.574363
0.574493
0.574559
0.574693
0.57483
0.577774
0.577918
0.578066
0.578218
0.578294
0.581168
0.581327
0.581489
0.584071
0.584294
0.58463
0.58463
0.584887
0.587556
0.587643
0.587993
0.587993
0.588257
0.590801
0.591153
0.591329
0.591329
0.593808
0.594206
0.59438
0.594638
0.594638
0.597386
0.597556
0.597724
0.597975
0.598058
0.600757
0.600839
0.601082
0.601242
0.603651
0.604026
0.604105
0.60434
0.604417
0.607126
0.607203
0.607512
0.607589
0.61022
0.610297
0.610452
0.610607
0.613301
0.61338
0.613777
0.613777
0.613938
0.616879
0.616879
0.617124
0.617371
0.617371
0.620018
0.620184
0.620351
0.620435
0.622934
0.623233
0.623316
0.623567
0.623651
0.626275
0.626524
0.626688
0.626688
0.629399
0.629399
0.629639
0.629718
0.629954
0.632523
0.6326
0.632752
0.632827
0.63544
0.635724
0.635869
0.636013
0.636085
0.638783
0.638994
0.638994
0.639203
0.639272
0.641988
0.642057
0.64226
0.642395
0.645061
0.645128
0.645261
0.645457
0.648003
0.648211
0.648401
0.648589
0.648713
0.651374
0.651497
0.651559
0.651803
0.651863
0.651863
0.655168
0.655228
0.655346
0.655463
0.658242
0.658413
0.658468
0.658687
0.661509
0.661561
0.661664
0.661714
0.664487
0.664739
0.664787
0.664926
0.665016
0.66506
0.668036
0.668119
0.66816
0.66824
0.671275
0.671348
0.671419
0.671487
0.674552
0.674639
0.674639
0.674717
0.674742
0.677904
0.677945
0.677999
0.678031
0.681296
0.681321
0.681332
0.68136
0.681367
0.684733
0.684737
0.684743
0.684743
0.688013
0.688204
0.6882
0.688191
0.68818
0.691736
0.69172
0.691689
0.691676
0.69511
0.695284
0.695265
0.695224
0.695179
0.698933
0.698878
0.698818
0.698754
0.698721
0.702593
0.702556
0.702439
0.702356
0.706394
0.706303
0.706256
0.70616
0.710094
0.710173
0.710056
0.709936
0.709811
0.714191
0.71406
0.713931
0.713683
0.718149
0.718045
0.717825
0.717472
0.721846
0.722005
0.721872
0.721163
0.721163
0.721007
0.727478
0.727153
0.726987
0.726478
0.726124
0.731747
0.731212
0.730676
0.730499
0.730322
0.73595
0.735429
0.735257
0.734917
0.740465
0.740139
0.739656
0.739341
0.744942
0.744673
0.744673
0.744524
0.749882
0.749671
0.749806
0.749806
0.749282
0.748893
0.748763
0.756183
0.756049
0.75578
0.755373
0.761347
0.761082
0.76082
0.76069
0.760307
0.766251
0.766129
0.76589
0.765657
0.76543
0.771039
0.770931
0.77072
0.770414
0.775903
0.775806
0.775616
0.775523
0.775073
0.774987
0.782042
0.781875
0.781711
0.78163
0.786302
0.78643
0.786276
0.786124
0.786049
0.790866
0.790718
0.790572
0.790425
0.795004
0.795057
0.794908
0.79476
0.794613
0.799311
0.799097
0.799026
0.798887
0.803482
0.803349
0.803284
0.803095
0.802973
0.807444
0.807332
0.807226
0.807125
0.811207
0.811358
0.811277
0.811203
0.811136
0.81509
0.815263
0.815199
0.815165
0.818915
0.8191
0.819089
0.819086
0.819089
0.822862
0.822879
0.822901
0.822928
0.826558
0.826577
0.826577
0.826657
0.826703
0.826727
0.830824
0.830908
0.830937
0.830997
0.834397
0.834645
0.834677
0.834778
0.834846
0.838178
0.838213
0.83832
0.838392
0.841712
0.841749
0.841823
0.841899
0.841975
0.845217
0.845296
0.845336
0.84546
0.848479
0.848737
0.848828
0.848874
0.852089
0.852139
0.852189
0.852346
0.852455
0.852567
0.855932
0.85605
0.85617
0.856294
0.859093
0.859377
0.859574
0.859641
0.859777
0.862665
0.862805
0.862946
0.86309
0.865919
0.866066
0.866214
0.866365
0.866516
0.869295
0.869524
0.869601
0.869678
0.872499
0.872655
0.872812
0.872969
0.873128
0.875839
0.875998
0.876475
0.876475
0.876475
0.876475
0.876714
0.881153
0.881371
0.881606
0.881685
0.881842
0.884582
0.88466
0.884818
0.884975
0.885133
0.887773
0.888009
0.888165
0.888244
0.890872
0.891104
0.891182
0.891414
0.893898
0.894112
0.894343
0.894498
0.894575
0.897612
0.897689
0.897845
0.897923
0.898158
0.898237
0.901312
0.901392
0.901553
0.901796
0.904356
0.904438
0.904683
0.904847
0.907341
0.907555
0.907638
0.907887
0.90797
0.910452
0.91075
0.910917
0.911084
0.911168
0.913691
0.913858
0.914109
0.914109
0.916798
0.916964
0.91713
0.917213
0.917213
0.920252
0.920548
0.920629
0.920873
0.921034
0.923576
0.923814
0.923892
0.924049
0.924204
0.926765
0.926917
0.927067
0.927215
0.929808
0.929953
0.930097
0.930239
0.930379
0.933074
0.933143
0.933279
0.933414
0.935866
0.936206
0.936337
0.936401
0.936528
0.936716
0.940058
0.940119
0.940299
0.940359
0.943253
0.943312
0.943486
0.9436
0.943713
0.946505
0.946616
0.946725
0.946833
0.949513
0.949772
0.949928
0.949979
0.950081
0.952954
0.953052
0.953149
0.953243
0.956009
0.956258
0.956345
0.956431
0.956516
0.95958
0.95958
0.959658
0.959732
0.962781
0.963016
0.963079
0.963138
0.963195
0.96634
0.966389
0.966433
0.966454
0.96972
0.969751
0.969779
0.969803
0.969813
0.973176
0.973187
0.973194
0.973196
0.973195
0.976661
0.976652
0.976631
0.976622
0.980202
0.980164
0.98015
0.98015
0.980082
0.980063
0.984576
0.98453
0.984478
0.984422
0.988481
0.988386
0.988386
0.988281
0.988207
0.992175
0.992095
0.992009
0.991916
0.996011
0.995909
0.995857
0.995693
0.999627
0.999814
0.999694
0.99957
0.999442
1.00363
1.00375
1.00353
1.00337
1.00328
1.00782
1.0075
1.00739
1.00693
1.00693
1.01231
1.01398
1.01402
1.01389
1.01349
1.01322
1.01821
1.01824
1.01782
1.01753
1.01724
1.0226
1.02231
1.02202
1.02187
1.02724
1.02695
1.02666
1.02637
1.02608
1.03175
1.03146
1.03118
1.0309
1.03628
1.03628
1.03615
1.03588
1.03562
1.04152
1.04127
1.04103
1.04078
1.04637
1.04647
1.04621
1.04596
1.05187
1.05174
1.05151
1.05127
1.05104
1.05662
1.05674
1.05652
1.05641
1.0561
1.0618
1.0616
1.06131
1.06131
1.06663
1.06644
1.06644
1.06616
1.06598
1.0658
1.07205
1.07196
1.07169
1.07152
1.0767
1.07653
1.07644
1.07618
1.07602
1.08107
1.08091
1.08074
1.08059
1.08551
1.08535
1.0852
1.08506
1.08976
1.08969
1.08956
1.08942
1.08923
1.09393
1.09381
1.09369
1.09358
1.09781
1.09796
1.09786
1.09773
1.09769
1.10201
1.10194
1.10187
1.10181
1.10573
1.10591
1.10586
1.10582
1.10578
1.1098
1.10977
1.10973
1.10973
1.10971
1.11359
1.11359
1.11359
1.1136
1.11735
1.11736
1.11738
1.1174
1.11743
1.12106
1.12109
1.12111
1.12117
1.1247
1.12475
1.1248
1.12482
1.12488
1.12871
1.12877
1.12884
1.1289
1.13228
1.13232
1.13239
1.13246
1.13254
1.13581
1.13589
1.13598
1.13606
1.1361
1.13936
1.13945
1.13954
1.13963
1.14278
1.14288
1.14298
1.14308
1.146
1.14627
1.14638
1.14638
1.1466
1.14963
1.14974
1.1501
1.1501
1.1501
1.15338
1.15344
1.15363
1.15376
1.15389
1.15679
1.15693
1.15707
1.15721
1.16004
1.16019
1.16033
1.16048
1.16063
1.16342
1.16357
1.16372
1.16387
1.16661
1.16677
1.16693
1.16708
1.16987
1.16995
1.1701
1.17034
1.17034
1.17057
1.17382
1.17397
1.17413
1.17421
1.17436
1.17711
1.17734
1.17742
1.17757
1.18024
1.18039
1.18054
1.18069
1.18085
1.1835
1.18366
1.18381
1.18396
1.1866
1.18683
1.18691
1.18707
1.18722
1.18983
1.18999
1.18999
1.19031
1.19298
1.19306
1.19322
1.19346
1.19625
1.19625
1.19633
1.19657
1.19673
1.19916
1.19946
1.19962
1.19977
1.19993
1.2025
1.20266
1.20281
1.20305
1.20554
1.2057
1.20585
1.20601
1.20616
1.20874
1.20889
1.20905
1.2092
1.21164
1.21193
1.21238
1.21238
1.21238
1.21238
1.21616
1.21623
1.21637
1.21652
1.21666
1.21928
1.21943
1.21957
1.21971
1.22221
1.22255
1.22262
1.22276
1.22289
1.22549
1.22569
1.22581
1.22594
1.22606
1.22877
1.2289
1.22902
1.2292
1.23188
1.232
1.23212
1.23223
1.23234
1.23501
1.23538
1.23538
1.23559
1.2357
1.23575
1.23586
1.24009
1.24024
1.24029
1.24039
1.24306
1.24336
1.24344
1.24349
1.24631
1.24651
1.24663
1.2467
1.24673
1.24958
1.24985
1.24991
1.24997
1.25289
1.25309
1.25314
1.25321
1.25321
1.25643
1.25647
1.25648
1.25652
1.25961
1.25982
1.25984
1.25986
1.25988
1.2599
1.26342
1.26343
1.26344
1.26667
1.26687
1.26687
1.26686
1.26685
1.26684
1.27037
1.27034
1.27031
1.2703
1.2739
1.27388
1.27386
1.27381
1.27756
1.27753
1.27747
1.2773
1.2773
1.27724
1.28157
1.28149
1.28145
1.28132
1.28536
1.28527
1.28522
1.28507
1.28905
1.28906
1.28899
1.28893
1.2888
1.29298
1.29291
1.29284
1.29262
1.2971
1.297
1.29679
1.29657
1.29622
1.30097
1.30071
1.30043
1.30029
1.30491
1.30491
1.3046
1.30444
1.30381
1.30381
1.3104
1.31024
1.30975
1.30975
1.31513
1.31497
1.31466
1.31418
1.31388
1.31968
1.31923
1.31893
1.31879
1.3185
1.32395
1.3238
1.32353
1.32325
1.32908
1.32896
1.32871
1.32836
1.32824
1.33406
1.3337
1.33346
1.33333
1.33912
1.33851
1.33851
1.33851
1.33828
1.33793
1.34579
1.34602
1.3458
1.3456
1.3454
1.35106
1.35097
1.3506
1.35051
1.35564
1.35578
1.35561
1.35545
1.35529
1.36054
1.36038
1.36023
1.36007
1.36489
1.36502
1.36479
1.36472
1.36456
1.36955
1.36947
1.36924
1.36916
1.37391
1.37383
1.37368
1.37353
1.37338
1.37818
1.37796
1.37789
1.37775
1.38223
1.38229
1.38216
1.38204
1.38192
1.38652
1.38635
1.38625
1.38614
1.39049
1.39045
1.39036
1.39028
1.39021
1.39424
1.39441
1.39434
1.39429
1.39834
1.39831
1.39829
1.39826
1.39826
1.40214
1.40214
1.40214
1.40215
1.40588
1.4059
1.40591
1.40593
1.40596
1.40958
1.40962
1.40967
1.40968
1.41323
1.41327
1.41331
1.41333
1.41339
1.41687
1.41691
1.41695
1.41699
1.42045
1.42049
1.42052
1.42057
1.42062
1.42418
1.42442
1.42448
1.42455
1.42462
1.4279
1.42797
1.42805
1.42814
1.43137
1.43142
1.43151
1.4316
1.4317
1.43481
1.43491
1.43502
1.43513
1.438
1.43827
1.43833
1.43851
1.43863
1.44212
1.44212
1.44231
1.44243
1.44256
1.44546
1.44552
1.44565
1.44585
1.44599
1.44884
1.44904
1.44911
1.44924
1.45206
1.4522
1.45234
1.45248
1.45262
1.4554
1.45554
1.45569
1.45583
1.45865
1.45872
1.45887
1.45902
1.45916
1.46188
1.46203
1.46211
1.46226
1.46516
1.46545
1.4656
1.46576
1.46835
1.46857
1.46872
1.46888
1.46904
1.4692
1.47182
1.4719
1.47215
1.47231
1.47491
1.47507
1.47532
1.4754
1.47556
1.47814
1.47831
1.47847
1.47864
1.4812
1.48128
1.48153
1.4817
1.48319
1.48446
1.4845
1.48483
1.48483
1.48737
1.48762
1.48779
1.48796
1.48812
1.49066
1.49082
1.49099
1.49115
1.49369
1.49385
1.49402
1.49418
1.49434
1.49688
1.49704
1.4972
1.49736
1.49992
1.5
1.50023
1.50039
1.50304
1.50312
1.50327
1.50343
1.50358
1.50616
1.50631
1.50646
1.50654
1.50929
1.50937
1.50952
1.50973
1.50981
1.51258
1.51272
1.51286
1.513
1.51314
1.51573
1.51594
1.51607
1.51621
1.5189
1.51903
1.51923
1.5193
1.51942
1.52215
1.52227
1.5224
1.52252
1.52514
1.5254
1.52557
1.52563
1.52573
1.52862
1.52867
1.52877
1.52887
1.53176
1.53185
1.53194
1.53203
1.53212
1.53507
1.53515
1.53523
1.5353
1.53837
1.53837
1.53847
1.53852
1.53858
1.5417
1.54172
1.5418
1.54184
1.54487
1.54509
1.54512
1.54521
1.54521
1.54902
1.54925
1.54925
1.54928
1.54929
1.54932
1.55346
1.55366
1.55367
1.55367
1.55367
1.55698
1.55716
1.55716
1.55715
1.55713
1.56072
1.5607
1.56068
1.56062
1.56418
1.56435
1.56429
1.5642
1.56806
1.56806
1.56795
1.56791
1.56783
1.56779
1.57167
1.57167
1.57152
1.57544
1.57563
1.57557
1.57532
1.57515
1.57952
1.57964
1.5795
1.57935
1.5792
1.58368
1.58353
1.58345
1.5832
1.58756
1.58762
1.5874
1.58705
1.58694
1.5918
1.59156
1.5913
1.59105
1.59614
1.59587
1.5956
1.59533
1.5952
1.60116
1.60147
1.60062
1.60062
1.60062
1.60019
1.60005
1.59964
1.60841
1.60814
1.60787
1.60759
1.61294
1.61301
1.61274
1.61247
1.6122
1.61802
1.61777
1.61751
1.61726
1.6228
1.62288
1.62263
1.62237
1.62211
1.62807
1.62757
1.62757
1.62745
1.63328
1.63304
1.63281
1.63258
1.6379
1.63812
1.63791
1.6377
1.63749
1.64294
1.64284
1.64264
1.64245
1.64225
1.64763
1.64744
1.64726
1.64707
1.652
1.65211
1.65193
1.65175
1.65157
1.65666
1.65648
1.65631
1.65614
1.66081
1.66092
1.66076
1.66052
1.66044
1.66519
1.66512
1.66489
1.66482
1.66951
1.66937
1.66931
1.66911
1.66898
1.67353
1.67342
1.67331
1.6732
1.67735
1.6775
1.67742
1.67734
1.67727
1.68149
1.68144
1.68138
1.68134
1.68517
1.68535
1.68533
1.6853
1.68528
1.68528
1.68982
1.68982
1.68982
1.68983
1.69357
1.69358
1.69362
1.69365
1.69706
1.69729
1.69731
1.69738
1.69743
1.70093
1.70099
1.70104
1.7011
1.70434
1.70459
1.70465
1.70472
1.70479
1.70815
1.70825
1.70829
1.70829
1.7084
1.70851
1.71253
1.71257
1.71269
1.71277
1.71601
1.71606
1.71619
1.71628
1.7195
1.71955
1.71965
1.71975
1.71985
1.72296
1.72307
1.72318
1.72329
1.72341
1.72645
1.72657
1.7267
1.72689
1.72979
1.72985
1.73005
1.73019
1.73033
1.73338
1.73352
1.73367
1.73382
1.7365
1.7368
1.73703
1.73711
1.73727
1.74005
1.74021
1.74037
1.74053
1.74326
1.74342
1.74359
1.74367
1.74391
1.74662
1.74686
1.74694
1.74711
1.7498
1.74996
1.75012
1.75012
1.75044
1.75304
1.75328
1.75344
1.75359
1.75649
1.7567
1.75686
1.75701
1.75709
1.75962
1.75999
1.76014
1.76029
1.76045
1.76311
1.76318
1.76342
1.76357
1.76608
1.76637
1.76653
1.76668
1.76684
1.76946
1.76962
1.7697
1.76994
1.77233
1.7727
1.77303
1.77303
1.774
1.77577
1.77593
1.77601
1.77617
1.77883
1.77899
1.77915
1.7793
1.77946
1.78205
1.78228
1.78235
1.7825
1.78497
1.78525
1.7854
1.78555
1.78562
1.78831
1.78845
1.7886
1.78874
1.79144
1.79151
1.79165
1.79186
1.79193
1.79451
1.79471
1.79485
1.79498
1.79737
1.79793
1.79806
1.79819
1.79838
1.80101
1.80114
1.80127
1.8014
1.80396
1.80423
1.80436
1.80448
1.80454
1.80734
1.80746
1.80764
1.8077
1.80782
1.81059
1.81065
1.81082
1.81094
1.81094
1.81429
1.81435
1.81452
1.81463
1.81474
1.81792
1.81798
1.81809
1.81819
1.82091
1.82111
1.82126
1.82135
1.82144
1.82438
1.82446
1.82454
1.82461
1.82748
1.82768
1.82778
1.82784
1.82789
1.83101
1.83106
1.83109
1.83115
1.83418
1.8344
1.83444
1.83448
1.8345
1.83835
1.83855
1.83857
1.83858
1.83859
1.8418
1.842
1.842
1.842
1.84199
1.84549
1.84548
1.84547
1.84546
1.84885
1.84903
1.84899
1.84895
1.84891
1.85265
1.85262
1.85254
1.85247
1.85631
1.85631
1.8562
1.85612
1.85608
1.86008
1.85995
1.85985
1.85975
1.86365
1.86378
1.86368
1.8635
1.86345
1.86772
1.86759
1.86746
1.86733
1.87155
1.8716
1.87146
1.87131
1.87115
1.87571
1.87555
1.8753
1.87519
1.87963
1.87969
1.87946
1.87923
1.87898
1.88397
1.8837
1.88357
1.88329
1.88842
1.888
1.88786
1.88758
1.8873
1.89273
1.89244
1.89215
1.89186
1.89712
1.89716
1.89688
1.89661
1.89634
1.90189
1.90176
1.9015
1.90125
1.90668
1.90689
1.90654
1.9063
1.9063
1.91185
1.9116
1.91135
1.91111
1.91722
1.91711
1.91687
1.91665
1.91642
1.92223
1.92201
1.9218
1.92159
1.92138
1.92701
1.9268
1.92649
1.92639
1.93187
1.93167
1.93147
1.93127
1.93108
1.93642
1.93623
1.93603
1.93584
1.94105
1.94095
1.94068
1.94058
1.9404
1.94605
1.94578
1.94569
1.94552
1.95008
1.95019
1.95003
1.94987
1.94971
1.95451
1.95436
1.95428
1.95407
1.95393
1.95858
1.95846
1.9584
1.95823
1.96271
1.96261
1.96251
1.96242
1.96234
1.96665
1.96658
1.96652
1.96646
1.9706
1.97055
1.97051
1.97047
1.97043
1.97443
1.97441
1.97437
1.97436
1.97823
1.97822
1.97821
1.97821
1.98176
1.98197
1.98197
1.98198
1.98198
1.98567
1.98568
1.98569
1.98571
1.98572
1.98933
1.98935
1.98938
1.9894
1.99273
1.99296
1.99301
1.99304
1.99308
1.99656
1.99659
1.99664
1.99669
2.00007
2.00012
2.00019
2.00025
2.00336
2.00361
2.00369
2.00376
2.00389
2.00705
2.00713
2.00722
2.00731
2.01027
2.01054
2.01063
2.01074
2.01084
2.0139
2.01401
2.01411
2.01433
2.01433
2.01734
2.01745
2.01756
2.01768
2.02064
2.0207
2.02088
2.02088
2.02112
2.02435
2.02469
2.02475
2.02487
2.025
2.02787
2.028
2.02814
2.02827
2.03094
2.03123
2.03137
2.03151
2.03165
2.03449
2.03457
2.03471
2.03485
2.03745
2.03767
2.03789
2.03789
2.03819
2.0409
2.04104
2.04119
2.04134
2.04157
2.0446
2.04475
2.04491
2.04506
2.04522
2.04787
2.04803
2.04811
2.04834
2.04834
2.05113
2.05129
2.05145
2.05161
2.05421
2.0543
2.05454
2.05471
2.05729
2.05745
2.05753
2.05778
2.05794
2.06059
2.06068
2.06084
2.06101
2.06356
2.06364
2.06389
2.06406
2.06422
2.06677
2.06694
2.0671
2.06726
2.0699
2.0699
2.07014
2.0703
2.07273
2.07303
2.07311
2.07335
2.07342
2.07608
2.07623
2.07639
2.07662
2.0767
2.07929
2.07944
2.07959
2.07975
2.08235
2.0825
2.08265
2.0828
2.08295
2.08556
2.08571
2.08593
2.086
2.08864
2.08879
2.08893
2.08907
2.0892
2.09188
2.09194
2.09215
2.09228
2.09499
2.09518
2.09524
2.09537
2.09812
2.09839
2.09851
2.09862
2.09874
2.10154
2.10165
2.10176
2.10186
2.10196
2.10487
2.10492
2.10502
2.10512
2.10787
2.10812
2.10821
2.1083
2.10834
2.11135
2.11143
2.11151
2.11162
2.11446
2.11469
2.11476
2.11479
2.1178
2.11797
2.11802
2.11813
2.11815
2.12117
2.12139
2.12143
2.12148
2.12148
2.12478
2.12481
2.12483
2.12485
2.12803
2.12824
2.12825
2.12825
2.12825
2.13173
2.13172
2.13171
2.1317
2.13508
2.13526
2.13523
2.13522
2.13517
2.13884
2.13882
2.13878
2.13873
2.13868
2.14271
2.14265
2.14261
2.14251
2.14646
2.14638
2.14629
2.1462
2.15025
2.1502
2.1501
2.14999
2.15394
2.15412
2.154
2.15387
2.15381
2.15789
2.15801
2.15786
2.15771
2.15756
2.1622
2.16196
2.16188
2.16159
2.16621
2.1661
2.16599
2.16565
2.16542
2.17038
2.17014
2.16989
2.16977
2.1745
2.17455
2.17416
2.17403
2.17376
2.17912
2.17885
2.17858
2.17831
2.17804
2.18356
2.18329
2.18303
2.18276
2.18841
2.18815
2.1879
2.18765
2.1874
2.19327
2.1928
2.19268
2.19256
2.19857
2.19857
2.19842
2.19817
2.19791
2.19766
2.20485
2.20473
2.20461
2.20425
2.20401
2.20989
2.20967
2.20944
2.20922
2.21492
2.2147
2.21459
2.21416
2.21823
2.2196
2.21939
2.21918
2.21897
2.22438
2.22418
2.22418
2.22378
2.22368
2.22884
2.22856
2.22856
2.22827
2.23339
2.23321
2.23303
2.23285
2.23268
2.23765
2.23749
2.23732
2.23716
2.242
2.24169
2.24169
2.24155
2.24141
2.2461
2.24596
2.24584
2.24572
2.25025
2.25014
2.25004
2.24994
2.25422
2.25422
2.25414
2.25407
2.254
2.2582
2.25815
2.2581
2.25805
2.25801
2.26206
2.26203
2.26201
2.26199
2.26589
2.26588
2.26588
2.26588
2.26944
2.26965
2.26967
2.26968
2.2697
2.27336
2.27338
2.27343
2.27345
2.27348
2.27704
2.27709
2.27713
2.27717
2.28084
2.28089
2.28094
2.281
2.28105
2.28446
2.28455
2.28458
2.28464
2.28799
2.28805
2.28812
2.28819
2.28827
2.29154
2.29162
2.29166
2.29179
2.29504
2.29508
2.29517
2.29532
2.29536
2.29867
2.29877
2.29888
2.29899
2.2991
2.30225
2.30243
2.30255
2.30267
2.30549
2.30571
2.30591
2.30604
2.30617
2.30901
2.30922
2.30936
2.3095
2.3122
2.31249
2.31271
2.31279
2.31294
2.31573
2.31588
2.31603
2.31844
2.31881
2.31903
2.31926
2.31941
2.31956
2.3223
2.32253
2.3226
2.32275
2.32548
2.32563
2.32578
2.32592
2.32607
2.32871
2.32886
2.32908
2.32923
2.332
2.33208
2.33223
2.33237
2.33245
2.33521
2.33536
2.33551
2.33558
2.33581
2.33875
2.33882
2.33906
2.33929
2.33937
2.34227
2.34243
2.34251
2.34275
2.34521
2.34551
2.34559
2.34575
2.34599
2.34857
2.34873
2.34889
2.34905
2.3515
2.35171
2.35195
2.3521
2.35226
2.35484
2.35499
2.35515
2.3553
2.35796
2.35796
2.35827
2.35827
2.35849
2.36122
2.36137
2.36152
2.36166
2.36173
2.36442
2.36456
2.3647
2.36492
2.3674
2.36761
2.36775
2.36789
2.37039
2.37066
2.37073
2.37093
2.37107
2.37373
2.37386
2.374
2.37413
2.37694
2.37694
2.37707
2.37713
2.37733
2.37733
2.38058
2.38065
2.38083
2.38096
2.38108
2.3841
2.38422
2.38435
2.38447
2.38722
2.38734
2.38746
2.38757
2.38768
2.39048
2.39059
2.39069
2.3908
2.3937
2.39375
2.39385
2.39395
2.39404
2.39695
2.39704
2.39712
2.39721
2.40018
2.40026
2.40041
2.40045
2.40045
2.40369
2.40409
2.40416
2.40423
2.40429
2.4074
2.40745
2.40751
2.40755
2.4076
2.41079
2.41085
2.41086
2.41089
2.41419
2.41421
2.41423
2.41424
2.41425
2.41765
2.41765
2.41764
2.41764
2.42114
2.42114
2.42112
2.4211
2.42451
2.4247
2.4247
2.42463
2.42459
2.42455
2.42446
2.4297
2.42967
2.42957
2.42946
2.42946
2.43339
2.43327
2.43323
2.43309
2.43715
2.4371
2.43695
2.43685
2.44102
2.44097
2.44074
2.44062
2.44062
2.44486
2.4448
2.44466
2.44453
2.44909
2.44928
2.44913
2.44905
2.44875
2.44854
2.45373
2.4536
2.45334
2.45306
2.45784
2.45769
2.45754
2.45706
2.45673
2.46226
2.46193
2.4616
2.4611
2.46667
2.46633
2.46616
2.46583
2.46549
2.47105
2.47088
2.47038
2.47022
2.47573
2.47576
2.47527
2.4748
2.4748
2.48077
2.48068
2.48054
2.48013
2.48611
2.48598
2.48572
2.48533
2.48519
2.49106
2.49079
2.49053
2.49013
2.49013
2.49609
2.49572
2.49572
2.49536
2.50125
2.50114
2.5008
2.50058
2.50048
2.50594
2.50594
2.50554
2.50534
2.50534
2.51165
2.51156
2.51128
2.51119
2.51607
2.51619
2.5161
2.51593
2.52059
2.52071
2.52071
2.52045
2.52019
2.52019
2.52511
2.52486
2.52486
2.52469
2.52951
2.52934
2.52918
2.52903
2.53361
2.53358
2.5335
2.53336
2.53329
2.53819
2.53832
2.53812
2.538
2.53793
2.54236
2.54225
2.54215
2.54206
2.54637
2.54633
2.54622
2.54615
2.54612
2.55023
2.55021
2.55017
2.55013
2.55407
2.55407
2.55405
2.55405
2.55405
2.55784
2.55786
2.55787
2.55789
2.56135
2.56158
2.56158
2.56167
2.56174
2.56174
2.56601
2.56609
2.56615
2.56618
2.56965
2.56965
2.56974
2.5698
2.56984
2.57323
2.57333
2.57333
2.5734
2.57674
2.57677
2.57685
2.57696
2.577
2.58028
2.58032
2.58041
2.5805
2.58059
2.58383
2.58386
2.58396
2.58699
2.58715
2.58738
2.58738
2.58756
2.58762
2.59062
2.59075
2.59095
2.59264
2.59393
2.59407
2.59421
2.59444
2.59451
2.59742
2.59758
2.59781
2.59789
2.60059
2.60075
2.60098
2.60114
2.60389
2.60389
2.60421
2.60429
2.60453
2.60461
2.60761
2.60785
2.60793
2.60809
2.61078
2.61102
2.6111
2.61126
2.61402
2.6141
2.61434
2.6145
2.61458
2.61724
2.61756
2.61756
2.6178
2.62053
2.6206
2.62076
2.62084
2.62342
2.62363
2.62379
2.62404
2.62428
2.62659
2.62697
2.62714
2.62739
2.62755
2.62755
2.62755
2.63137
2.63167
2.63201
2.63201
2.63465
2.63473
2.63499
2.63507
2.63533
2.63786
2.63803
2.6382
2.63829
2.63846
2.64099
2.64116
2.64141
2.64149
2.64419
2.64427
2.64435
2.6446
2.64468
2.64731
2.64747
2.64755
2.64763
2.65034
2.65073
2.65073
2.65073
2.65096
2.65104
2.65415
2.65438
2.6546
2.6546
2.6572
2.65742
2.6575
2.65764
2.66033
2.66041
2.66062
2.66077
2.66091
2.66347
2.66369
2.6639
2.6639
2.66662
2.66676
2.66683
2.66704
2.66704
2.66985
2.66992
2.67012
2.67019
2.67039
2.67309
2.67322
2.67328
2.67341
2.67615
2.67628
2.6764
2.67652
2.67921
2.67942
2.67959
2.67965
2.67976
2.6827
2.6827
2.68291
2.68296
2.68301
2.68595
2.68599
2.68613
2.68617
2.68918
2.68922
2.68933
2.68941
2.69228
2.69248
2.69258
2.69261
2.6927
2.69582
2.69585
2.6959
2.69596
2.69598
2.69922
2.69925
2.69928
2.6993
2.70241
2.70263
2.70264
2.70267
2.70268
2.70607
2.70608
2.70608
2.70608
2.70937
2.70956
2.70953
2.70953
2.71292
2.71309
2.71309
2.71303
2.71298
2.71675
2.71664
2.71664
2.71659
2.71653
2.72035
2.72025
2.72025
2.72014
2.72392
2.72407
2.72394
2.7239
2.72381
2.72785
2.7278
2.72765
2.72754
2.73177
2.7316
2.7316
2.73148
2.73136
2.73557
2.7355
2.73536
2.73528
2.73982
2.73953
2.73943
2.73902
2.73902
2.74365
2.74342
2.74319
2.74307
2.74803
2.74753
2.74753
2.74727
2.75219
2.75219
2.75178
2.7515
2.75123
2.75642
2.75633
2.75619
2.75592
2.75564
2.76201
2.76187
2.76148
2.76121
2.76108
2.76727
2.76701
2.76688
2.76663
2.76626
2.77216
2.77192
2.77157
2.77145
2.77693
2.77702
2.77666
2.77654
2.77618
2.78209
2.78198
2.78165
2.78143
2.78723
2.78691
2.78681
2.7867
2.78639
2.79191
2.79191
2.79161
2.7915
2.79657
2.79658
2.79658
2.79639
2.796
2.80254
2.80254
2.80235
2.80207
2.80188
2.80705
2.80696
2.80669
2.80651
2.80634
2.81146
2.8112
2.81112
2.81096
2.81577
2.81561
2.81554
2.81532
2.81997
2.81991
2.81984
2.81971
2.81953
2.81947
2.82404
2.82388
2.82378
2.82373
2.828
2.828
2.82792
2.82785
2.82781
2.83253
2.83244
2.83238
2.83236
2.83621
2.83635
2.83634
2.83632
2.83629
2.84023
2.8402
2.84019
2.84019
2.844
2.844
2.84401
2.84402
2.84402
2.84772
2.84775
2.84776
2.84779
2.8514
2.85146
2.85146
2.85146
2.85153
2.85157
2.85603
2.85608
2.85615
2.8562
2.85622
2.85967
2.85973
2.85976
2.86299
2.8632
2.86327
2.86334
2.86341
2.86651
2.86676
2.8668
2.86692
2.867
2.87017
2.87025
2.87039
2.87048
2.87057
2.87371
2.87381
2.87391
2.87401
2.87709
2.87714
2.87736
2.87736
2.87747
2.88072
2.88072
2.88072
2.88072
2.88101
2.88113
2.88535
2.88547
2.8856
2.88573
2.88586
2.88874
2.88887
2.88901
2.88915
2.89203
2.89203
2.89224
2.89238
2.89252
2.8953
2.89544
2.89558
2.89565
2.89848
2.89862
2.89876
2.89889
2.90171
2.90171
2.90171
2.90205
2.90218
2.90231
2.90543
2.9057
2.9059
2.90596
2.90862
2.9089
2.90903
2.90924
2.90924
2.91201
2.91215
2.91222
2.91243
2.91496
2.91518
2.91532
2.91554
2.91575
2.91825
2.91847
2.9187
2.91877
2.91885
2.92146
2.92154
2.92184
2.92199
2.92199
2.92199
2.92482
2.92505
2.9252
2.92536
2.92869
2.92877
2.92892
2.92907
2.93164
2.93172
2.93195
2.9321
2.93217
2.93482
2.93497
2.93511
2.93525
2.93792
2.93799
2.93813
2.93827
2.9384
2.94103
2.94116
2.94123
2.94407
2.94414
2.9442
2.94434
2.94454
2.94461
2.94467
2.9478
2.94794
2.94807
2.9482
2.95086
2.95099
2.95105
2.95125
2.95378
2.95405
2.95425
2.95431
2.95444
2.95712
2.95725
2.95738
2.95751
2.95764
2.96033
2.96046
2.96052
2.96071
2.96343
2.96349
2.96367
2.96379
2.96596
2.96681
2.96692
2.96703
2.96714
2.9698
2.97006
2.97016
2.97021
2.97036
2.97323
2.97332
2.97342
2.97351
2.97627
2.97652
2.97656
2.97668
2.97676
2.97975
2.97982
2.97993
2.97996
2.98285
2.98308
2.98314
2.98323
2.98326
2.98639
2.98644
2.98646
2.98652
2.98956
2.98978
2.98983
2.98984
2.98987
2.99317
2.99319
2.9932
2.99321
2.99642
2.99662
2.99662
2.99662
2.99661
3.00011
3.0001
3.00008
3.00006
3.00347
3.00364
3.00361
3.00357
3.00353
3.00707
3.00721
3.00718
3.00707
3.01092
3.01092
3.01078
3.01078
3.01062
3.01058
3.01049
3.0168
3.01693
3.01683
3.01672
3.01661
3.02077
3.02077
3.02059
3.02046
3.02032
3.02468
3.02461
3.0244
3.02425
3.02875
3.02856
3.02834
3.02812
3.03278
3.03266
3.03241
3.03214
3.03186
3.03694
3.03666
3.03638
3.0361
3.04105
3.04092
3.04063
3.04033
3.04019
3.03989
3.04664
3.04635
3.04607
3.04579
3.04551
3.05111
3.05084
3.05057
3.05044
3.05599
3.05562
3.0555
3.05526
3.05503
3.06079
3.06058
3.06037
3.06016
3.06592
3.06571
3.06549
3.06527
3.07079
3.07091
3.0707
3.0707
3.07059
3.07006
3.07758
3.07728
3.07708
3.07698
3.07689
3.08252
3.08214
3.08205
3.08196
3.08723
3.08723
3.08705
3.08687
3.08661
3.092
3.09165
3.09165
3.09147
3.09656
3.09639
3.09613
3.09613
3.10024
3.10102
3.10076
3.10067
3.10041
3.10032
3.10529
3.10494
3.10485
3.10477
3.11011
3.10978
3.10978
3.10962
3.10947
3.10932
3.11512
3.11498
3.11485
3.11472
3.11925
3.11913
3.11908
3.11892
3.12323
3.12318
3.1231
3.12302
3.12295
3.12713
3.12707
3.12705
3.12697
3.12693
3.13095
3.13092
3.13088
3.13086
3.13453
3.13472
3.13472
3.13471
3.1347
3.13847
3.13847
3.13847
3.13847
3.14216
3.14216
3.14218
3.14218
3.14219
3.14581
3.14582
3.14584
3.14586
3.14921
3.14943
3.14945
3.14948
3.14952
3.153
3.15302
3.15306
3.15311
3.15629
3.15655
3.1566
3.15666
3.15672
3.16002
3.16009
3.1602
3.16024
3.16344
3.16348
3.16348
3.1637
3.16379
3.16388
3.16767
3.16777
3.16787
3.16798
3.17085
3.17112
3.17123
3.17134
3.17145
3.17442
3.17453
3.17465
3.17477
3.17768
3.1778
3.17792
3.17804
3.17817
3.18105
3.18117
3.18129
3.18142
3.18412
3.18433
3.18452
3.18458
3.18471
3.18759
3.18772
3.18785
3.18798
3.19062
3.19104
3.19104
3.19117
3.19131
3.19406
3.1942
3.19434
3.19448
3.19456
3.19733
3.19748
3.19763
3.20023
3.20044
3.2006
3.20075
3.20091
3.20099
3.20369
3.20369
3.20401
3.20409
3.20425
3.20747
3.20755
3.2078
3.20796
3.20804
3.21069
3.21094
3.21094
3.21344
3.21365
3.21382
3.21407
3.21415
3.21677
3.21694
3.2171
3.21719
3.21967
3.21997
3.22005
3.2203
3.22046
3.22054
3.223
3.22332
3.22332
3.22332
3.22374
3.22735
3.22765
3.22773
3.22782
3.22806
3.23045
3.23075
3.23091
3.23107
3.23122
3.23377
3.23392
3.234
3.23431
3.23666
3.23695
3.2371
3.23725
3.23733
3.23998
3.24013
3.24028
3.24042
3.24289
3.24317
3.24331
3.24345
3.24352
3.24373
3.24373
3.25076
3.25082
3.25095
3.25373
3.25379
3.25399
3.25411
3.25418
3.25696
3.25708
3.2572
3.25726
3.26013
3.26018
3.26024
3.26039
3.26306
3.26327
3.26341
3.26354
3.26354
3.26649
3.26661
3.26661
3.26672
3.26704
3.26708
3.26713
3.27289
3.27293
3.27305
3.27312
3.2761
3.27616
3.27626
3.27631
3.27634
3.27947
3.27951
3.27953
3.27958
3.28279
3.28282
3.28283
3.28286
3.28598
3.28619
3.2862
3.2862
3.28621
3.28962
3.28962
3.28961
3.28961
3.2931
3.29309
3.29309
3.29306
3.29305
3.29664
3.2966
3.29659
3.29656
3.30023
3.30021
3.30017
3.30009
3.30368
3.30387
3.30382
3.30376
3.30366
3.30758
3.30751
3.30747
3.30739
3.30726
3.31136
3.31116
3.31116
3.31105
3.31088
3.3156
3.31547
3.31541
3.31514
3.31514
3.31947
3.31932
3.31925
3.32346
3.32352
3.32341
3.32319
3.32285
3.32273
3.32752
3.32714
3.32701
3.32675
3.33164
3.3315
3.33122
3.33064
3.33064
3.33574
3.3353
3.3353
3.33501
3.34057
3.34015
3.34015
3.3397
3.3394
3.33925
3.34601
3.34571
3.34541
3.34526
3.35086
3.35057
3.35028
3.34998
3.35571
3.35591
3.35563
3.35534
3.35506
3.36071
3.36079
3.36051
3.36024
3.35996
3.36602
3.36574
3.36561
3.36519
3.36507
3.37249
3.37223
3.37198
3.37173
3.3716
3.37745
3.37721
3.3771
3.37676
3.38251
3.38218
3.38208
3.38187
3.38166
3.38721
3.38702
3.38683
3.38664
3.392
3.39182
3.39164
3.39146
3.39648
3.39648
3.39632
3.39615
3.39599
3.40075
3.40087
3.40072
3.40057
3.40049
3.40587
3.40608
3.40594
3.40573
3.40554
3.40554
3.41107
3.41088
3.41071
3.41071
3.41496
3.41511
3.41496
3.41492
3.41487
3.41923
3.41916
3.41912
3.41899
3.42326
3.42323
3.42318
3.42313
3.42307
3.42714
3.42714
3.4271
3.42708
3.43103
3.43102
3.43102
3.43101
3.43102
3.43504
3.43507
3.43508
3.43509
3.43513
3.4392
3.43924
3.43926
3.43934
3.43936
3.44289
3.44298
3.44301
3.44308
3.44654
3.44658
3.44669
3.44678
3.44682
3.45024
3.45028
3.45033
3.45047
3.45368
3.45377
3.45392
3.45402
3.45705
3.45705
3.45748
3.45754
3.45765
3.45765
3.46084
3.46113
3.46113
3.46125
3.46481
3.46503
3.46522
3.46528
3.46541
3.46825
3.46861
3.46868
3.46882
3.47189
3.47189
3.47203
3.47226
3.47233
3.47527
3.47543
3.47551
3.47567
3.47841
3.47872
3.4788
3.47905
3.47922
3.48205
3.48222
3.48222
3.48248
3.48248
3.48265
3.48582
3.4859
3.48617
3.48626
3.48929
3.48956
3.48965
3.48974
3.49255
3.49255
3.49281
3.4929
3.49308
3.49579
3.49596
3.49605
3.49632
3.49879
3.4991
3.49927
3.49945
3.49954
3.50231
3.50231
3.50257
3.50266
3.50283
3.5055
3.5055
3.50585
3.50611
3.50873
3.50895
3.50921
3.50947
3.50955
3.5119
3.5122
3.51238
3.51255
3.51519
3.51536
3.51553
3.5157
3.51579
3.5182
3.51851
3.51876
3.51894
3.51902
3.52165
3.52173
3.5219
3.52215
3.52478
3.52478
3.52503
3.52511
3.52527
3.52799
3.52799
3.52823
3.52831
3.53075
3.53112
3.53135
3.53142
3.53389
3.53417
3.53432
3.53446
3.53461
3.53724
3.53738
3.53745
3.53766
3.53772
3.54038
3.54065
3.54078
3.54084
3.54354
3.54354
3.54385
3.54397
3.54664
3.54682
3.54682
3.54699
3.54711
3.54988
3.54993
3.5501
3.55021
3.55027
3.55312
3.55317
3.55328
3.55343
3.55627
3.55632
3.55642
3.55656
3.55661
3.55953
3.55967
3.55967
3.55976
3.56273
3.56277
3.56289
3.56289
3.56597
3.56606
3.56606
3.56616
3.56622
3.56945
3.56948
3.56959
3.56959
3.56966
3.5728
3.57282
3.57287
3.57289
3.57614
3.57616
3.57617
3.5762
3.57954
3.57954
3.57955
3.57956
3.57956
3.57957
3.58297
3.58297
3.58296
3.58295
3.58645
3.58643
3.5864
3.58979
3.58998
3.58996
3.58994
3.58987
3.58986
3.59355
3.59352
3.59345
3.5934
3.59338
3.59715
3.59709
3.59705
3.60072
3.60091
3.60083
3.60075
3.60062
3.60057
3.60458
3.60453
3.60436
3.60431
3.60845
3.60826
3.60819
3.60813
3.61216
3.61226
3.61219
3.61196
3.61683
3.61683
3.6166
3.61648
3.61624
3.62086
3.62072
3.62042
3.62027
3.61995
3.625
3.62484
3.62434
3.62401
3.6259
3.62926
3.62893
3.62842
3.62826
3.63366
3.6335
3.63318
3.63286
3.63237
3.63805
3.63775
3.6376
3.63716
3.64289
3.64235
3.64235
3.64222
3.64184
3.6476
3.64749
3.64727
3.64695
3.64685
3.65257
3.65226
3.65205
3.65194
3.65761
3.6574
3.65709
3.65709
3.66246
3.6626
3.66241
3.66232
3.66741
3.66772
3.66747
3.66739
3.66723
3.67252
3.67229
3.67229
3.67208
3.672
3.67719
3.67691
3.67691
3.67671
3.67664
3.68224
3.68233
3.68213
3.68213
3.682
3.68682
3.68669
3.68662
3.68642
3.69102
3.69115
3.69094
3.69087
3.69528
3.6954
3.69526
3.69519
3.69505
3.69945
3.69951
3.69939
3.69932
3.6992
3.70368
3.70357
3.70342
3.70342
3.70775
3.70766
3.70759
3.70752
3.70752
3.71215
3.71207
3.71204
3.712
3.71196
3.71598
3.71594
3.71592
3.71592
3.71957
3.71977
3.71977
3.71978
3.71979
3.72352
3.72354
3.72355
3.72359
3.727
3.72723
3.72729
3.72729
3.73085
3.73087
3.73093
3.73099
3.73099
3.73104
3.73491
3.73493
3.735
3.73502
3.73825
3.73851
3.73855
3.7386
3.73864
3.74204
3.74209
3.74214
3.74219
3.74532
3.74556
3.74565
3.74568
3.7488
3.74901
3.74912
3.74916
3.74928
3.75246
3.75251
3.75259
3.75273
3.75278
3.75588
3.75598
3.75614
3.75959
3.75959
3.75964
3.75981
3.75992
3.75998
3.76279
3.76317
3.76317
3.76329
3.76627
3.76633
3.76652
3.76658
3.76676
3.76943
3.76983
3.76983
3.76996
3.77293
3.773
3.77306
3.77326
3.77332
3.7762
3.7766
3.7766
3.77952
3.77952
3.77979
3.77985
3.78005
3.78319
3.78339
3.78346
3.78374
3.78647
3.78654
3.78661
3.78682
3.78696
3.78966
3.78973
3.78987
3.79009
3.79016
3.7929
3.79297
3.79312
3.79591
3.79599
3.79606
3.79629
3.79636
3.79651
3.79949
3.79964
3.79964
3.80002
3.80009
3.80025
3.8038
3.80395
3.80419
3.80427
3.80434
3.807
3.80715
3.80731
3.80739
3.81003
3.81019
3.81034
3.8105
3.81065
3.81321
3.81337
3.81344
3.81367
3.81624
3.81632
3.81654
3.81669
3.81935
3.81935
3.81971
3.81985
3.82
3.82281
3.82302
3.82317
3.82331
3.82345
3.82594
3.82622
3.82629
3.8265
3.82665
3.82921
3.82942
3.82964
3.82971
3.83222
3.83243
3.83264
3.83278
3.83302
3.83569
3.83594
3.83614
3.83628
3.83641
3.83911
3.83925
3.83938
3.8395
3.84224
3.84237
3.84249
3.84261
3.84273
3.84551
3.84563
3.84574
3.84585
3.84874
3.84879
3.8489
3.849
3.8491
3.85199
3.85208
3.85217
3.85226
3.85507
3.85531
3.85542
3.85549
3.85549
3.85875
3.85882
3.85888
3.85894
3.85899
3.86213
3.86217
3.8622
3.86226
3.86548
3.86552
3.86557
3.86558
3.86561
3.86892
3.86894
3.86896
3.86896
3.87237
3.87238
3.87238
3.87238
3.87238
3.87607
3.87606
3.87605
3.87603
3.87944
3.87961
3.87958
3.87955
3.87954
3.88323
3.88319
3.88316
3.88309
3.88671
3.88684
3.88684
3.88674
3.88671
3.89066
3.89051
3.89051
3.89037
3.89423
3.89437
3.89427
3.89421
3.89834
3.89828
3.89816
3.89803
3.89789
3.90203
3.90214
3.90199
3.90181
3.90162
3.90619
3.90608
3.90574
3.90538
3.91004
3.91008
3.90981
3.90954
3.90926
3.91436
3.91407
3.91393
3.91349
3.91848
3.9185
3.9182
3.9179
3.9176
3.92308
3.92277
3.92262
3.92217
3.9278
3.9275
3.9272
3.92689
3.9266
3.93222
3.93207
3.93178
3.93149
3.93134
3.93813
3.93786
3.93758
3.9373
3.93702
3.94367
3.94338
3.9431
3.94268
3.94255
3.9486
3.94834
3.9482
3.94782
3.95374
3.95336
3.95324
3.95299
3.95275
3.9586
3.95857
3.95823
3.95811
3.96335
3.96344
3.96322
3.963
3.96278
3.96828
3.96796
3.96776
3.96755
3.97249
3.97258
3.97239
3.97219
3.972
3.97709
3.9769
3.97672
3.97654
3.98121
3.98131
3.98114
3.98106
3.98081
3.98562
3.98546
3.98531
3.98516
3.98982
3.98969
3.98956
3.98943
3.98932
3.99381
3.9937
3.9936
3.99347
3.99759
3.99774
3.99767
3.9976
3.99754
4.00169
4.00164
4.00158
4.00158
4.00553
4.00551
4.00549
4.00549
4.00548
4.0093
4.00931
4.00931
4.00934
4.0128
4.01304
4.01307
4.0131
4.01314
4.01669
4.01694
4.01697
4.01707
4.01709
4.01715
4.02174
4.0218
4.0218
4.02196
4.02196
4.02533
4.02542
4.02542
4.02559
4.02571
4.02984
4.02993
4.03002
4.03006
4.03021
4.03031
4.03417
4.03428
4.03439
4.0345
4.0345
4.03786
4.03804
4.0381
4.03822
4.04123
4.04129
4.04155
4.04162
4.04175
4.04189
4.04544
4.04551
4.04579
4.04593
4.046
4.04926
4.04947
4.04962
4.04984
4.04984
4.04984
4.05312
4.05327
4.05349
4.05357
4.05845
4.0586
4.05876
4.05876
4.05876
4.05915
4.0593
4.06323
4.06342
4.06346
4.06694
4.06694
4.06708
4.06723
4.06738
4.06754
4.07027
4.07027
4.07068
4.07079
4.07087
4.0711
4.0711
4.07429
4.07444
4.07459
4.07481
4.07489
4.07771
4.07844
4.07844
4.07869
4.07876
4.07883
4.0789
4.08229
4.0825
4.08263
4.0827
4.08527
4.08575
4.08582
4.08602
4.08602
4.08919
4.08919
4.08941
4.08955
4.0897
4.09263
4.09278
4.09285
4.09309
4.09309
4.09623
4.09623
4.09655
4.09671
4.09695
4.09703
4.10033
4.10062
4.10078
4.10093
4.10093
4.10125
4.10408
4.10437
4.10437
4.10476
4.10491
4.10507
4.10846
4.10846
4.10869
4.10876
4.10884
4.10914
4.10922
4.11303
4.11311
4.11311
4.11346
4.11354
4.11375
4.11693
4.11718
4.11725
4.11743
4.12023
4.12029
4.12029
4.12062
4.12062
4.12069
4.12366
4.12379
4.12396
4.12686
4.12686
4.12717
4.12723
4.12739
4.1275
4.13054
4.13116
4.13116
4.13122
4.13129
4.13141
4.13148
4.13612
4.13612
4.13612
4.13612
4.13653
4.13653
4.14169
4.14169
4.14169
4.14202
4.14202
4.14202
4.14202
4.14574
4.14574
4.14602
4.14605
4.1462
4.15026
4.15026
4.15053
4.15056
4.15059
4.15067
4.15075
4.15075
4.15455
4.1546
4.15466
4.15472
4.15806
4.15809
4.15814
4.15819
4.16139
4.16139
4.16145
4.1615
4.1615
4.16154
4.16536
4.16538
4.1654
4.16542
4.16542
4.16938
4.16957
4.16957
4.16955
4.16955
4.16951
4.17405
4.17403
4.17395
4.17395
4.17389
4.17386
4.17378
4.1798
4.1798
4.17971
4.17965
4.17959
4.17955
4.18382
4.18378
4.18371
4.18359
4.18822
4.18822
4.18827
4.18823
4.18823
4.18804
4.18804
4.19397
4.19416
4.19411
4.19389
4.19378
4.19367
4.19918
4.19918
4.19918
4.19908
4.19896
4.1989
4.19874
4.19874
4.20572
4.20563
4.20537
4.20514
4.20514
4.20475
4.2106
4.20975
4.20975
4.20975
4.2096
4.21623
4.21609
4.21578
4.22061
4.22061
4.22046
4.22046
4.21982
4.21951
4.22545
4.22545
4.22529
4.22467
4.23011
4.23011
4.22966
4.22936
4.22892
4.22878
4.2285
4.23622
4.23582
4.23569
4.23479
4.23479
4.23479
4.24294
4.24294
4.24234
4.24234
4.24187
4.24934
4.24922
4.24848
4.24848
4.24848
4.25601
4.25613
4.25562
4.25562
4.25536
4.26133
4.26133
4.26793
4.26758
4.27338
4.27351
4.27341
4.27321
4.27282
4.27282
4.28003
4.27985
4.2796
4.27951
4.27936
4.2792
4.28565
4.28558
4.2851
4.2851
4.29327
4.2935
4.29336
4.29336
4.2933
4.29289
4.29276
4.29269
4.30123
4.30117
4.30117
4.30078
4.30067
4.30647
4.30626
4.30626
4.30604
4.30597
4.30597
4.30562
4.31265
4.31246
4.31246
4.31246
4.31198
4.31192
4.31942
4.31942
4.31914
4.31907
4.31907
4.31897
4.31891
4.32609
4.32603
4.32601
4.32599
4.32597
4.32595
4.32595
4.33101
4.33101
4.33101
4.33101
4.33101
4.33604
4.33605
4.33605
4.33607
4.33608
4.34056
4.34076
4.34078
4.34081
4.34081
4.34084
4.345
4.34502
4.34504
4.34504
4.345
4.34499
4.34499
4.34978
4.34975
4.34975
4.34974
4.34974
4.35451
4.35451
4.35466
4.35466
4.35469
4.35981
4.35981
4.35985
4.35989
4.35997
4.36002
4.36419
4.36445
4.36455
4.36455
4.3648
4.36495
4.36495
4.36878
4.36919
4.36928
4.36936
4.36941
4.37339
4.37347
4.3736
4.37365
4.37374
4.37382
4.37722
4.37735
4.3774
4.37749
4.37759
4.37759
4.38275
4.38285
4.3829
4.38304
4.38319
4.38324
4.38676
4.38676
4.38676
4.38698
4.38709
4.38727
4.39107
4.39107
4.39107
4.39107
4.39137
4.39157
4.39157
4.39631
4.39631
4.39645
4.39667
4.39674
4.39946
4.39953
4.39974
4.39989
4.39989
4.40306
4.40314
4.40321
4.40328
4.40328
4.40372
4.40387
4.40726
4.40726
4.40766
4.40773
4.40791
4.41131
4.41131
4.41152
4.41166
4.41195
4.41195
4.41487
4.41508
4.41516
4.41523
4.41545
4.4188
4.4188
4.4188
4.41904
4.41912
4.41912
4.4196
4.42386
4.42402
4.42444
4.42461
4.42461
4.42469
4.42756
4.42764
4.42764
4.42806
4.43055
4.43064
4.4308
4.43088
4.4312
4.4342
4.4342
4.43443
4.43443
4.4345
4.43465
4.43781
4.43809
4.43823
4.43837
4.43851
4.43872
4.44166
4.44193
4.44208
4.44215
4.44479
4.44479
4.44479
4.44534
4.44534
4.44548
4.44548
4.44598
4.44598
4.44605
4.45046
4.45096
4.45096
4.45103
4.4514
4.4514
4.45155
4.45545
4.4556
4.45575
4.45589
4.45821
4.45821
4.45903
4.45917
4.45923
4.45936
4.46394
4.464
4.46418
4.46435
4.46698
4.46704
4.46715
4.4672
4.4672
4.46746
4.47081
4.47096
4.471
4.471
4.47119
4.47128
4.47493
4.47501
4.47518
4.47518
4.47522
4.47879
4.47886
4.4789
4.47898
4.48179
4.48202
4.48205
4.48218
4.48221
4.48224
4.48535
4.48542
4.48542
4.48549
4.48915
4.48919
4.48919
4.48931
4.48932
4.48939
4.48939
4.48939
4.49594
4.49606
4.49607
4.49607
4.4961
4.49614
4.50152
4.50175
4.50179
4.50183
4.50183
4.50188
4.50627
4.50629
4.50632
4.50632
4.50632
4.50632
4.51112
4.51131
4.51131
4.51131
4.51128
4.51125
4.51125
4.5165
4.5165
4.51649
4.51646
4.52035
4.52028
4.52028
4.52024
4.52019
4.52011
4.52625
4.52646
4.52636
4.52636
4.52609
4.52596
4.52592
4.53117
4.53097
4.53071
4.5303
4.5303
4.53514
4.53514
4.53469
4.53454
4.53454
4.53345
4.54181
4.54197
4.54133
4.54116
4.54083
4.54612
4.54578
4.54578
4.54511
4.54494
4.55155
4.55122
4.5507
4.55036
4.55019
4.55651
4.5555
4.55534
4.55485
4.56471
4.56471
4.56466
4.56442
4.56425
4.56409
4.5631
4.5631
4.57187
4.5717
4.5717
4.57102
4.57067
4.57032
4.57825
4.57825
4.57807
4.57771
4.5768
4.5768
4.58665
4.58628
4.58609
4.58536
4.58517
4.5848
4.5848
4.59522
4.59508
4.59355
4.59355
4.59355
4.60396
4.60396
4.60342
4.60307
4.6029
4.60248
4.61229
4.61235
4.61186
4.61139
4.61139
4.61783
4.61783
4.61725
4.6171
4.61696
4.61655
4.61655
4.61655
4.628
4.62775
4.62749
4.62725
4.627
4.63278
4.63236
4.63236
4.63206
4.63183
4.63887
4.63863
4.6384
4.63817
4.63817
4.63817
4.63759
4.64579
4.64557
4.64557
4.64535
4.64502
4.65111
4.65079
4.65079
4.65079
4.65049
4.65029
4.6502
4.6587
4.65899
4.65901
4.65883
4.65883
4.65883
4.65836
4.66488
4.66495
4.66488
4.66476
4.66471
4.6693
4.6693
4.6691
4.66896
4.66896
4.66871
4.6758
4.67575
4.67572
4.67566
4.67563
4.68018
4.68016
4.68013
4.68012
4.68012
4.68426
4.68426
4.68426
4.68426
4.68427
4.68851
4.68856
4.68856
4.68857
4.68857
4.69453
4.69478
4.69478
4.69481
4.69484
4.69486
4.69486
4.69871
4.69875
4.69905
4.69905
4.69909
4.70591
4.70596
4.70605
4.70615
4.70626
4.70966
4.70972
4.70984
4.70996
4.71002
4.7133
4.71344
4.71357
4.71357
4.71357
4.71742
4.71772
4.71787
4.71802
4.71809
4.71809
4.72208
4.72208
4.7224
4.72257
4.72273
4.72589
4.72598
4.72598
4.72633
4.7265
4.72659
4.72995
4.73004
4.73004
4.73061
4.73061
4.7309
4.7309
4.7352
4.7352
4.73571
4.73581
4.73611
4.73611
4.74031
4.74031
4.74031
4.74053
4.74064
4.74441
4.74453
4.74465
4.74489
4.74513
4.74764
4.74806
4.74806
4.74818
4.74841
4.74853
4.75026
4.75201
4.75201
4.75241
4.7528
4.75302
4.75313
4.75609
4.75609
4.75676
4.75719
4.75719
4.75719
4.75773
4.76144
4.76166
4.76199
4.76199
4.76199
4.76467
4.76502
4.76514
4.76526
4.76777
4.76813
4.76862
4.76862
4.76887
4.76887
4.77178
4.7719
4.77228
4.77253
4.77278
4.77533
4.77558
4.77583
4.77583
4.7762
4.77632
4.77644
4.78002
4.78002
4.78014
4.7805
4.78085
4.78344
4.78378
4.78425
4.78437
4.78437
4.78471
4.7879
4.78847
4.78847
4.78858
4.78858
4.78912
4.79169
4.7919
4.79262
4.79262
4.79262
4.79272
4.79595
4.79604
4.79624
4.79624
4.79674
4.79693
4.80011
4.80011
4.8005
4.8005
4.80088
4.80098
4.80117
4.80487
4.80505
4.80533
4.80533
4.80793
4.80833
4.80833
4.80851
4.80869
4.80887
4.81196
4.81222
4.8123
4.8123
4.81518
4.81534
4.81543
4.81585
4.81585
4.81585
4.8161
4.8161
4.8161
4.82132
4.82163
4.8218
4.82189
4.82222
4.82521
4.82529
4.82545
4.82568
4.82568
4.82614
4.83077
4.831
4.83114
4.83135
4.83135
4.83155
4.83514
4.83514
4.83533
4.83545
4.83551
4.8393
4.8393
4.83977
4.83996
4.83996
4.84004
4.84536
4.84557
4.84569
4.84573
4.8458
4.84921
4.84921
4.8493
4.84936
4.84945
4.85333
4.85333
4.85334
4.8534
4.8534
4.85347
4.85823
4.85826
4.85831
4.85831
4.85835
4.86225
4.8625
4.86252
4.86252
4.86253
4.86254
4.86722
4.86722
4.86722
4.86722
4.86721
4.8672
4.87274
4.87274
4.87269
4.87267
4.87263
4.87865
4.87863
4.87863
4.87855
4.87855
4.87835
4.87826
4.88454
4.88454
4.88425
4.88407
4.88388
4.88997
4.88964
4.8894
4.8894
4.89415
4.89415
4.89371
4.8931
4.89249
4.89249
4.89142
4.90064
4.89976
4.89918
4.8989
4.89862
4.90629
4.90564
4.90564
4.90491
4.90491
4.90404
4.91265
4.91245
4.91245
4.91155
4.91123
4.91728
4.91728
4.91643
4.91643
4.91617
4.91603
4.92468
4.92465
4.92451
4.92424
4.92424
4.9313
4.93153
4.93122
4.9309
4.9309
4.9309
4.92976
4.93934
4.93914
4.9383
4.9383
4.93786
4.94527
4.94527
4.9439
4.9439
4.94343
4.95204
4.95204
4.9512
4.95036
4.94962
4.96101
4.96101
4.9605
4.96
4.95952
4.95928
4.96712
4.96557
4.96557
4.96557
4.96537
4.96516
4.96516
4.974
4.97344
4.97327
4.97291
4.98308
4.98274
4.9824
4.98207
4.98829
4.98835
4.98803
4.98771
4.98739
4.99365
4.99365
4.99318
4.99287
4.99255
5.00027
5.00032
5.00001
4.99986
4.9994
5.00572
5.00557
5.00527
5.00497
5.00483
5.0044
5.01208
5.01208
