0.017191628930320717
-0.10125477340756923
-0.15012468179684724
-0.044905990856971265
-0.053808359650745576
-0.058253223163614004
-0.05322528033047885
-0.025320598356719286
-0.031261432740935555
-0.005079244873815586
0.002771103880441524
0.002958619138051741
0.012218880319258343
0.018619885128973085
0.021588701006898067
0.013655986304890684
0.013655986304890684
0.007906527020254801
0.01691982698162654
0.01098220242391267
0.014485091925607313
0.010252377686365218
0.0077456635143169006
0.01063584208780182
-0.0007028025199218902
0.00160949554210796
-0.0019725924326473446
-0.004439020837091303
-0.002823151043583299
-0.005336895951048547
-0.005287761249178406
-0.004971574405772324
-0.004710892754286014
-0.0058543542621131706
-0.004688675743027818
-0.002987559774061507
-0.00484774197238707
-0.003081432333693603
-0.001038553291715587
-0.003594185844882224
-0.0010277014915967056
0.0003372080084103348
0.0011378901969382952
-0.0009853270192769197
0.00031975030043735446
0.0015570415879607767
-0.0006233017655571074
0.0007404964826628791
-0.0015561029183472084
-0.0006202427449364865
0.00028781098697329134
0.0005679224605327041
-0.00044154742893210525
0.0005323091797303139
-0.00012656364397488001
0.0006469619712932596
0.0005240160173754845
0.0005705940620061763
-0.00035143668247536393
-0.00017899988806719308
-0.0005263165551455595
-0.003357479057877263
0.00018195426057814686
-0.0020399873267328687
-0.0014437876688549614
-5.999484478708078e-05
-0.0030439469481454017
-0.001544359907368729
9.648037953747909e-05
-0.0038759326288318385
-0.000739033477554148
0.0007899274208781746
-0.002020443266215492
-0.0009376784683064638
0.0005519620344671267
-0.0013409830349946025
-0.0005003863669260531
0.0008050447068382139
-0.0008807050998968429
0.00037800347699684753
0.0010070589421412278
0.0011784534246248245
0.0011530891221929478
0.0011843510579228245
0.0009373282108979842
0.001981867992426624
0.0007718772016014947
0.0036650411908411397
0.0017633054079373293
0.004422197127218812
0.03947184384380698
0.03344914608109195
0.04325877439249866
0.051714323821997775
0.050213894706655424
0.05870824856311087
0.059041980857366116
0.06104713250318892
0.05891242722416041
0.06005842520665181
0.056115197979072245
0.05121176406381627
0.0525895401827391
0.04681184360966055
0.03888758776772687
0.04063317671566384
0.030122869837825892
0.022033741981505248
0.025009715407929265
0.018510140758009185
0.014237106566979282
0.012986657468867138
0.011057753733980913
0.008894458248030519
0.0072779372794328605
0.007899314189055295
0.005618130856495657
0.002792947937963717
0.0056311489952002745
0.0037609344289505917
0.00028829623521529023
0.005487093495488051
0.003972036638894316
0.00110465370454773
-0.0024949617558636884
0.0013255462881608994
-0.0013562114951004387
-0.004457761476464627
-0.0002501391587865346
-0.002568437810836217
-0.0034045151075175898
3.061123787754893e-05
-0.0008395078854379572
-0.0028003655210058435
-0.0011176138052420318
-0.0019126051809177558
-0.002435513597794446
-0.0014089362334405021
-0.0016314883005933009
-0.0017207159702681215
-0.0018810641119300464
-0.0023337378640074704
-0.0015625917343519875
-0.0025958268287582255
-0.002269189395045792
-0.0006811826252206613
-0.0028766004028363055
-0.0013865338419665851
0.0005944286564248244
0.0017724776994772933
-0.001965271103439875
1.0576539423897316e-05
0.0016208896347807528
-0.00128478170488274
-0.0009323294406606424
-0.00026863915450718725
-0.0036585529771140666
-0.0017293609754563415
-0.00022565024708272584
0.0007342030014090165
-0.003640201669567503
0.00015780804844614925
0.0010385986366398222
0.0011244340090205212
0.0005885087548600074
0.0006141428794523473
0.00015333365154144543
-0.0015946454369683504
-0.0017812943515254332
-0.000602546557211522
-0.002448446697647889
-0.001978314350385938
-0.000679119308872648
-0.003663153165943848
-0.0012675292105273775
-0.0003670490394725494
-0.004136081499973886
-0.002862219842317808
-0.0006286917986168994
-0.004041260011101675
-0.002320409686299151
-0.0013257589163224177
-0.0009113551673097429
-0.0032664875763384004
-0.0020347994427096405
-0.0004184180575282439
-0.0024356009505411102
-0.001148487711339459
4.104453405850933e-05
-0.0005264557957985854
1.5108860163625697e-05
0.00020929285346307032
0.00020560388254958704
0.0002529213182105829
1.8562527083052103e-05
0.0007520504858033305
0.00045176647457254715
0.0015916656900471912
0.000790437977317435
0.0002145833609664504
0.002047171525649209
0.0004069996147632604
-0.001297742296210244
0.002023399112952257
0.0005139247099447516
0.003907129896564445
0.02638741784491689
0.02367253612641679
0.02934111129111025
0.028387852772304645
0.03207883276058724
0.03376825393938772
0.0346234674355006
0.031653745958842544
0.027993125593748766
0.024567098816451093
0.025866982782532535
0.018789980025278274
0.012937613845797039
0.01589384625646496
0.009294783257881849
0.002661949958291995
0.002643392574662011
0.0019783950521499367
0.0008282612728565019
0.002388634022197053
0.002086236429961705
0.0036235904010640755
0.0022742430527333177
0.0014312055601727904
0.004484126105548129
0.0034556745562911158
0.0014649450312670866
0.00023881858372284682
0.004055787348316683
0.0014006940914593634
0.00028508034803458065
0.0034000902245097443
0.00034201267071717705
-0.0022108393280446145
0.0012087019116809616
-0.0006053646766881225
-0.0025984246970810793
-0.001202543379687177
-0.002149560966887196
-0.0025404888415832693
-0.0009155487732276456
-0.0019473300746955479
-0.0022035669724541815
-0.001468386824020899
-0.0018917682716101947
-0.0019513525210558525
-0.0018026709269514842
-0.001238969021892401
-0.0025471325237263528
-0.0017497615658283697
-0.0009557061252687076
-0.002948291301592943
-0.002047209639453742
-0.0013691640601268906
-0.002390845630022818
-0.003823014806060751
-0.0025708547226840116
-0.001814985110875404
-0.004431317792353408
-0.004429835310218708
-0.00247289362619286
-0.006114298904194284
-0.0037986652319436914
-0.0028430899521875927
-0.004273847163661638
-0.002321302479862429
-0.0005172419190269584
0.0007668882923660445
-0.001237103113838233
0.00019580194404566004
0.0007486622189112303
0.0007869267581971264
-0.0011599534383992592
-0.0007025390599181097
-0.0010872073205295265
-0.003473079709230295
-0.002982563011617068
-0.002243265868510611
-0.005336967123708881
-0.0043659958984689
-0.0021052217692592006
-0.00021780910071199494
-0.004136152950973178
-0.0017329019153788654
0.0006037661250551362
-0.0029093335890413787
-0.0005778658476145362
0.000984338723433997
-0.001791143582609446
-0.0003739968589757029
0.0009011322966603506
0.0009634938255897846
0.0013615194428740717
0.00023296301503645134
0.0008313197821722443
0.000985482910996061
0.0006645981201533171
0.0009358061011854828
0.0007095938957085636
8.64196559258989e-05
0.001568070243257414
-0.00018662667270284174
0.002083561576556513
0.0012483869498391442
0.00024198236756505778
0.002410465336342117
0.001938488759716251
0.0013541475609076664
0.0005516593784197136
0.0040055859636843865
0.0016544154694766388
0.0009756802767730159
0.004544543098607911
0.019091796881216844
0.020690729900422544
0.018707016717370434
0.02071965883547486
0.01788656508546826
0.01861195970047873
0.015393548099573787
0.012450926836457528
0.013145399553842285
0.009495897638489629
0.007633029322277105
0.007982588177518533
0.006388340971870805
0.0034029024725489524
0.002818857022181028
0.0019847357790863675
0.0009320077626885713
0.0025324607194593613
0.0013625585456470415
-0.0007071034867173577
0.0020996434127934093
0.0011468665800110649
-0.0009000218387700474
0.002751809583607388
0.0010729135318584477
-0.0005109475339089049
0.003314447050887588
0.002249776319893098
-0.0004933107658771393
-0.0021797174501802224
0.0015159940020786787
0.00014423950560970956
-0.0018937216665757008
0.0005238509949741158
-0.0010711022238019926
-0.0022381291249316424
-0.00020320495766049107
-0.0013300302332572489
-0.0019648207774232884
-0.0005005905582683801
-0.0014512880583848985
-0.001705110594257066
-0.0014424152432711392
-0.0016167686774598445
-0.0013305898323696403
-0.0020568369709989738
-0.0017146369876891547
-0.0008802846162614865
-0.002294500909518401
-0.000191345300213731
-0.0019524210796103122
-0.0008245840995919691
-8.219826511003271e-05
-0.0029406805790327204
-0.001546760734398995
0.0004209576577129533
-0.003501003201153503
-0.0014220739056384872
0.0004209231518327843
-0.0023328525431820547
-0.000924573265653688
0.00145695907538194
-0.0015939444864587263
0.00028056157470728553
0.0015030221072354132
0.0025309574938983575
0.000847812276096194
0.0012425195670204988
0.0010510438030513303
0.0006823653014509629
-0.00023487521992923441
-0.00010168720129819327
-0.0021047618492365866
-0.001717552391528504
-0.0005979268834242763
0.00035409536027231065
-0.004079770739887556
8.9045102967534e-05
-0.004273579284749865
-0.0020873996119892334
-0.0003194718402643165
-0.004598052983771884
-0.0020459621571349185
-0.000559342476324898
-0.004352780829060352
-0.0013309173847125047
0.0003674420237243947
0.0008524340884407713
-0.0004695169247854693
-5.0537932852589304e-05
0.0005206314149249968
0.000790002806909645
0.0001006456920699714
0.0005034691276697862
0.00027532554329901264
0.00061760778775927
-0.00039955912109836117
0.0008358155899616523
2.6302554179351856e-05
-0.000861876189483779
0.0009530620019205392
-0.00021570007027847877
-0.0008125157601480218
-0.0005215736053894091
-0.0013263496792940029
0.0009874169293098008
-0.00036098676942746205
-0.0005188797581860636
0.0026185237028640293
0.0016400570603644078
0.0044155286033960095
0.019018267933763825
0.016335784833431493
0.016206396371138656
0.01643407535352481
0.014503911469476145
0.011250582850864523
0.011746320608111125
0.00832823078771604
0.005481094919736801
0.006128888929422154
0.005760833883763663
0.001741262801985085
0.0020257876587747026
-0.005192608997208793
-0.004189142803548328
-0.0032659881856530516
-0.003514910753644284
-0.002492876034717364
-0.0025447598201619602
-0.0006345765620757441
-0.0009055858368288517
0.0018219284722233683
0.0013637697045173435
0.00020238488789971838
-0.0010971330953731247
0.002191778219354698
4.3614153439054796e-05
-0.00045319591847874904
0.0038904991747376267
0.0011223219845304115
-0.00019778201804149064
0.002411843701585789
0.00011464392626462181
-0.0019902098018270663
0.0008386253514017207
-0.0003569425923584235
-0.0013854191548477155
-0.002435742252153421
-0.0014399785999156228
-0.002169498527840605
-0.0023965641121669553
-0.0021546240006305455
-0.002396048809349074
-0.0020813482564519615
-0.0029062416698887442
-0.0022452177388112902
-0.0037998199642455825
-0.00243719815125071
-0.0012987248545399848
-0.00011742666269793228
-0.0031397122338136384
-0.0010127951040384935
4.372601891603643e-05
-0.002399617044639097
-0.0024299088963025705
-0.0003194455672878023
0.0006020756754494744
-0.0022904483344606394
-0.0010874996249528772
4.030280809539288e-06
-0.003101324561548205
-0.0019650084960269286
-0.0010586064568241641
-0.004740122799396696
-0.0027379243426186063
-0.0006233805540812295
-0.00255787868087523
-0.0009650847720012602
-8.769213192774833e-05
-0.0007151920970470181
-0.00048283290844588887
-0.00010451320516332602
-0.0017120292157826987
-0.0015753781959892915
-0.0002104473857250908
-0.003690958301196577
-0.0020218594079864692
-0.000587266332250192
-0.004466433387004388
-0.0035070145437286304
-0.0019771607680047123
-0.001467268024164361
-0.006208414131151682
-0.0012929229474840257
0.0003415651922304571
-0.0029489094106912137
-0.0010941202168108942
0.0002443914059651143
-0.0018310968611628916
-0.0013196285951227189
-0.00014037646270724242
0.0008143336835595924
-0.00013063411461211407
0.0005283727414903574
0.0006250815675354731
0.0006041626885736651
0.0007730575336154788
0.000742837174317825
0.0019065123716887821
0.0010790038140161655
0.0003959381245498683
-0.0004947382644013385
0.0018876634247530668
0.0006763352740755012
-0.0008289615704847636
0.0017707805046484333
-0.000280187488556695
-0.00038484415965253383
0.002106949790190659
-0.0014620354633953613
-0.00332178780377544
0.002992306809842028
0.00046988453328940206
0.00510907460585462
0.009374728097995584
0.013844913813986243
0.014082411166526162
0.013801060414899617
0.015278816264921731
0.012676165449993497
0.013209216075216001
0.010389954338919724
0.009138808637662409
0.00944515328456925
0.006436538782517428
0.003396709172137924
0.0014383668039112598
0.0018953982424483422
-0.00012471227809944267
0.0019150162512133698
0.00026544299479438956
-0.0014671285855068332
0.0009439322189659367
0.00039935592393716294
-0.0011407345154548047
-0.0019967057098289123
0.0007583406295246197
-0.0013297049870919367
-0.0023437819518900282
0.0010460414732153254
-0.001757449581424086
-0.002846022394068802
0.0007380203642524615
-0.0014372801942983899
-0.0024910753459526378
-0.0002750142504749544
-0.0008388166094484242
-0.0016741053169852102
-0.0002590156958953295
-0.001027237769312446
-0.0016305952438819178
-0.0005103610597411389
-0.0011514260569554966
-0.0016705412598139477
-0.0017852697769565411
-0.0017867088749820691
-0.0025841454620212177
-0.002140068653490837
-0.001357150602321453
-0.0026909851760905986
-0.0017371615454193476
-0.0012253583002663328
-0.0005863088853268799
-0.0020907990462185797
-0.0011992984917912023
-0.003663088872482581
-0.0030656833428175153
-0.001819233507451641
0.00011265550310930417
-0.003065760315186829
-0.002633969000588214
-0.004584252721612751
-0.0001917395731101734
0.0014487549114227595
-0.0016015931136240684
0.000520449030465682
0.0008539508875004785
-0.001239951628251629
-0.0008306312977828222
-0.0002241848149376324
0.00044313034800072423
5.152307015449659e-05
9.830800244347792e-05
0.00030506363345541925
-0.0011604911322553486
-0.0010317484437108828
-4.303990281305963e-05
-0.0033569620737806966
-0.0015368015694915823
-0.004074270499675272
-0.003450454231729592
-0.0027241453829561857
-0.00035406714865499555
-0.0036392768067066614
-0.0020908759269334786
0.00016936389003976572
-0.00031426963588356824
-0.0038639949438602174
-0.0012314439643530141
0.00034515477074693017
-0.002532817086906853
-0.0009495528639530493
-0.0001482649696436847
0.0008079192563481985
-0.001024282611290144
-5.873419433601042e-05
0.0010292504223228497
0.0007404321844777308
0.0008057561035593591
0.00027534446805871734
0.0009321621533700766
0.0007575750193055217
3.6937702825043236e-05
0.0019149405896842495
0.0005822171598692075
-0.0012781508950360891
0.0013363073525849806
2.6339956128227803e-05
-0.0014667800430935042
0.001466327168014019
0.000831522756640662
-0.001135536790856165
-0.002194401820450918
0.00031027323733926723
0.0012639247302910573
0.014080845807270877
0.011309277574449276
0.013067542112682358
0.013433832303398488
0.013072917465566446
0.01315204742903905
0.009869701272323717
0.0107723409360747
0.007030917433798315
0.005710550651876438
0.006356019100855654
0.0008710041045806617
0.0014242435928118941
-0.001554182016263584
-0.0006549622778906428
0.00019360993976450953
-0.0001019774102331837
0.0009457933958824505
0.00045673130253937147
-0.0003148565451760565
0.002551305119943175
0.0006933264701619462
0.004166810855605996
0.0026452092952231137
0.0009799457872793115
0.0045048025483548125
0.001880867917551336
-0.001002856449750833
-0.002698501865550556
0.000491399157004808
-0.001883080218273414
-0.0031083888055178717
1.8431871616701564e-05
-0.0011043970359051415
-0.002376774567129199
-0.0007169319373500789
-0.0013679753025675103
-0.0023269266709830846
-0.0013853035189701419
-0.0021456701438718677
-0.0025346125138967323
-0.002581614494339062
-0.002766677898543061
-0.0030559219600592336
-0.002722691568916175
-0.0015318876997825795
-0.0034104980569823512
-0.002566311131148352
-0.0011687247220951843
-0.0037213996120948473
-0.0029697754942012797
-0.0032178297435036434
-0.005213838882561336
-0.004260722311120485
-0.0021855948259508168
-0.005724261785992231
-0.004169582762524118
-0.0018253352865538201
0.00018615243464134703
-0.003491880096958031
-0.0012101061553868426
-0.0038515550811371283
-0.003882206928573667
-0.0051360749874892276
-0.003780130045519078
-0.003359152972466799
-0.0033108112631479026
-0.0017290401818072579
-0.0014059093564333155
-0.0024105371129873173
-0.004752712765510661
-0.002254186497824399
-0.005254146301387904
-0.004685406823052689
-0.0011242143706154798
0.0017319524262693119
-0.0016619779938570381
-0.00011618552444480461
0.0005496363867685538
-0.0029684328661641105
-0.0004630698018389351
0.00023896915297664875
-0.002297740379522169
-0.0013113314238131263
-0.00024046828803247315
-0.002893628123946608
-0.0014723249510575943
-0.0010632638366526576
-8.53251340547252e-06
-0.0019077797312435523
0.0004078898673994772
0.0002966492915763067
-0.00014813654081517868
0.0006275843223144287
0.0001862234789814927
-0.00048354734190060085
0.0004508839446051736
0.001059079006105991
0.0003707145115370179
0.0012415920033156118
0.004804905585224005
0.005408875111098207
0.005616936919632297
0.005397906387061514
0.004517910568390535
4.9232019593724015e-05
0.0029399924772564932
0.00036886753088395354
-0.0016284753857164899
-0.0030645795881439654
-0.0005712472592254279
-0.0017715380405565182
-0.003437415282539197
0.005335434176186753
0.007893639399781771
0.007660618597110671
0.007920369095881544
0.00730720837864912
0.00542807289276471
0.00579312202455998
0.005535468935347965
0.003091445159698762
-0.0015497964985744439
-0.0014911537575344536
-0.0010915749856021924
-0.0019244511798048307
-0.0009248249853048001
-0.0015633907880675101
-0.0020198367445833933
4.190059682657948e-05
0.0003356593567895327
-0.0008369739871216747
0.0032546382689492503
0.0027883635414090407
0.001497211139306955
0.00506782070680682
0.0014502244096927905
-0.00047257864207682365
0.002947564316339011
0.001293192895709238
-0.000330803469266988
0.002644674302481394
0.0008209772974201129
-0.0008143829460297338
-0.002019538744646374
-0.0001883538648219033
-0.0017296066703042874
-0.00283440180737709
-0.0018425007040417402
-0.0024754452367415475
-0.0028919565330749143
-0.002692681216499836
-0.0031165904003378924
-0.0037185277266326964
-0.0038915884920658816
-0.0035232609915775955
-0.0020970501645247584
-0.004293525423393337
-0.0030887308547519255
-0.0005359033271916482
-0.00016471424148823208
-0.0034645352525925813
-0.0016261582894287893
-0.0005620687664579145
-0.0031808417529368797
-0.001776674229141991
-0.0003185796294358543
-0.0035235347179758945
-0.0023375302396218076
-0.0032508226715883535
-0.0011623667667414134
-0.004547067518040881
-0.0025793753682171656
-0.0012361039158264348
-0.0033550440376338216
-0.0018414174805483955
-0.0005262340580968101
0.000306576948263792
-0.0008526083079805303
-0.0002454528095394921
-0.0023292814834965482
-0.0022761442435278658
-0.0013239645117455775
0.0002926269052570984
-0.0032193179695038875
-0.0026462703201717746
-0.0002574662420195221
-0.004087661856308785
-0.002060597754591697
-0.0005877252889356212
0.0010797285139216106
-0.0015874437867425396
-0.0003954319136766942
-0.0030397803133841517
-0.0024928803175198523
-0.0006246921292055657
-0.002791387664812304
-0.002230655460278822
-0.0018134010975647955
-0.003215940970315112
-0.002218066764822209
-0.0010820192361091986
-0.0012357381695449444
-0.0015254796521527282
-0.001330752294900973
-0.0011438412604878388
-0.0002415891539226047
-0.00038838448901212666
-0.000954808230148963
0.0006000149432863306
-0.00034193009276587826
-7.635942577913093e-06
-0.001450229897009376
0.0013434896247707122
-0.0003381788331386498
-0.002258652673328705
0.0006339648541665817
-0.0011729073044763646
0.0014200554824610617
0.003343340530566416
0.002753282816029918
0.0034772805290569585
0.016035743454459517
0.013056557062495453
0.014379083190912474
0.013722437815379948
0.014240570273623776
0.011386053185326716
0.01200120584294432
0.009322004296505922
0.008093917829723327
0.0045604874619129985
0.004531894957930504
0.0028646732358218784
0.0016742368057309832
0.0013898795639832192
0.0016128356155199598
0.0006655423601421521
0.002623862124993375
0.0015645737247070456
0.0020996979657419055
0.003663996056794658
-0.000322270816751802
-0.0016119432103287603
-0.0025107498917264198
0.0005708702321601709
-0.0007617129804838548
-0.002635901016711424
0.0002580918608431512
0.00046594264989512383
-0.0027779977914714473
6.948370458350471e-07
-0.00048067587089171304
-0.0016945862682211355
0.0002225533592843664
-0.0018853649572973673
-0.0021491013708041695
-0.002461881439517846
-0.0007611532565437311
-0.003245696964290609
-0.002488161896736765
-0.002337960602513821
-0.0018373336398719777
-0.0022193747905238895
-0.0015256502274484261
-9.525590784749277e-05
-0.00017230319130261628
-0.0016792886508210972
-0.001276492860191195
-0.0004330744878389499
-0.0024999214845690507
-0.002361777313306209
-0.0023812928700106353
-0.0008074731963968984
-0.003945782390093272
-0.0014782334992267116
0.0004997625094164524
-0.003945099912735313
0.00025501005245907757
0.0025482847218181153
-0.0012208372864614438
0.0010388463061976317
0.0030769585041648512
0.00335820391600713
0.0013059207389910109
0.00209732181367916
0.00259624857078435
0.0019752294238335848
0.0017247981844371067
0.0013834142178059344
0.00028199668817573717
-0.00026621175334733013
7.897559692664479e-05
-0.0023092402827827713
-0.0032919303019350314
-0.0010699092558455311
-0.004324934823596722
-0.004244491141731801
-0.0022267909736320697
-0.0007407186954873926
-0.0012769325564950236
-0.004572016938831573
-0.0036970397680387637
-0.0016086367672932674
-0.004472472589437939
-0.0021724256795630143
-0.0002598037288803424
-0.0023862297010723787
-0.0009283341096009795
0.0003334956103451076
0.0001976368919665074
0.0005583607784704432
0.00034736044306252727
0.00032085940596207564
0.0007908181882978559
0.0007207599924988419
0.0003334594028712948
0.0013227527609238384
0.0012661675460840444
0.0011674179927891517
0.0029504072995544138
0.0009690804187793495
-0.00014724624846891685
-0.0017906487861560527
0.0008844747554415162
0.0007720531423124564
-0.0009766443920888727
-0.0017064965909245027
0.0012842796170647308
-0.0011875961838016934
0.0034509370520801083
0.0042862527628108075
0.013045239797411125
0.01303856578368574
0.012253498379140791
0.01357280039979614
0.0102654045715442
0.011174894868371529
0.008170532488051994
0.007686056716568506
0.00807331334517575
0.00445568951071686
0.0012432894174043082
0.0006817803828909359
0.0009191997298076455
0.0006480489165943517
-0.0008224017522124379
0.0014302050823930795
0.0005989226239188355
-0.0011864851645504572
0.0021027387066783294
0.0013766787068098022
0.000721887690873547
0.003850485593103958
0.00033311826912462935
-0.001958325670154261
0.002029823025448327
3.893225349533246e-05
-0.003416303485304447
-0.00022730962988293254
-0.0016761643898767348
-0.002830062338235972
-0.0002208403935936442
-0.0021190657690125085
-0.002964965978839381
-0.0011156113996900559
-0.0018367093005707779
-0.002638209725031304
-0.0013721480221782771
-0.002079261852563885
-0.00172735998535108
-0.0019864734433741402
-0.0017469889072490002
-0.0012800952786012037
-0.0009206639040489188
-0.0020385932909995938
-0.0012506071463644262
-0.0008155017878962543
-0.0030437333487783836
-0.002622706755500516
-0.0008562637105504566
-0.003558732979283703
-0.0022415736696155537
-0.0008298805766262583
-0.003981550959488541
-0.002742894394275344
-0.0008483900377337155
0.000944597007560431
-0.0016126738779015306
-0.001054705714913736
0.001297627825591155
-0.0013247281372694777
-0.0006083696683109539
2.372827065252309e-05
-0.001772399847874593
-0.0015446067071982232
-0.0004401118161821284
0.00011077373764945881
-0.0008824747220276404
-0.000891002134301932
0.00013338403229295283
0.0007833759612142589
-0.0019533980086606567
-0.0005037172265180728
3.046497084052977e-05
-0.00040824074881347795
-0.0028166841515738497
-0.0002936222936749487
0.00012154292652053974
-0.0024011355940686562
-0.0012145455719747413
-7.914276915188659e-05
-0.0032866478599026918
-0.0021849250546772747
-0.001890630196009721
-0.00017893974214180857
-0.002483757832239314
-0.0006974683449665035
0.0001957697610596558
-0.0014074832191594982
-0.00014560800008272875
0.00029182766087479227
-0.00014065774481816058
0.00015136060933223993
0.00013745613203651998
-0.00022770582577153717
0.0007463209149246807
0.0001912477853103548
-0.0003200308743676012
0.001388818467873936
0.00042871409260615193
-0.00023244748479463216
3.9348377002259194e-05
0.0008541565398881795
-0.0001453770621398285
0.0024147463749092067
0.0008669690202562045
0.0010718444345002517
0.003696586551228182
0.0014423569535789887
-1.6604463011159648e-05
0.004678312175359235
0.006944890256448583
0.013058151628162365
0.012874383790953719
0.012173057178059186
0.013117400607197337
0.010939658955157533
0.01167998354120345
0.008770201115130195
0.007716530266947804
0.002432768730404027
0.002480728145989979
-0.004373961327393767
-0.004137017536899704
-0.0042021691660863855
-0.004556803565102397
-0.005117193565524057
-0.0035182873288367575
-0.0047874970943008145
-0.0046778004096041685
-0.001600677360844741
-0.0028248949719952713
0.0004362735580450176
-0.00027137858461835147
-0.0007361715034367618
-0.001360216024635101
0.0018142988799252377
5.117622073739835e-05
-0.001412582852691065
0.0015293351824459734
0.00013999750963348816
-0.0016069454945363535
0.001201419482738737
-0.00027497902656700517
-0.001940904765659221
5.271468581984588e-05
-0.0008255753182964412
-0.0020130082588083664
-0.001341502538729278
-0.0017449717497979788
-0.0020191982243741927
-0.002195210630586201
-0.0023842928466886273
-0.00229347483995448
-0.0019088579753072888
-0.0016519296532081743
-0.003495142791249355
-0.0026730921777772393
-0.002061478870563523
-0.00483526214668139
-0.0031909537980751527
-0.000977274262269722
-0.004333567761489758
-0.00199746995990269
-0.0001469078671623881
-0.0032139657769438656
-0.0008074092634527231
0.0016544301481899535
-0.0016941556757370728
-0.001112899598601382
0.0004994271651941808
0.0020162414794918284
0.0018430212654248408
-0.0007393697061430509
0.000641040257253846
-0.0002662227833343181
0.00017390604475397753
-3.4096025678681093e-06
-0.00025387083427516654
-0.0015930972758167248
-0.0010545743393834358
-0.0007279450536473971
-0.0028471420949780874
-0.0014694497660003177
-0.004839806308522988
-0.0025048552510671513
-0.0012817611733380947
-0.005170438185294028
-0.002925936599169927
-0.00034787350201924156
-0.00402200239369083
-0.0015749080036563576
0.0006727849922553012
0.0018722068159493616
-0.0006184696451136368
0.0011563263640874284
0.0021147379728106643
0.00031207414561251377
0.0014565111927259732
0.0010698777448121938
0.0006166355592241369
0.0014824909605224352
0.0014117770287165135
0.0013329589976468958
0.0011884018289246517
0.00060701562950106
0.0018221439769633401
0.0011012179563130438
0.00019322428262198707
0.0020421046942718213
0.0009401653275217201
0.0003038503582220001
-0.0008484408433306988
0.0017401153332869004
0.0002263202450685882
0.0034377708268379784
-0.001052138360507066
0.0009667479450570875
-0.0011380301104406477
0.0020340457125719563
0.000500951210227119
-0.0010017599305695325
0.004052226974145151
0.001966546227216256
0.007392357730800257
0.009123561828483137
0.009015586680704943
0.008049918472941344
0.008860666768138346
0.0063817377189556495
0.0036860113013099235
0.005746400111145014
0.004222928956405414
0.002203079224741698
0.00022855463340443248
-0.0003200052140439512
-0.0007138674720043318
0.00038632414596392715
4.355604301588852e-05
-0.000955799129617453
-0.0014013729654609067
0.0013094716298130207
0.0004813642571781428
-0.00014187252752724877
0.0022317459006816233
0.0007919211717921087
-0.0011040967868172862
0.003114265881759576
0.0009360988389912962
-0.001308476178383784
0.0026714374012932617
0.0014967626395435748
0.0019509227695940008
-0.0008911939933955996
0.0016739472967437301
0.0008916857570524429
-0.001097727927422397
-0.0018437209412071889
-0.0003254018973297391
-0.0014169076306637927
-0.0020492286913813824
-0.001156611458407732
-0.0017318508538930735
-0.0017538215666335797
-0.0014715346136513394
-0.00228733731551494
-0.001994098722241496
-0.0015352357530444899
-0.0032801574454627376
-0.0029118195785798723
-0.0024685769914992843
-0.005087568791085737
-0.0032001691918199762
-0.0012349085642725799
0.0006429301108947786
-0.0025885076177107834
-0.000474890182116267
0.0019522225254644998
-0.002153030956229209
0.0003902304381545698
0.0018729386574080679
-0.0012891421460595903
0.0008388016655209328
0.001832543957718287
0.002206002955730822
0.0003354295964189076
0.000820850292029416
0.0006582206824390938
0.0003396319006974673
2.516984532308672e-06
-0.0002394902191253403
-0.0018760310726073273
-0.0013576298558141972
-0.0010155110623430547
-0.0037930427836045865
-0.0026583561128905382
-0.0016305582126699498
-0.004515445507425496
-0.0034911795719758235
-0.0012926757718602988
0.00019377664039039866
-0.0036390893480809077
-0.001892245296703309
-0.0011441331006376203
-0.00447444131575035
-0.002132902334873579
-0.0011981395432414702
-0.003648870089131177
-0.0020455010026847816
-0.0007314258312741243
0.0005974522262480097
-0.0011578998729804865
-0.00023975994115623913
0.0003044592487843125
-0.00032492673358311907
0.00015250629268063765
0.00024816101880480314
1.204750951074603e-05
0.0009270587794024429
0.0001283657861330334
0.0013868045021348022
0.0009293023904140045
-0.00012895677535813366
0.0024083135888912422
0.0009337854075951544
-0.0006025626999767226
-0.0017535718171166094
0.0036447510911493965
0.001734796938829307
-0.00036946786560815254
0.0021819387670119123
0.000720329128835335
-0.0010102516976091735
0.00809952750563725
0.011039172986882437
0.009153202922933012
0.011283670367125883
0.010681464688318593
0.010948427446297761
0.008892676757031677
0.006048400757901859
0.007053937539065881
0.006073830426727825
0.0011466285245152546
-0.0036768194796826113
-0.003386806857012444
-0.0032674728859456033
-0.0032419663050381737
-0.0031754152512482657
-0.003402750256996986
-0.0037718714948033433
-0.001640923101500691
-0.0009736557343791053
-0.0016392105441550519
-0.002177382597599485
0.0015718850387915185
-0.0007526523824626416
-0.0006717202121995261
-0.0011094908790438395
-0.0027381730908949305
-2.8912215328167362e-05
-0.0017173137816699645
-0.0024063559235111467
-0.0022637543096092555
-0.0008014452382438493
-0.0016878895639602278
-0.00022234243150194073
-0.0008555210228422942
-0.001404102051072905
-0.0008589573541549596
-0.0013582310031976064
-0.0015162581325541948
-0.0013514612350187419
-0.0022059253631937113
-0.0016946924662739117
-0.0015417449193680772
-0.0029430323006066545
-0.002578130084184164
-0.0015223398464578731
-0.0004532298330792853
-0.004231825777307047
-0.0017882333797169115
-0.0007199074372227647
-0.003628167175822821
-0.003061244830899522
-0.0014265958894261294
-0.004319418088791041
-0.003296378763470805
-0.0012476977761356118
-0.004094247645138074
-0.004127856467822755
-0.00081869670667771
-0.003355310772358008
-0.0017655006410662824
-0.0006025818953462603
-0.0025186706897576423
-0.0009265513118669286
-0.0001238190213401276
0.00048784839666676257
-0.0015203498890874515
-0.0005633678185719296
0.0006317141024246422
-0.002759282302991186
-0.002004843441693264
-0.0003850425168213497
0.000961790064291086
-0.0029570851632748814
-0.0012145781748538523
-0.0005168296777833194
0.0003070444400694496
-0.0032984647611635776
-0.001032578669712293
0.000903935422373169
-0.002063603290927036
-0.00011149840458775777
0.0012569313945336915
0.0015332660723054229
0.0019404489653982763
0.000713508277314242
0.0014635850555837428
0.001717786957152006
0.0013619147505549256
0.0016224986363165945
0.0012639679507863032
0.0018486248047135515
0.0016696579322717224
0.0010911651511040406
0.0026707610706907517
0.001261479672590679
0.003077675820856246
0.0021234021765002276
0.0001771443212514067
0.0030513465105595893
0.0011935501301127789
-0.0010764345883627177
-0.001833502624967698
0.00222827414404779
0.0005133207701299093
-0.0025107364101082472
0.0008981738062549706
0.0003087315041100561
-0.001190181063993118
0.0026056084053410608
0.007320748782217128
0.009443649973933514
0.008958302709829835
0.009525289972222621
0.0067766514458238395
0.007556673699443566
0.004642122328817498
0.004207803003319905
0.004500104052908542
-0.003845676474148743
-0.004223479444031147
-0.00471643804376772
-0.004254307932279253
-0.004859589461189209
-0.005639875207763012
-0.0034311609524644727
-0.004515678821204598
-0.004461287861725942
-0.0013712811468891985
-0.0012972288176422715
-0.00334309466773543
0.001291118612399215
3.0256398497917525e-05
-0.001523974661886694
-0.0024669750456742827
0.0008178507697817721
-0.0008277868897413153
-0.002024599060598038
0.000881877877671205
-0.0006557536536369054
-0.002060000905027087
0.0007355557028912915
-0.0011322500157580683
-0.0022444041427020934
-0.001077016722881701
-0.0018853624682747367
-0.002359490772156255
-0.0018948240532476663
-0.002164715448566473
-0.0019406969545623972
-0.002207450378575731
-0.0020302131778067805
-0.0012921767143244057
-0.0026876635398663867
-0.0016041187502599773
-0.0007631414430397757
-0.0026361275046724118
-0.0008471314822975392
-0.0029692376106537723
-0.002389694796768405
-0.0013502983162666548
-0.004250690448163211
-0.0028203017680684043
-0.0015188864881835512
-0.004773457107002838
-0.0028473680604360306
-0.0010617740931914703
0.0007370644261014537
-0.0024840739464266778
-0.0008103004763688143
0.0010811418985554463
-0.0013568017679019162
4.478980739706791e-06
0.0011951576003840158
-0.000601911774015429
-4.0299019816954645e-05
0.0003496002726615078
0.00013923030939531775
-0.001394253998953187
-0.0007282846370609292
-0.0006500595096011882
-0.0029173394393772803
-0.0017974670874414498
-0.0001828767489203516
0.0004892208259212216
-0.002427250394215774
-0.00035696490174792766
-0.003982499683263145
-0.0022688056178309
-0.0002910702968073071
-0.003779066127633617
-0.0019142299487987103
-0.0007713273877061033
-0.0007919921760553685
0.0003816325780260784
-0.002196082912855612
-0.0004543935619880527
0.0007610768159101768
-0.0008524998205235116
-8.56734658914562e-05
0.0007783172704738301
0.0007957937777016037
0.0008990034417486728
0.0006454382303583582
0.0002837410774610426
0.001312574451620505
0.0009209318942104851
0.0005143333704340259
0.002307920314279652
0.0010416922370840287
-0.0005073634478623861
-0.001843300036656866
0.00012235266973571106
-0.0022327506057001727
0.002649069466661203
-0.0003187126441721253
-0.0019647347154573202
0.0014699306375234359
-0.00016314779028698526
-0.0020304806635131132
0.007568874085116176
0.012760172626026358
0.012958907449808134
0.014180598282037457
0.013464815446291028
0.013831929268754758
0.014369812681678305
0.01143560909908766
0.00870823727880581
0.007190398569116022
0.008642704163081162
-0.0033640937489658198
-0.0005466843217375169
-0.001632838917828968
-0.0014322837061921106
-0.0017751166253685612
-0.0005855635859143921
-0.0011174284466960245
-0.001079471030335104
0.0016041894333353403
-0.0007243003855612309
-0.0016427908200554507
0.0016459758304803469
-0.00012719556823743088
-0.0014103285904934473
0.0020793615776598775
4.676487844673034e-05
-0.0013341927140587918
-0.0019406002126024294
0.0005258845828023661
-0.0010768501773525758
-0.0021260940983013356
0.0007548544069083977
-0.000675932291208712
-0.0015265739136881196
-0.0015253753976828732
0.0003088638377762016
-0.001379911181775363
-0.0007376830174088634
-0.0012225040408046335
-0.0014025513790818594
-0.001617224038287675
-0.0017391960815548524
-0.001583081516858988
-0.0012834660449587297
-0.002427416594801344
-0.001980031327894946
-0.0014772444623053153
-0.003620686211615043
-0.002771346220408351
-0.0018339711675939752
-0.00455958255737305
-0.003018370753881644
-0.0027767391352340404
-0.0062617459091037515
-0.0033338179776532446
-0.0007628734734737927
-0.004380772531363848
-0.0018527340924072773
6.172090335430209e-06
-0.003242281222842365
-0.001188558822464331
0.0007704600186790412
0.0007523960727044892
-0.0005922059533932548
0.000283590195136539
-0.0012042885907406072
-0.00021480728490175718
-1.920932588082504e-05
-0.0007564781970645398
-0.0014819004853884653
-0.001459450009416247
-0.0010142465315545674
-0.0037210127209711613
-0.0023228568346945287
-0.00040401760447224597
-0.0038737655916615075
-0.0018887358758265184
0.00010544908947855765
-0.0035200933178995393
-0.001538584004382324
-0.0010131450983046238
0.0003623776500961621
-0.003084789164237795
-0.0012812753625203546
0.0001217481209273444
0.0009458881407025338
-0.0015982386660483717
0.00010946829517851044
0.0006916877191834341
-0.00045761760782004436
0.00048118960604708353
0.0010724238581547017
0.0008795698705897284
0.0010801289304992491
0.001103470630441435
0.0017610981741996773
0.0018910174141643242
0.0012808375181912173
0.00042984365465827145
0.0023261568386050563
0.0017579009994232397
0.000546346679172422
0.0028826973193305625
0.0009070117374291324
-0.0001379877791857813
-0.002552472190738525
0.0003494045939372368
-0.0012083546942978003
-0.002685772396327215
0.0008772651400065514
0.0004238725163259579
-0.0010966822855455235
0.0036808749038514683
0.01239130071577668
0.011407308478449766
0.010687601371323695
0.0123480868160056
0.009353693094540342
0.00646609072264872
0.008243508057486073
0.006302518760799606
0.003941184036661018
-0.012994265867440178
0.000554032705621855
0.00023294484309368903
0.0009672276940112611
0.0008170306914479967
-0.00035309262413546363
0.00029596478872529765
-0.0012096094135616586
0.002339531844795639
0.000444426599591171
-0.0019103942703081887
0.0018717491398613005
-0.0004286061091606175
-0.0025621438562821613
0.0008975087262202336
-0.0007812265664040022
-0.0020934418160090795
-0.003546302657517463
-0.0011501840955663847
-0.0020837472115893406
-0.003247080229138496
-0.0011326886729403124
-0.0019534995324956336
-0.0021023716474460013
-0.000775696321939989
-0.001478192902793238
-0.001739860861281742
-0.0018468832076420597
-0.001666609999177143
-0.0011890534818916707
-0.002000369984556457
-0.0016459379586559841
-0.0006954877799728756
-0.0021821002934593265
-0.0013281239536218719
9.213809851930018e-05
-0.0022906187529055256
-0.0006380026914319961
0.00048428228418563086
0.0011488119670856123
-0.0018136647956498732
-0.0009681717663651854
-2.9382047183630955e-05
-0.0031440936007761456
-0.0009918040882648702
-9.870973415506043e-05
-0.003069478850439902
-0.0007760767535711456
0.0009275643728181112
-0.0015434147377657243
0.00047179199637760737
0.0017808296282215892
0.002077372204267021
0.0013496790903010742
0.0015605044609771192
0.0009293383625542677
0.00021939647866523612
0.0006348034418471613
-0.0015058364232667903
-0.0011150211468459175
-0.0010195073798552397
-0.003634997535076192
-0.0016721565344736784
-0.0005068296593569294
0.0011603117484163788
-0.002397212128233954
-0.0007190351373876949
0.0009242487040740192
-0.002495640690551365
-0.0014480280523190405
-0.0006687396006762899
-0.0036367943658857913
-0.0023383421005602765
-0.0006853798978897542
-0.003113809423136737
-0.001747131919613629
-0.00016874600689425651
0.0003757453207655891
-0.0009825745402451999
0.00017480958638237722
0.0003782307839917713
0.00016403407285300935
0.00029413285958130946
-0.00013057016291108462
0.0005175080204210104
0.0003185374083794255
-0.0002981845482728456
0.001742609301718056
0.0002968718796530073
0.0021397870082378364
0.001154664263069913
-0.00043345101425223774
-0.002387912670600011
0.00042102290155471875
0.00041133624296033614
-0.0008994353877020738
0.002084124831496742
0.0008335114387570379
-0.0007574498992738006
0.0017142297951504028
0.009335022366338576
0.011295993336980082
0.012575663195446308
0.01190547391961476
0.012288833000290832
0.012703937459274863
0.008909848864785694
0.006584752684784633
0.005605103221461153
0.006260583014737902
0.0005901353155671678
-0.02327832179605187
-0.004548099695165201
-0.002881944801127605
-0.0036262998980940877
-0.002017089590992554
-0.0021855269035469093
-0.0024096137948002383
-0.00014925579705042598
-0.0010318485085971374
-0.0019884836804070563
0.001503366674187971
0.0021801141929406564
-0.0017261124908592245
0.0017031597156808072
-7.182892148159863e-05
-0.001326941551622757
-0.0024484371882835657
0.0005612919333854041
-0.0006498926585467791
-0.002066167831565722
-0.0024672835199957936
-0.00032436874279060085
-0.001189773217320233
-0.0019192093854493518
-0.00037769854211346045
-0.0012288779721982231
-0.001650134504590342
-0.0011101279928494815
-0.0015823443406063602
-0.0017826249282686382
-0.0015940665993834048
-0.002688433534843163
-0.0024676253118106283
-0.00198660711626
-0.0036004518986517816
-0.0027283001813901172
-0.0016740070113680514
-0.0012864679158259586
-0.004316338922359414
-0.002735887522182733
-0.0013317771519713534
-0.004769939062475715
-0.003237337463693144
-0.0008861917802173936
-0.004560492009360413
-0.001519965582218726
-0.0006379053689853051
0.0002777207145146803
-0.002409489586126261
-0.000244706214186239
0.0006981337045446757
-0.0015106913873276786
-2.1082687712443967e-05
0.00033313541170279564
-0.0005035294402115123
-0.00046468395533605806
-0.000826834529174179
-0.000448290524838314
-0.002679088549000726
-0.0016961141030510057
-0.0008191518548622696
-0.004040558839638974
-0.0024244451136874287
-0.0022536443195038712
-7.657964125580903e-06
-0.0030142879340727346
-0.0006408555118598621
0.0003160533415890867
-0.0032922445353063294
-0.0011017470894460547
-0.00014212142942845134
-0.0026474377277443525
-0.002359312931215685
-0.0004801431585732346
-0.002646340699163827
-0.0015420170841260459
-0.0005779820468509714
0.00016124360022731147
-0.0008465883270206706
-0.00012609412905530983
0.00010439859404781747
0.00017035000911732026
0.0004096852496844744
0.0003291960059427896
0.0014686384671726085
0.0009725945948606728
0.00038637245667220825
0.0022015916897885797
0.001837151910518296
0.0018652900298177645
0.0011066360565144574
0.004143906656061763
0.0031780157622836535
0.001292870961497636
0.004756441385239493
0.0039604823475643
0.0014696207064149671
8.00365619268952e-06
0.00628836762083041
0.003626122291863616
0.008521078302870595
0.014435532909799828
0.012479322077043616
0.012951510737463895
0.009816309867390814
0.010288611637056671
0.007297160564482176
0.006398736605874044
0.006479173878503253
0.007093535474523476
0.001538423245547361
-0.004228797095324823
-0.004390718470782403
-0.003982459363871499
-0.00452542636207197
-0.00565591914252777
-0.0034415819974250167
-0.0036667632485601477
-0.0031919698342001085
-0.004225423300594405
-0.001107804785175261
-0.0017637142977067395
-0.002957236012952457
0.001809037414711549
-0.0002833073015359585
-0.001418290516250095
-0.001398408072877921
0.000689370926377264
-0.0005719429122883989
-0.0020208639022062944
0.0007816529039741792
-0.0004787975547047803
-0.002249537065955622
-0.0001126830858132337
-0.0006510168751152002
-0.0014488178211244788
-0.0021167076315059393
-0.0011823993128126375
-0.0016993420270716097
-0.0016945857643549953
-0.001982451970909138
-0.0018245169976399257
-0.0014593883091637337
-0.0025096013222702424
-0.0026594241049419857
-0.0010476843581805507
-0.0030660083781500124
-0.0020257478974961083
-0.00126526337540182
-0.00028523876104789587
-0.003515263957110295
-0.0025027330705433715
-0.0003809022465778349
-0.0005000826020845053
-0.002226072440749443
0.0004585698823315594
0.0020294140699884107
-0.0013402421584772478
0.0013225073985112196
0.003376720031410225
-2.8011448938790328e-05
0.0016925252906400457
0.0024750054142577897
0.0009903982722833167
0.0016966870215251227
0.0016385037148252597
0.001241053940264801
0.00018064741680398605
-0.0001715090005696823
0.00035964433914911694
-0.0032900413382129247
-0.002194607994885846
-0.0009391866234676534
0.000366746444267692
-0.003229049448572053
-0.0012282484764520266
0.0002626999236838277
-0.0030951266237350316
-0.0010584575265840113
-0.0005621073826192936
-0.003433982193247362
-0.0015923550016717556
-7.93591320853581e-05
-0.003067608434291007
-0.0016467403823826662
-2.4920088292725804e-05
-0.0021392550829774223
-0.0003961029610355275
5.0567802021822265e-05
0.0007483257560358903
7.720592805056048e-05
0.000656461509293712
0.0003805253826161992
0.0005888547526557377
0.0005074345122601547
-0.00021708188792011012
0.0007281237606899099
0.00011670496303443155
0.0017592720656209157
0.0008656305208013974
0.00039623047299269126
0.00014803063219693936
0.0026326113320383564
0.0017502204608121478
0.001958542715804033
0.004997801582117793
0.003928143172579505
0.0021477492494746298
0.00501149735639946
0.006520606831160397
0.011444187153098685
0.014495728870248024
0.013808695534469336
0.013654620092611962
0.012541383635777038
0.012637976861627225
0.010937891480061543
0.011747327445629742
0.008326672713035126
0.007762891007638335
0.002533902037757223
-0.007501407052607759
-0.0037281825597860344
-0.0032702017657576872
-0.003641850276641845
-0.0028472400456681104
-0.003054092390926973
-0.004071028634879236
-0.001696171533348532
-0.0021044236429000585
-0.002724946851580929
0.0005055806014033754
-0.000695169747918488
-0.00027341486008648026
-0.0025291085751278737
0.000499759264657925
-0.0007524149590790534
-0.001514260373516667
0.0014943247650535767
0.00019673020533966318
0.0003251781618951146
-0.0010988723712029044
0.0006725493286381195
-0.0002913385863913221
-0.0011468986093796992
-0.0018806750101703262
-0.0007690681716060227
-0.0014241384321889523
-0.001844105081654471
-0.0014036109611277458
-0.0018372692672596826
-0.001973843226955025
-0.002725975952135373
-0.002778957855413811
-0.002475431984621278
-0.00429274260718937
-0.003564203193807668
-0.0023524163475326727
-0.0007140734863584753
-0.003903081858610973
-0.001719257740603694
0.0005968859584251842
-0.002764691301494399
-0.000995558267013422
0.0007890877592979684
-0.002590139773920913
-0.00012053781670108296
0.0012404463414962552
0.0016153478949310675
-0.0011595010916512765
-0.0016834015955846393
0.001332153225030506
-0.0016427972506998232
4.464367172820508e-05
0.0013015829258255544
0.00017769838983273533
0.0010843937862257816
0.0010526128734541483
0.00037656991427908993
0.00116988050908045
-0.0003860451737748293
-0.0007642913321362175
-6.627227733568424e-05
-0.0030167447357440395
-0.001952425942576473
-0.0019627492907013963
-0.000946264769038084
-0.0037365635819070543
-0.0024070024230640878
-0.0004306677190686225
-0.004378332380148887
-0.001802453253097122
0.00022539649851977317
-0.004547688171832218
-0.0020837240151647014
0.0008881625915301071
-0.0012288947315868693
0.00026375666654954735
0.001395994621316033
0.0003045793845711431
0.0007758385787290211
0.0009575046541096336
0.0013345553172841456
0.0011042156524487207
0.0013446268753879245
0.001225791350856676
0.0021826135570096818
0.001671950384872836
0.001089442257331125
0.0026601802336417347
0.002011190747972707
1.7784450116011542e-05
-0.00118661051184208
0.0016126213593476951
0.0003404301507292508
-0.0017472168107542172
0.001506399539136215
-6.727418150923472e-05
-0.0016197272851235579
0.00237257280382347
