0.016984707716964878
0.016651289902897222
0.04467298878471426
0.02405227353071812
0.06478154523828727
0.061754467750044666
0.05825444891204748
0.09312364131286185
0.08438085772716326
0.07057701283392882
0.07638977126570524
0.06251525892154991
0.04431625773882713
0.05099878765396824
0.03497104838028853
0.015171347333934571
0.0023780770859335694
0.008520158168130077
-0.006381898009948252
-0.0010922979613061364
-0.009186303287823064
-0.011638092413837172
-0.007740156432048429
-0.010658169788547502
-0.010862293230682598
-0.009004580691133966
-0.008594465505129035
-0.0071736898531005915
-0.006750373895297383
-0.005543315404454788
-0.004031291018585342
-0.004397515577124256
-0.0033062991732844315
-0.001815519939745561
-0.0009163223138723833
-0.0037700205659429425
-0.0017447790211659667
0.00023973862186586322
-0.002679008015669576
-0.0015262152267234953
-2.0527199222209163e-05
-0.002742530620533794
-0.0014220669795770259
-0.0006636301497488749
0.00096971619691846
-0.003639264243529937
-0.0002363350504992446
0.0003110485403456814
-0.0018783104985796496
-0.0008355651622212455
0.00037370931034900453
-0.0013203573039569294
-7.825565149049373e-05
0.00048471409409152864
0.0007960040092172807
0.0009441009334675634
0.000645271799843533
0.0007661890179785435
-0.0008486996750362322
-0.0005723487391238837
0.00017896578891133524
-0.0025858874262115815
-0.0012919674509285842
-0.0009426942977449143
-0.003459777559290147
-0.0014083619136030792
-4.0116322542056445e-05
-0.0025700085964236305
-0.001994205578759221
-0.00046789791993378626
-0.0028372386430914566
-0.001687033285394495
0.00013298997684452988
-0.0006112713002974861
-0.0038794412807543082
0.0026892097540451233
0.0026892097540451233
-0.0015510621498814995
0.0008383224820614797
0.00149509098909816
0.0011217611465189393
0.0007181662766517003
0.0016253188923362005
0.0007113117742500823
0.002008921017083281
0.0011971079724464213
-0.00016124781051861346
0.0017160585212438139
0.0002580846500776699
-0.00035093989219224915
0.002021874863262588
0.001298521481092499
0.0010550490804040668
-0.000991625511559317
0.0041259880019916114
0.0033326087100790103
0.022264074410362718
0.020586176129028796
0.02562731202937988
0.02991493162115089
0.030431691378814015
0.029212257184275187
0.02702020227897225
0.022066143522805462
0.023202632429164583
0.01850148980036508
0.01315476819605487
0.014054623308295454
0.008717396300922877
0.005967268377677563
0.0037437942310257696
0.004357881793878391
0.0017927981964688856
0.0006604769676515536
0.0021821390533809317
0.0004982831723244383
-0.0012851030149790576
0.0013781657971189912
0.002218256653966702
0.0017869013997637356
-0.00116421258311779
0.0021137209834661877
0.00021803347621668758
-0.001813933168412641
0.0014956553814590397
-0.0003181846693942706
-0.0018440423162673406
-0.002188881380311166
0.0011203618892542014
-0.00148639139156156
-0.0023694780735960988
-0.0005762389945721925
-0.0014645857915765402
-0.002251472946725705
-0.0008285174632863912
-0.0015023127216602123
-0.0019546680247119045
-0.0012499078739881407
-0.0017868728421775405
-0.0023191036257262003
-0.0020307673453300477
-0.001523930001892326
-0.0005229798697774227
-0.0020729668369180833
-0.0009224163441258394
-7.747132653847886e-05
1.8949676469028598e-05
-0.0023234866210197144
0.0003107823614950877
-0.0015500613491681295
-0.0004660488280360097
-0.0037283994206709094
-0.0018760646771456412
-0.0013864355898209593
-0.0038165035687687103
-0.0031793418447735953
-0.0018937255082021559
-0.0009884858020035396
-0.0038231533699628626
-0.0018669287829937496
-4.943015572355936e-05
0.0008084716450955906
-0.0009634596840647529
0.00016038760123953823
0.0004292410585803185
-5.634256142862833e-06
0.0002342077046688386
-1.2334385831094866e-05
-0.0007975898292514799
-0.0006496082705148559
-0.00012381566620487265
-0.0020068009651109035
-0.0011509258860407895
0.00023598790731062084
-0.0026618135822184035
-0.002134002089667031
-0.000250955043451476
-0.003609452943993054
-0.0017306926173218146
-0.00023011588036708498
0.0010915052617173056
-0.0023314691670496867
-0.0012641786421185334
-0.00042631093520231956
-0.003122633923297816
-0.0010340017631272124
-0.000180834059030464
-0.0021164517137987164
-0.0015059168224002427
-0.00032118749926332075
-0.001824301244986821
-0.0010210515147177504
-0.000831731668351805
-0.00011193213654640934
0.00019273817282654872
0.00034588698589426087
-0.0003489212712397381
-0.001385116682373196
-4.8704829950675744e-05
-0.0011910790621396101
-0.002623164758275482
0.0011562839045802767
-0.002617451806515845
-0.00015424377849371424
-0.0014576170872219933
-0.0034141051159803128
8.260336167038434e-05
0.00120664359650784
0.004103311491335246
0.015058135938664148
0.013643494949895734
0.019558000325730872
0.019807433179543865
0.01826637903468579
0.016486750970252945
0.017182318188813148
0.0142182755399665
0.010815751391459218
0.007045916308177707
0.0031964228980149345
1.5710381000317603e-05
-0.00015026332149474186
-0.0009376067297273578
-0.000469736461896063
-0.0006174431263712375
-3.243575267444856e-05
-0.0005717064631277231
0.0017628911936260953
0.0011568382469946334
0.003908962484775292
0.0020293548847576935
0.0003313710265341523
0.003799326976661294
0.0018948745635862679
6.557267963374746e-05
-0.0006457744424708501
0.00237095742138312
0.0024682575858798834
0.0008413502281915933
-0.0009599708618749954
0.00151115995592978
-8.661535570641687e-05
-0.0013833642702993458
0.00018227113904288966
-0.0006987622490222341
-0.0008008230486839516
-0.0005796398616332586
-0.0011859762344877693
-0.0013810381605751116
-0.0016900351058427826
-0.0016910349415929437
-0.0012785173719662662
-0.002465546393226271
-0.0019089938398513875
-0.0015668767642562148
-0.003225989685022387
-0.0021259715863738526
-0.0010587883968366076
-0.003588232563563529
-0.0026832873153709567
-0.002169809231384485
-0.0009323696420506323
-0.0010670200622560637
-0.003274192145148243
-0.001113786555262586
0.0011462261464470988
-0.0018665253724542002
-0.0002940437700627817
0.0009467207483806213
-0.0015803658004197626
-0.00016246943473170123
0.0006919151615451446
-0.0011443631685268492
0.00042003614046580776
0.0005118903276779887
0.00027446203154998095
0.00046300991765261867
0.0005595186991765875
-0.0004512991989857139
-0.0003182368024057513
-0.0013461317558530821
-0.003216766896304721
-0.0017679773430478564
-0.00047469504051218114
-0.0034882901590647204
-0.0021483404602044625
-0.00020762897201977975
-0.003510241214817083
0.0008687155170748349
-0.0003442973390851603
0.0013670452560312837
-0.0016238164453823297
-0.0005082284878318603
0.0009535486479143426
-0.0012543421717032127
-0.00012114196399706931
0.000924888820782949
-0.0006082495846171446
-0.0006008434048204375
0.0007144040332204572
0.000799016485141615
0.0003193330180612053
0.00033432488842962565
0.00013075548644289712
0.0006849960464881547
0.0003834352599095283
-0.00027597713960662775
-0.0008263085353702751
0.0018220006013836597
-0.0002183012877976653
-0.0009784085294677163
0.0019063156224614088
0.0004059910501898986
-0.00033248848195384243
0.0027097276971044105
0.0015009138815478564
0.0014749842576943495
-0.001342199669811657
0.002129447236225195
0.014783868545356264
0.012783560724730199
0.01230729443598264
0.013935299197406907
0.014560641939274975
0.012373587308631816
0.013397229418292054
0.008830715655814654
0.009693490644935581
0.006547963893201074
0.004171687898656445
0.00204895537773245
0.0021900315526980504
0.0016118334922221747
0.000985816552097308
0.0013615020610503745
-0.0006865223046510626
0.0018371398015265847
0.0001389974722224539
-0.0010386671862522517
-0.0026055447846473814
0.0004806996573933565
-0.0017726705911211788
0.0034046959316924056
-0.00022831934585962574
-0.002445979875604145
5.501433137685217e-05
-0.000835189230872247
-0.0022958104305323347
0.0008652744410410278
-0.0007257508163914366
-0.0007961760082505735
-0.0019530775088378795
-0.0006634498787109004
-0.001463341123382155
-0.0018676155850247595
-0.0014838334641835028
-0.0017032678999163197
-0.0016981404359226152
-0.0018451081267917351
-0.0026835703644675457
-0.0017155551931238408
-0.0033132913910980657
-0.00310140146205766
-0.0015810194108204648
-0.004007251983632214
-0.0023713449973593336
-0.0003845466388193312
0.0007002847015163161
0.0004731485166122158
-0.0037332703229203145
0.001004123973940277
-0.0017348653840232348
-0.0005400101273053506
0.0005152321937629853
-0.0024707859867998515
-0.000973516295487724
0.0006831650199713283
0.002200441515290023
0.0021161565264060725
0.0018886434462321066
0.000800613426269915
0.001764281060258801
0.0018008613720967832
0.0019636752755690014
0.0011843413289987772
0.00078697966259196
-0.0005713853644598988
-0.0009535096809505711
-0.0004953522089940296
0.00011982594167667389
-0.002394633113368616
-0.0018330336186996399
-0.00043087867216845993
-0.0032475896091824154
-0.001333808017101112
-0.0010985712479857424
-0.004888057698977869
-0.0003552242734571177
-0.0035444384175355513
-0.001790832431212122
-0.0006481812079800369
0.001036208977922093
-0.00145788629081332
0.00014945681110211027
0.0011042596498062125
0.00036230367366276047
-0.00037300270138780026
0.0009269014261058783
0.0011099512565134807
0.0008874931733714632
0.0010034848154644874
0.0008296581338486222
0.0005509711895782943
0.0017038980311813237
0.0015780412336424943
0.0009337663873349785
0.0032437037673347193
0.0019151046875248265
0.0013262382040237742
3.482176830764311e-05
0.0034261534626167174
0.0013177830176724543
-0.0004117346223513893
0.002821881059369556
0.0007911298296985629
0.0011967944129719706
0.0035902755071200473
0.011123279966848932
0.0116294338591004
0.012804915396907599
0.012542100774436704
0.013255303341397845
0.011071624150383914
0.011539947639619854
0.007650185276585786
0.004284531161969436
0.00468700011939385
-0.0024035159402802752
-0.0004899981096194572
-0.000569173083104866
-0.0002808205367412276
-0.0004847009720213668
0.0009966676378915067
-0.00026676202540345167
0.0015317037221287816
0.0012406889761341034
0.00013574161547471325
-0.0013534133320223759
0.002424247344381224
0.0007928225904930198
-0.0005095963356207559
-0.001815003880804857
0.002703571392176175
0.0007051962477562377
-0.0011985252873396033
0.0017215032309197769
-0.0006287316574576639
-0.0015186745584672427
0.0007269381671954174
-0.0005006728594008419
-0.0014178122630586825
-0.002259435391074629
-0.001122221521403219
-0.0018183030817084335
-0.0020533672802641634
-0.0019504493315180324
-0.0020857051460238755
-0.0017025534846430922
-0.0019495213164821645
-0.0009648988501217337
-0.002193445053881761
-0.0011104314196897227
-0.0029317049168874594
-0.002658838672309318
-0.0016190099838116405
-0.004465970216665762
-0.0033350438486106928
-0.0020026804232453005
0.0007769282609488517
-0.002186898975250382
0.0007046834090260332
-0.00245835880827943
-0.0006490698417179803
0.0007653847537106048
0.0015860042841616831
-0.0008300697734424955
0.00022182860937362464
-0.0018400728861671996
-0.0009976314488970533
-0.0008213107750038576
-0.0005114442669528319
-0.0007490489185054043
-0.000668373345400151
-0.0010855121977379274
-0.0008179269820484674
-0.001022752508951831
-0.003570151355769795
-0.0027339717902131345
-0.0014537717614976485
-0.0006938561048702133
-0.003422514517454971
-0.0022784045680527116
-0.0008349330351241632
-0.004174894392471292
-0.0037793367127384576
0.00035864205425160944
-0.002385154615788065
0.0003948467654600399
0.0009784667651096834
-0.0012251276578994616
-0.00047471685549239494
0.0005737889497162848
-0.0016909354565033446
0.000393105352201014
-0.020423026501410244
-0.023921959253430356
-0.023456622373295096
-0.023171347198262804
-0.01983564017409424
-0.01785553023998211
-0.01398284459902071
-0.009876584860773778
-0.009956148304554761
-0.00697466083387745
0.043924719150968315
0.04347897983616998
0.0604018400496339
0.07805498515370199
0.07574488795171315
0.09519753220176719
0.10006463242975294
0.09927083619950268
0.10152135361864277
0.10264430181957543
0.10252048794076948
0.09869661164736579
0.09317406233498471
0.09959097324253045
0.09219664511729767
0.08597844071947593
0.08605651937198373
0.07797977177108163
0.0717356473183363
0.07246882045202865
0.06413372842332998
0.05602302085662804
0.05556345088862625
0.05121000336080475
0.03585338076137196
0.052375302832669945
-0.049945052428433896
-0.03062919165023929
-0.14001173701391478
-0.22482344515466365
-0.29254185710777686
-0.33533227272196864
-0.39025889950261206
-0.25900976113487567
-0.09443723024964155
-0.05585569242995872
0.0113773083743626
-0.012627160557612314
0.10051552553091174
0.11444768431476572
0.11529903380082016
0.11526939707452995
0.11382901256654382
0.12374648278095861
0.10063549388720365
0.07324793283004026
0.0467735928111696
0.05217476168959739
0.03212166770764491
0.012473758446631929
0.016358579662282532
0.0048105067615768085
-0.006136923959317063
-0.0032875567817507324
-0.016292968352638066
-0.018080673145456846
-0.019651954883661664
-0.02083057089917873
-0.019618929601292107
-0.022813833501468254
-0.01856457048644606
-0.013964227482224298
-0.01753981231629577
-0.015712206444883723
-0.007615067370607043
-0.012062633737641366
-0.007333407822628466
-0.002622507923863887
-0.00853396181408933
-0.003179057517153285
-0.00048000964127797337
-0.003902567250339941
-0.002030600429650111
0.0009876035058887678
-0.00010511618731173072
-0.00159912400626878
0.0001009870823336889
0.0010472566686735205
0.001971858582741335
0.0019353249704731036
0.0019904344852260036
0.0017221762528015563
0.0003212749608685615
0.0002454911629450434
3.2402589936352704e-05
-0.002094833069597377
-0.001802656216162858
-8.841079074190113e-05
0.0007802332281119537
-0.0020032002741139274
-0.002164351337992272
-0.00039083231826403386
-0.004664432148914774
-0.004641372847598687
-0.005556833015161
-0.0060473317019609325
-0.010531992737701997
-0.010638711722268336
-0.01159642195536377
-0.016372325749667224
-0.01666945892957504
-0.020390109833303843
-0.02293735425952805
-0.02736855518308532
0.0039923796467681225
0.003730993530177316
0.006714065156643449
0.011800610341142007
0.015379989921670027
0.016762517762734273
0.014422887130502923
0.011850388643843487
0.01562243069836032
0.015801404612213143
0.007074771999625546
0.0028326996209743095
0.0067110903982431835
0.0017116340812389644
-0.001134288405632083
0.003089116346759777
-1.5745004108825282e-05
-0.001920363161003684
0.0013918635726553924
-0.0010381051070544323
-0.003183464724945316
0.0008188738884128568
-0.0008847781999649703
-0.00356746401045939
-0.0051469866626964724
-0.0024092694007301976
-0.0028553863880255697
-0.001659230214721162
-0.004551951054724483
-0.004091793781648479
-0.03319294210798061
-0.020873465568259728
0.006847960175856136
0.006004010338828109
0.006861467372940561
0.008163471892740993
0.009939047989052636
0.00702436151268807
0.010103737503577768
0.0073860320937187566
0.0050073393377400655
0.004595452457528319
0.007006125577503797
0.0006964117573743865
0.003341341985265712
0.0007464060990201788
-0.00272533632399478
-0.004461893532779451
-0.0018554375163224535
-0.0036482943086378434
-0.004380980049744296
-0.0033535051086660203
-0.004062152346603866
-0.004376089314472973
-0.0034518524778880165
-0.003459933526062312
-0.0031575999846930455
-0.0029310146304131813
-0.0025381645872859576
-0.002183341842535144
-0.0015596607975841136
-0.0009613227140305333
-0.001867237349557596
-0.001515010943754644
-0.0005202625699370599
-0.0026718340806896486
-0.0018523390469026102
-0.00109351107195462
-0.004002322651681996
-0.004747291405037453
-0.00045112804978125553
-0.003781755081697312
-0.0019173712574825424
0.0002374150615606655
-0.0022841393711435817
-0.0008217608272332465
0.0004423991647307114
-0.0011358748920445158
-0.0011303333086117701
0.00020319680999937692
-0.0012683570291721373
-0.0009526364179642451
0.00012407059898148927
-0.0003604446969919623
0.00020077929984309244
0.0009190603363249931
0.0011097994407114368
-0.0007309437833197475
0.0012788801395400386
-0.0010146922871184265
-9.748502097493359e-05
0.0006824415992797266
-0.0031088053629606143
-0.0013237579884406044
0.0001400002864386156
-0.0034686731225396935
-0.002000316647126626
-0.001161712407930217
-0.005020222398318847
-0.004011502348641641
-0.001750117044765834
-0.00014848008193571176
-0.0034546853872425495
-0.0014451399191960917
0.0003128618004845646
-0.0021902264656662373
-0.0005185736237704419
0.0004754346340252096
-0.0002921428270987593
0.00040521955734178027
6.221354667721032e-05
1.590064393085099e-05
-0.00029798723068546145
0.00034887469058933056
-0.00024579040892047486
-0.000989964089109948
0.00032496892049618234
-0.0024411564629223644
-0.001339515203893573
-0.0026858251650052033
-0.000781590252528749
-0.0019067456645426402
-0.002823337573667643
-0.0007615830051459964
-0.001066433437095188
-0.0022208432154182194
-0.003565439887252744
0.0006573271547854758
-0.001985738336468429
-0.0036504086165905208
-0.0015461969264555665
0.00015056124331656534
-0.0010452109170683782
-0.00043335118381942263
-0.0008082740854599366
-0.0006317987566573853
-0.002663862199466528
-0.0028298773970852247
-0.026167599723857543
-0.052372186879276444
-0.003300110290509939
-0.00282093987964219
-0.003133087001857917
-0.001925041410075476
0.0001549902284935086
-0.0004607526374647562
0.0031883446404980687
0.0010070915604798176
-0.0001413596355315285
-0.0013483712600177557
0.0018218420461870442
-5.0276345861863235e-05
-0.001421043711886046
0.0016693876652277139
0.00046305155056740056
-0.0020372290384480254
-0.0013886614352965048
-0.0025204095397357252
-0.00026600770360901666
-0.0016225293851015287
-0.0024601912915071956
-0.001236936701293396
-0.0020261233167646257
-0.00227752474413701
-0.0021489272822419955
-0.0021000802323196443
-0.0021191863492304374
-0.002527868941138189
-0.002557143610325112
-0.002170927779152692
-0.0015377471964321044
-0.0028812393218438123
-0.003188045727716087
-0.0015534023844582835
-0.003925042304960978
-0.0030153829961315102
-0.0011773018001666235
-0.004396304405676749
-0.0022612034257061763
-0.0007045383511282476
-0.0038647633453654396
-0.003977212654387042
-0.0015908600554213515
-0.0037315031702827833
-0.0022641263672614877
-0.0011713070734362416
-0.0039019665133723136
-0.002939991540661274
-0.0017312027031609093
-0.003923658853975844
-0.002295811692392808
-0.0009461322764977954
-0.001742414528534517
-0.0008957624986096354
-0.0005265569751311305
-0.0016374830400971857
-0.001061509761059481
-0.000779255080804467
-0.0031246772273804384
-0.002501780252400874
-0.0016109161178753917
-0.00018685536114559733
-0.0032485090500931064
0.00015765095319555077
-0.0032070079034592957
-0.001186628036460024
0.00038433114362039457
-0.003258940857837031
-0.001562037479262909
-0.0005651840797003477
0.0012481314520665571
0.0010544262605993123
-0.0008148117641483795
0.0009236160723969029
0.0017281411230605443
0.00019020593899119232
0.0010815113347660364
0.0015961095890932597
0.0010684935054849757
0.0014618593390234534
0.0016262040215681284
0.0012665828879710175
0.0023229690192526106
0.0020766767604694296
0.0007676111996793674
0.0033381917744510223
0.00234046483905455
0.0016535944787367438
0.0043523440064345475
0.003236456271615935
0.003630986190590147
0.006072392698744339
0.0018976144104527516
-0.000814816258847426
0.003098747531788484
0.0006886690971979981
-0.0015980769888580006
0.0021424299871105387
-0.0009180213457985927
-0.0017575288322951772
-0.0020445895750611275
-0.000547100885346053
-0.002296299752603599
-0.0035638453468811028
-0.001294580831885369
-0.0025968053897364863
-0.003930639114355459
-0.003292396547874009
-0.004003193576222519
-0.033605470836795145
0.0003919817389663542
0.00047251374774899747
0.0006248677634388219
0.0009650616030453694
0.002859593420134314
0.0029910596545761415
0.0006199537964351455
0.004645553597373422
-0.00013024391168350865
0.0023219829421651022
0.0012862303216235524
-0.00037691945067719156
0.0024369489471995245
0.000860055368951108
-0.001230306475500562
0.002454521529088342
0.0008437637441047493
-0.00048473213644631695
0.001971868020593695
-0.0002242954055812427
-0.0013720217486467852
-0.0024828028215085137
-0.0007960891578967126
-0.0016150815277598297
-0.0022065979548713866
-0.001512670297087568
-0.0016278671501282654
-0.0022064769329097054
-0.001309374705862405
-0.002801109709214626
-0.002172886544931996
-0.0007617458238425331
-0.00020882374348506357
-0.0019351125558462713
-0.0012574674780766195
-0.0017008521499558712
-0.002434006292840093
-0.00043750356512212087
0.0005075432880222153
-0.0023446257011335687
-0.0005344470668037236
0.00106268281556521
0.0025319773173462347
-0.0006642889554863477
0.0007470911823418445
0.001059162452804174
-0.0010227430430874691
0.0016526291880688525
-0.00013742395544934477
0.00013669987315736848
0.0008856099600835216
-0.00023546861701678794
0.0006701499249357562
0.0008997175085771953
0.00079391170453733
0.0003860078246020516
-1.4091758333179315e-05
0.00030121791475401396
-0.001580838202731774
-0.000702267742649877
-0.000303721673625176
-0.0030338138517040487
-0.0019744817330048167
-0.0007205312270460642
-0.004831997278484687
-0.004852708911943935
-0.008393099591500067
-0.0009783277518983782
0.0012302444359408786
-0.002296505848775759
-0.0007961900481978549
0.0010872263457080786
-0.001448878788826666
5.26817291555183e-05
0.001213775845651267
-0.0008748027756383529
-0.0003177460787887139
0.00026321910271342525
-0.0009480588985970268
-0.0006957868618924783
-0.0006404095671266006
-0.0004792529506827693
-0.0006532856940885969
-0.0003241468721174628
-0.0005326680956045802
-0.0006659368616308038
-0.0014206202853964942
0.00046374632578507417
-0.00023060652897871956
-0.0006512423041085387
-0.00123552420265946
0.0012528869874453383
-0.0004995154484931132
0.002298945266501868
0.000872497629515253
-0.0007447230312470581
-0.0029140086634746303
0.0019448454551716002
0.00037652530723232666
8.708871236866719e-05
0.0007174160139347499
-0.0009771867869887631
0.00040314416728922634
-0.0003850954615737507
-0.001152231988240113
-0.001677921724365515
-0.0006863521773583428
-0.0031843950981900976
-0.005862004061842944
-0.0046097814827266905
-0.005812681454780114
-0.004214017506237243
-0.0037954787255133735
-0.0025008791480082425
-0.001861462390108307
-0.00020962565786265415
0.00012126003352286961
-0.0004912998325042196
3.0503540419139498e-05
0.0045520432107032435
0.0007181044672100871
-0.0003447228399171286
0.0028557555827415392
0.0004058042796247511
-0.0007477721526800436
0.0022597746909578903
0.0017312554934481655
0.0004984095488946269
-0.0007899413854931827
0.001365041672032623
0.0005007080285439233
-0.0007434471575185773
-0.0015512072613553549
-0.000488491165343361
-0.0011366089967060316
-0.0017985622212488349
-0.002043299776745617
-0.0020531285317353445
-0.002634676208438521
-0.0025956684340262496
-0.002119400698280639
-0.0014784497310722114
-0.0032240055311170213
-0.0030684555775956066
-0.0018625400168429758
-0.004236067496730776
-0.0033364636500049882
-0.001331465100582861
-0.004439861726896618
-0.003474696068925259
-0.0004684196454586465
0.0003341646921808873
-0.0031008171487923587
-0.0013661791425816697
-0.0003768243636555172
-0.004036057668572339
-0.0013156453666808745
-0.003586635010665911
-0.0029180072606123115
-0.0010038152687208805
-0.0029783654115219283
-0.001362417720025741
0.0001639544593414172
0.0004676528522857411
0.00040069642355780843
-0.0003940761847615202
-7.5509158587852e-05
9.389590687418212e-05
-0.0020727454838318092
-0.0015564204831855575
0.00011021126937784008
-0.0028466637619459258
-0.002053650148068242
-0.0032794997284404295
0.00033654673503508603
-0.0035998276217017997
-0.0023344013956583557
-0.00016021246337222418
0.001538939366508575
-0.0006343803078990254
0.0009810732364096048
0.0005216473217157973
-0.0031174712231351767
0.002641886758912125
0.0027688720243981314
0.002176442223261469
0.002407595742723847
0.0023327597962941407
0.0024366194093146934
0.0024019150088382805
0.0022011190757490044
0.0028993015455119064
0.0022339232334373537
0.0014194608018884356
0.00037618292284633865
0.002248671526145116
0.0008722081153360198
-0.00014165854508616158
-0.0008073564399507326
0.0031610618531364553
-0.002079524215513102
-4.3900501713984787e-05
-8.589370823126232e-05
0.0026496499192000984
0.0018429872612226402
0.001168441953278364
-0.0006623325970041561
0.004307163010116831
0.0033907174453187607
0.0005143829160436475
0.0047373970159637945
0.0034664473874197925
0.0031251491526591577
0.004316628995700477
0.0033269084558723776
0.002763192287802479
0.0016290093905215802
0.001708233199612585
-0.022070001456695316
-0.00035662936860337153
0.0015388315324616514
0.0011156961480297883
0.00288049867676368
0.0017460092618376878
0.000786940250808528
-0.00024679789815505536
0.002369126416587373
0.00034433393001112583
0.0037121113376210207
0.0016043670451560946
0.00040456072999377413
-0.0007527453488004237
0.002608622556043337
0.000764242268562436
-0.0008604372747765365
-0.0017663094839940063
0.0011403799464323535
-0.0007221728265945939
-0.0018315658323556723
0.0003516736124567908
-0.00112869258645822
-0.0021948417941782252
-0.0009553829712524153
-0.0017583050656789587
-0.001708678793959589
-0.0019781923612730147
-0.0022109058006352677
-0.0021674798074215454
-0.0017722835460908678
-0.0024181100369028226
-0.0021241356261035046
-0.0013094131886719799
-0.0028551029642970844
-0.0031207831663692637
-0.003159399425875127
-0.001484303823142588
-0.004180366859713917
-0.0029051255331738893
-0.0014120860446180455
0.0008648467035754228
-0.002139107947037163
-0.0006495397546642448
-0.0011630058080114363
-0.004048627386502981
-0.0007914619416547663
-0.0002635148700564186
-0.0028572481199747746
-0.0019338153966725752
-0.00035020454223375324
0.0004855541358378757
-0.0008141876039634985
0.0002847802893332264
-0.00024271509941730388
0.0005171015102034028
-0.0001799709288710874
0.00021558267650979943
-0.001560403233268134
-0.001033086443787009
2.7693909786666902e-05
-0.0026976563785312316
-0.0022605428053676783
-0.001697499724827405
-0.0041972930458377055
-0.0012209750502408623
-0.00033921406695242424
0.0013764170443497249
-0.0016383161210915924
8.924932866521054e-05
0.0013708255852075276
-0.00019849197459506434
0.0007811456348892923
-0.0016912483716895398
-0.00020243779997497114
0.0009863612613543247
-0.0008282914396252294
0.00026377832320481967
0.0008540463778180322
0.0010297616697843234
0.0005132406289985425
0.0008139288495742419
0.0014272849942720083
0.0007613613592675789
0.0018691371438147467
0.001197592450485058
0.0003797932877472891
0.0022380824898144917
0.0012970244630991603
0.00039691759382152857
0.00020053227407828265
0.0032819954621072637
-0.0015033194752275786
0.0008858624918876163
0.00013000691729518016
0.001923892927488104
0.00361763771356158
0.0026095493304220574
0.0027077941844724698
0.004428336826269964
0.004247591515594921
0.004658018156916583
0.0028234255427009706
0.005403910637374723
0.0032525528555867613
0.0015226450566539842
0.0021169954070462274
-0.00041833004270383603
-0.002934705192435376
-0.004039099866386558
-0.004328339496784392
-0.003800496265256732
-0.00335054448284547
-0.0034011636035124995
-0.001408765471746742
-0.0013594954885828901
-0.001850697555617785
0.0010538824713826563
0.0011527370246429505
-0.0012094825417461254
0.0014842277130868735
0.00035639752956357663
0.003439306028756682
0.0018381396261813751
0.00029378256344528004
-0.0006158867670867533
0.0022016779026880666
0.00047432396185245014
-0.0012409858221802562
0.002214194570292158
-0.0005480842765815327
-0.001981431429582157
-0.000466782397703554
-0.001719578537641145
-0.0023820037365494665
-0.0022720222351013523
-0.0022419377972836495
-0.0021474259741258504
-0.001846421937614951
-0.00362832622350851
-0.0030132555823632664
-0.0043472936049994615
-0.003290059541498939
-0.0014170743430530024
-0.0044913418716320316
-0.002363344340957555
-5.325616158791881e-05
0.0013511908513884644
0.002419121840748073
-0.005212128207730035
0.0012637682817955578
0.0018193884476321502
0.002203838794936573
-0.0004731914740977776
0.00010154665572413953
0.0014347997236062824
-0.0013157352503605417
-0.0010530736770060045
0.0003645458384421785
-0.0014650457524886256
-0.0008454721979470616
-0.00030735538082433305
-0.0012551065775571206
-0.00045801179005360585
-0.0004265228137841712
-0.0008324620239126749
-0.0015952185438971884
-0.0009155082190724517
-0.0022907981012313
-0.0018164014689976307
-0.0011467582668499184
-0.00041183984039635976
-0.002534792086320498
-0.00168398888257093
-7.307221667839077e-05
-0.0032601124111640636
-0.0023624202026016872
-0.0042824551077912465
-0.0022770805452155
-0.0008964730113200668
-0.0037099425227276684
-0.0022582577390128002
-0.000865278475195542
-0.003463405051419897
-0.002144151821697145
-0.0013557418594220274
-0.00014675434383533152
0.00038141441453989786
-0.0005222670955600749
0.00028335571182569686
0.0005631226592560411
0.0005467811556229181
0.000930439586623215
0.0011994917922205667
0.000489011522328504
0.0015008327274650196
0.0007392281565470855
-0.000586987153613281
0.0013806065743953372
0.000623417420148457
-0.0011626260631349922
0.0015623879305867107
0.000535931463016592
-0.00022765784822130155
-0.0010619235552746808
0.0019882105113593657
0.0009213953136342238
0.0037759992443568862
0.006032129442497209
0.005090259867082765
0.003197679751816608
0.005104133866895885
0.008700463323606371
0.0052648865297934885
0.006450968390312899
0.0048957886848696825
0.0034511849374535674
0.0015727946363311546
0.001669372601670427
-0.020420923526965628
0.002975911731628359
-0.0005237445944270913
0.0007981130348473595
-0.00027272377780467993
0.001595913118732446
0.0008719561374769726
-0.00039470450391799827
0.0021309059930253995
0.0013435625088402373
-0.00016953588236552164
-0.0016094793071410052
0.0032542974319890307
0.0011395650023061745
-0.0003870880189747249
0.002735987345273492
0.001647432178082157
0.00019677636626590925
0.0029765270431995464
0.0009400788378090123
0.0020473116262127644
-0.00123372952030073
-0.0019035109478661976
-0.0009905553180705004
-0.0017195394398160791
-0.002130505705291181
-0.0020663637795189644
-0.002263651202140215
-0.002352544737965605
-0.0020688866755087867
-0.0030641864830993166
-0.0027647883324930533
-0.00225170065770757
-0.001099541334138328
-0.002962933447121629
-0.0017241929623881486
-0.0003941303836283303
0.000198275830085761
-0.0015837421623996631
-0.0035312252052748195
-0.0020719774800654275
-0.0003275217519583584
0.0006775462926312056
-0.00204572419895592
-0.001236198404481001
-5.7031874230190996e-05
-0.003305852699565732
-0.0032447247175708704
-0.00195124569455534
-0.0008592520124714858
-0.002760923100476023
-0.0012463581213721369
0.00026259419732506704
0.0006236364257433017
0.0006542586550898153
0.0001937115308642767
1.6220705097923743e-05
-0.0011168246893424412
-0.0009750446401082227
-0.00044560199431650826
-0.00011565198003611939
-0.002527584790573488
-0.0018823391559919694
-0.000673810705351949
-0.004690729132760766
-0.0025478092006904424
0.0004912925485447762
-0.0028774343409330772
-0.0006674408379186422
0.0011349042860996827
-0.001999939696062772
-0.00014291171332329853
0.00048338858557778056
-0.0018086137838904891
-0.0013750716321303828
-0.00043206054952316667
-0.001779806841687799
-0.0009945440704783822
-0.00034263790635924674
-0.0010830071469712828
-0.0006036801965343348
-0.0003830510713152689
-0.0003430237455286358
0.0004161244470895754
0.0003548956245612453
0.0011205896989248043
0.00042805864834974893
9.816073073750105e-05
0.0018995139473623936
0.0012921005350341726
0.00046757802038859935
-3.239363784534819e-05
0.0023035172305629703
0.001372382593661945
-1.1687200233813108e-05
0.0036146904012812494
0.0019085599027923498
0.00351644007389067
0.005426900638453169
0.0010768495542734684
0.00031324392778630736
0.0021780969599792662
0.0034446645492568887
0.002515208427411602
0.0029246766056070564
0.002626898480950931
0.0005085847190621678
0.0002766209116187427
-0.0014277992607595205
-0.0007170949413661482
-0.0012713832042572297
-0.00014503860679888572
-0.00016393704911725476
-0.0008142306892217126
0.0014938314225804176
0.00046457511702585505
-0.0002617712002814213
0.002922564873497366
0.00031893095583299835
0.004001092562335717
0.001006753989522868
0.0043711499334260825
0.0032355699060895066
0.0019931465956083707
0.00015608347907878468
0.00287211615132779
0.0010854771129288425
0.0006267808750192032
-0.0010822759550432823
-3.0065238100665453e-05
-0.001009633192106054
-9.753554511599986e-05
-0.0008522227286485098
-0.0012159417476164326
-0.001198770685093468
-0.001594887377417991
-0.0017511043264773834
-0.0012839884628727833
-0.0025906018142819757
-0.0018311738323065108
-0.0008504524934620678
-0.002634339673564115
-0.0019452218192046054
-0.0008985433106870698
-0.003616639862619621
-0.0018902717517549528
-0.0004904097491402978
-0.0037342555393993946
-2.8646257478346552e-05
-0.003393047262603405
-0.0016940882413548572
0.00045634483732647413
0.0019882311363575603
-0.0004991354571660689
2.0735411404860344e-05
0.0011973364546165584
0.0006370360694119962
-0.001223303201282098
-0.0002885788605235931
-3.5529029300006084e-05
5.239087966338724e-05
-4.679749428427562e-05
-0.0002441829132973203
-0.0003719551151227
-0.0016613249626020543
-0.001782877429203266
-0.0044535307328194
-0.0011698256086143022
-0.0034144633687171067
-0.0032895089875629143
-0.0019789371867005344
-0.0010080499275367208
-0.0037295669241652085
-0.0023061665804368996
-0.002340458551004385
0.0005963314103770074
-0.0023779017707265845
-3.109272327800589e-05
0.0018322121805326062
-0.001455637309441073
0.00034228540669583186
0.001510329945480248
-0.000573910870380922
-0.0007639309512868246
-0.00017687207911098213
0.0004653850895426489
0.000673742064123936
0.00013238450506069234
0.000517875880107893
0.00038022389515842884
0.0011051807084712577
0.0007140114819645588
-2.8707069007593175e-06
0.001707964078785191
0.0005191533324994318
0.002530405883946046
0.001888684478208953
0.0011576720467915908
-0.00041765077027699886
0.0024591215566373502
0.0012031609506708894
-0.0008137116602640284
0.000857297563160441
0.006375006876012738
0.004123366052152491
0.0023456926305698623
0.004849847446618198
0.003380659369167456
0.0008133760785044574
0.005770297835347308
0.0036303052572710377
0.002916004600841392
0.00035960032298454147
0.0014442694189506513
-3.062423402754307e-06
-0.0015418449552149801
-0.0015322802985850484
-0.030008684238563146
-0.0021342438801653205
-0.001978918666118334
-0.0012477023539109876
0.0003345218832916706
-0.0011191548601181172
0.0009769470996467235
0.0003096144859826291
-0.000564841836478552
0.002194237746503863
0.0008372063292175111
-0.0007307700790713366
0.003522164151172376
0.00221410557733004
-0.0013117060283642716
0.0014640611022865189
-9.393867318568056e-06
-0.0015023863370663367
0.001064201820679783
0.0001843418091332105
-0.0006152856709172028
-0.0014631637439574514
-0.0003271801979867152
0.001541608148124742
-0.0002639328077284415
-0.0010451368350012369
-0.0014856615853229898
-0.0010745651449535923
-0.0013958823005052635
-0.0014267435753880222
-0.0021530704448015927
-0.0006374004879317038
-0.0019175159317579625
-0.0012763682904655205
1.7914909434469167e-05
-0.0025047120862862265
-0.0008231588185451908
-2.8884414289456717e-05
-0.0025796069191789507
-0.0030749019281454556
-0.002020263783795434
-0.0008604360848503829
-0.0034611895849373585
-0.0032272220422871986
-0.0019502606207255095
-0.005258861872977465
-0.003425822191445895
-0.0018219008703164146
0.00023467716423058608
-0.0020261553226376705
-0.0005306783442699183
0.000563499687161002
-0.0004066439648560831
0.0002803097530154664
0.0004349184944289866
0.00019637598996696183
-0.0012128488044015758
-0.001250869238334071
-0.0005070644173297218
-0.0028276907891188795
-0.0025052939464860597
-0.0010193133162952602
-0.004069187269356564
-0.0021713182066329154
-0.00172563813328557
-0.0003737934366329883
-0.0038228349344188585
-0.0007216901445003029
-0.004838648624687243
0.00036966876550700227
-0.0027516898119676813
-0.00066843023685325
0.0003933480987490174
-0.0017058375300293077
-0.000875053669870021
0.000259335095477656
-0.00026718718166160297
-0.0013689012781038187
0.000499555966459143
0.00044438024871048696
0.0004611535497105989
0.0002950444353285545
5.261079832500289e-05
-0.00026212223616799303
0.0006921678245179435
-0.0004920330800950884
0.0023053368023779426
-0.00012654387627490383
0.002115161834362269
0.00151812792556681
0.00032466620059035676
-0.0006558183757418089
0.0026413899057466583
0.000707098265416025
-0.0007849722139954729
0.0045970443189925474
-0.00027699409671884243
0.0015207872647894846
0.0009372269754763503
0.0005422097754411236
0.010482486779970285
0.008261657623363394
0.008392372968662761
0.007736846358623288
0.005090942583608238
0.005638693814912915
0.0038734076642465425
0.004564741184621948
0.0020686967818726414
-0.0006700756412388839
-0.01138019097903269
-0.0034075013966836923
-0.002281729939914329
-0.001802093036661558
-0.002141272968966698
-3.5893275302461034e-05
-0.0007403178394646225
-0.0014634103784006691
0.001376941681919735
0.0005764334032874687
-0.00048495855722559337
0.002855275834376595
0.0020475449950135703
0.0002796011961341888
-0.0010612961453414166
0.0022215619315081297
0.00015777521653429343
-0.0018005928230406774
0.0009864101833934559
-0.000616460091116174
-0.0016258724759329619
-0.00029618535933845626
-0.0013987360958730057
-0.0020782288683372056
-0.0013229428280725599
-0.0016409947804512384
-0.0017053538952907284
-0.001570404275364867
-0.0015821840738796322
-0.0012144868191501148
-0.0007006763668426147
-0.00229733007373794
-0.002043726784361827
-0.0005843529525001221
-0.002512477438283325
-0.001565934138574901
-0.0008247346307096913
8.333682357243331e-07
-0.002441450773826254
-0.0014283802725359742
-0.004727692186357391
-0.0024709495775124754
0.00033693135961671293
-0.003592549174525851
-0.0012386065741277787
0.0010037313029589191
-0.002103834459663808
-0.0006815818531075118
0.0006563629739840157
0.0019963880221694854
-0.0009561199832981822
0.00127401459191524
0.0014755417798792522
0.0007327616640178753
0.0009154532925215939
0.0005704715273944799
0.0006263966087509937
-0.0003570563977248929
-0.0008159836551622421
-0.0022265872692883693
-0.0021008538419559474
-0.0013503891882352245
-0.0040628404932566
-0.0028486155111498443
-0.0012870241343435013
-8.22079247081705e-05
-0.0034353729520610592
-0.0026068563758870735
-0.0018394506503062204
-0.000720969147959919
-0.0027711697418140425
-0.0013942868099589766
-0.0005609932700094426
-0.003398001718566198
-0.001639179628669463
0.0001809704450057367
-0.002704834530009386
0.0008808685811350289
0.001300619079666456
0.0005507482713433284
0.0010980779091707077
0.0015446390202142751
0.0016097031437157993
0.0013518969981145615
0.0013229090925600349
0.0019038255432952873
0.0011896165934932306
0.000690502273199106
7.505805840380306e-05
0.0014715660356731117
0.0009513236498389497
0.00014476173064983453
2.8052741716998515e-05
0.003388189734241924
0.0005536993529328805
0.003950015912873073
0.0005476575302238728
-0.0018567938419083165
0.001442455049785105
-0.0008745091967507787
0.00019595527638784042
0.0019249448910863168
0.0010404848361106344
0.006765874088296237
0.00556742794357253
0.005717508958296361
0.005287135755979143
0.00442338952696119
0.004811888211891222
0.003512327668610167
0.0013726241807343871
0.001184668011075476
-0.00042416367705178044
-0.000956056784731058
-0.001353789662247955
2.6254020671860965e-05
-0.0006265505001925404
-0.001697831365836175
0.0007147347350088092
-0.000327726848024633
-0.0012432716294524368
0.001940558840441284
0.000319118687570691
-0.0005898189274746366
0.0032084088469409907
-0.0006421663669564157
-0.0015961544136574254
0.002208796661406938
0.0003869405348884305
-0.001243228180402926
0.001592421233755963
-0.00024609709287709623
-0.0009375154794717619
0.0009991027277400988
-0.0009790126431392676
-0.0014324506833585926
-0.0021394136835109316
-0.0010651425498369941
-0.0016110914343249604
-0.0016977164693019091
-0.0018720104050939316
-0.001825444566576384
-0.0010023815324572637
-0.002031450873328729
-0.0015828362682737092
-0.0006269139151106576
-0.0021393955609959876
-0.0016457744432454287
-0.0004736923854420044
5.319264151334995e-05
-0.0028408865493666025
-0.0012283516395061454
-0.004133544462662595
-0.0030315882738150383
-0.0009389936714289284
0.0007892021339972567
-0.0031582476239791595
-0.0006714823236572734
0.001922949500037027
-0.0016064621360166785
0.003366949202913164
0.001577078445101481
0.0021705839188304278
0.002730123929238911
0.0016327953617011992
0.0018499899267537896
0.0015431810650003554
0.0017163979355965466
0.0006161609709460304
-0.0001295470957025492
-0.0007015893978868907
-0.0008730466033487378
-0.0006680418331491006
-0.0033732669210686673
-0.0027236231199008316
-0.0008808950389904777
-0.0046182431424576795
-0.004197143055741832
-0.002903668719490496
-0.001441891981318405
0.0001672134267406117
-0.0034054916256955263
-0.002365185590693364
-0.0009738899973223506
-3.755980667848842e-05
-0.002314138182886746
-0.0009012608395233777
0.0004389451449456477
-0.0015722398064296195
-0.0006689098673695001
0.0011521949817856522
0.00042245540614892983
0.0008323591874789024
0.0007295282093593972
0.0011246833284780885
0.0010013918285925703
0.00023122974164647308
-0.0004391707243733482
0.003119023023435081
-0.00040343114404874336
0.0011235733560837932
0.00029674599451864913
-0.000862669217118265
0.0013541370278095388
0.00017354297905354651
-0.0006273116684055495
0.0023855865535400357
0.0007970317094421344
-0.00031856743731104454
0.005395657266234579
0.003506848638320183
0.0025970227701167577
0.007189082569229121
0.010214020368087565
0.008952803223756248
0.007530724613692618
0.008199536697544463
0.005668266781884129
0.0065417553387576485
0.0037421858863977767
0.0008644983183905557
0.0007710388588085406
-0.0017157583090171868
-0.002268623981906171
-0.0018361586403305838
-0.0007238381374910275
-0.0010968506384311642
-0.0020396059796434253
-0.0022698334942353403
0.000754482974746392
-0.0007065939564182126
-0.001546555583857851
0.0016895440710336291
0.0008593722772316926
0.0005211598943974393
0.0013690214128133373
-0.0006449335448083074
0.002009565763655968
0.0007217977260869791
-0.0008281030337623499
0.001946273468311734
-0.00029390065829076065
-0.0016220082725070465
-0.0018050551106105763
0.0005030190192800407
-0.0020719995305339537
-0.0016236247792478734
-0.0020707493582692235
-0.0022438208133134852
-0.0025617997815114797
-0.0026560180090442987
-0.002130488975467645
