0.593796197990629
0.5920650778722029
0.6407818529807008
0.675726331731812
0.6560798487604622
0.6433331385687122
0.667163737753786
0.625539298835672
0.6260494308116156
0.6114125415137323
0.6158792148603363
0.6001271704858568
0.5843014307950853
0.5835941409089304
0.5662817007710536
0.5502164681577767
0.52642837918429
0.5214007270840467
0.5045282297967566
0.5003070532276681
0.4838056556754077
0.46733434757209397
0.4630713157460159
0.4472311056277024
0.4314364329265199
0.4286162264622564
0.3986613059279023
0.3836349131551497
0.3810938065573715
0.36781071075744265
0.3536699994752614
0.3511012959369727
0.33798477282222644
0.325688706905652
0.31043373034523364
0.3067299064665861
0.2925699682456599
0.2809321576936189
0.28160503734527514
0.27015574034423157
0.259128299839811
0.25977520933137627
0.24860606083178535
0.23779260023397641
0.22371695585113682
0.22490084269753802
0.20873707839229794
0.19852905229647042
0.19965771733882037
0.18992925319996054
0.1796396333259361
0.18127643452443692
0.17102055878992198
0.16155672333607038
0.14959300411229856
0.1497777747358413
0.1394618213827354
0.12998076911152193
0.13147871014239979
0.12199168168252411
0.11286763486595192
0.11516009191488269
0.10625417031322276
0.09815722390899922
0.09987749301385108
0.0886107020433255
0.08030450254499032
0.08117815957515184
0.07345855781567524
0.06553842024489857
0.06641183762845197
0.0584566433777533
0.050271736379606344
0.04425465334469738
0.04772855183272801
0.028351522165675706
0.028351522165675706
0.0248868306478811
0.017192957555125093
0.01739092204445635
0.008786094400804285
0.0002510091384490727
9.07208732330058e-05
-0.01678037892866723
-0.016325534150045135
-0.025025436068835002
-0.033490226646198516
-0.03292306792391487
-0.04203576932353579
-0.05088801295964193
-0.05112187891357219
-0.059744156709099876
-0.0679505803809139
-0.0781900733666
-0.07669838538863728
-0.08659312512026317
-0.10230172602451833
-0.10077552619648675
-0.10848615141011946
-0.11619215832798419
-0.11503579081675482
-0.1221012669222057
-0.12945779261932855
-0.14038258376449503
-0.13913261925829168
-0.14720140660860298
-0.15559931877905778
-0.15558375705791003
-0.16171563104762327
-0.16356318882712936
-0.16185997857051404
-0.16255096992341558
-0.1564520946687959
-0.1495356623438871
-0.1500577584606144
-0.14297765145235003
-0.13568047034328404
-0.13613727664850186
-0.1288875315478365
-0.12196713980274614
-0.11272745420437687
-0.11305089443547317
-0.10573862769841348
-0.09854652543867704
-0.09882875440642058
-0.09162671398062522
-0.08483391387006978
-0.07819045419784983
-0.07850947123626643
-0.07099553293617178
-0.06459270471348953
-0.06465502114980563
-0.058437939585142054
-0.05237715577912229
-0.052472013092004624
-0.046504334913415046
-0.04081888001254145
-0.04095005293698127
-0.03238402741837965
-0.03271596496446022
-0.027280072598615455
-0.022241321518112648
-0.017245132454060164
-0.017513318588154945
-0.012508523561131604
-0.008023807849242325
-0.003411002219552855
-0.0034308381211627416
0.002775947493170606
0.002768643713765941
0.007252968590300833
0.006807691226486943
0.011317827579752228
0.01571815281470283
0.01540855234299485
0.019742663854910875
0.02405568416392372
0.028435296009622753
0.02776889769611886
0.032416978454215
0.03717761270606128
0.04196069805638167
0.041265547328534824
0.04634415785861201
0.051621948743347267
0.05084249782093553
0.056327795348006554
0.06167933065144229
0.06077967239687663
0.06644368043315681
0.07154763772963488
0.07085378781692275
0.07627260178709677
0.0816939203000295
0.08063008705238368
0.08575679057432382
0.09126704939933143
0.09006885452836848
0.09563391915283011
0.10115353571206444
0.10638500440771971
0.1051482207121926
0.11093271822148541
0.11669295368941435
0.11501228406567401
0.12305207750983416
0.12954918594217998
0.12798516599414125
0.13386266817487394
0.14127143805035283
0.13894857224033794
0.14586418443841728
0.14890039652629974
0.16466438097882463
0.16271623967872326
0.17002797998041172
0.17832922288265293
0.1864774652512917
0.1850813762958268
0.19447706271246956
0.2041671191351961
0.20143587331819124
0.21787852786402306
0.21599697751170072
0.2265415910056859
0.23787312111042672
0.23577331279225808
0.25099036461652785
0.2671909142552301
0.27038509116308473
0.2664970897477918
0.28803938907520094
0.28701935093332503
0.2984582841116517
0.3095732843565465
0.3081023918462345
0.3191842474902983
0.3307749299556468
0.3425256685026433
0.3489462818462373
0.3562164607276347
0.35569706067718776
0.3507376275119685
0.3401269341735216
0.34101854704355616
0.3294224920256196
0.3180703310498729
0.31956744900014356
0.3048135607646458
0.3063532735921143
0.29083401575080864
0.27900602171837935
0.28054350437984676
0.2683407607599642
0.2564265365975216
0.24541723894278447
0.24621058249008163
0.23322315922525022
0.2185647378327768
0.20755976512821833
0.20948964122344607
0.19805022830708002
0.18748423273075304
0.18891723826361387
0.1787635615274823
0.16986011592545605
0.17219439203494005
0.1585009125010921
0.14973496785760798
0.15087013945920302
0.14263573485178807
0.13439420087000095
0.13575034568240754
0.1276959753128318
0.12042384836535591
0.12156367665139399
0.11346284576339286
0.10609844784287197
0.1074462209411277
0.1003502898882628
0.09366546099946685
0.08691134954263431
0.07945112682400915
0.08040776799565137
0.07386401580200898
0.06745347611480224
0.06881880369689447
0.06251914137361261
0.05642551278357149
0.05774576452762879
0.051565996266117665
0.04528764125204622
0.04653574186735953
0.03719935585174584
0.031657573301844856
0.032825238851363854
0.026031270759980976
0.019552658445210633
0.02088154760988277
0.014554408957164675
0.00790903932595408
0.00849643950958111
0.0005818082369730701
-0.0051940079245047215
-0.0044631939122709895
-0.00964964311320675
-0.015246942515490955
-0.014292838287742462
-0.02776038159598537
-0.027284998507235637
-0.033185392482963205
-0.03234676165888314
-0.037993334950142156
-0.043789540050471816
-0.043071413526778866
-0.04895430518490441
-0.05510713798760345
-0.05440177945119494
-0.0597548679983385
-0.06779868814751329
-0.07424335526147804
-0.07266955108946034
-0.07937430838983159
-0.08615208489205138
-0.08527117265377501
-0.09206439111165256
-0.09980584872218703
-0.10859145113617102
-0.1076533648328497
-0.11888812221551173
-0.12555678140492524
-0.12499318882509505
-0.13310762262181625
-0.14171975073168952
-0.1415828953262867
-0.15000834781065284
-0.1577786522230074
-0.1708953403062659
-0.1696337731172729
-0.18504006450615562
-0.19120527706970009
-0.1902358291139179
-0.19805524167912475
-0.20645558640474754
-0.2146832762618372
-0.21321228334962328
-0.22569081985890813
-0.22381773282445355
-0.23472876759149902
-0.23654451818547365
-0.2393508923705733
-0.23924678268586164
-0.23160249225305665
-0.22311700783372967
-0.2139639484133873
-0.20447119095619928
-0.20537568624678923
-0.1955202352520334
-0.18594522398822488
-0.1768710620407992
-0.17705773025735794
-0.16754842816311516
-0.16870088209512943
-0.15589201856035234
-0.14569227335665258
-0.14624541265090854
-0.13766947484421885
-0.12925625623470613
-0.13005353331088018
-0.12177033109719969
-0.10634322604631449
-0.0985522757576901
-0.0991880275666185
-0.09182719438545046
-0.08469434933674196
-0.08538544826929476
-0.07845866249514605
-0.07171211457767877
-0.06562275333493199
-0.06619758864783361
-0.05559321437903591
-0.05628198856210144
-0.05058719116578908
-0.044841778153662026
-0.04560353075344336
-0.03995742442462725
-0.03434637780597403
-0.02904176747070493
-0.02407619619325166
-0.0252502299426533
-0.01553373943173364
-0.016291067022907012
-0.01111372331206506
-0.006123981434584211
-0.0070265584351650165
-0.0019413762891919094
0.0033259036738018583
0.008595833972049131
0.013481892906872768
0.019058619246393148
0.018187388989158587
0.023679904277276887
0.029683548701399408
0.02872133452108156
0.034934757488554166
0.04065596611359047
0.03972155216199143
0.04530237342586125
0.05128463257407482
0.05630498823156747
0.05545923092406541
0.06105495115285236
0.0662461154909407
0.06488573175570646
0.0703951116025433
0.07531645401209201
0.07405086764181726
0.08177399935535862
0.0804744373304966
0.08598420702469572
0.09123644566649655
0.09733484200262954
0.0955563662160382
0.10197778156707443
0.10814406091627408
0.1137284689610261
0.11219646553921181
0.12076895862501752
0.12796100993259543
0.134916140564128
0.13397621882248278
0.14167109633137978
0.14948876643919648
0.1480860664527801
0.15581135371202726
0.16992532658258436
0.1686916240038126
0.1787822127255638
0.1879015305092189
0.1973551281435886
0.19566098997729828
0.205801702803514
0.21578908390689727
0.2146711021273649
0.2245839176519868
0.23935449069435935
0.25065401956313765
0.2428991004084524
0.2573115864341241
0.26757603798756124
0.26614303263729394
0.2761495049917514
0.2861122909862809
0.2845750116644146
0.3013029776256296
0.3101276766991367
0.3085693693668225
0.315409642616228
0.3122859606165649
0.3142272555919117
0.30347416786823744
0.2915277855220288
0.29273111527262935
0.2756947338681993
0.2769610693134085
0.2653263661773201
0.25365431252971
0.2420730233459527
0.2436270724648628
0.23195147668043162
0.2207095179610156
0.20966842497584323
0.21131883809927257
0.20039364991501413
0.1897166328758904
0.19093402028792492
0.18043145073773317
0.17070151505766945
0.1718352554712192
0.16216461832933782
0.15211222799051408
0.14299932703303309
0.1441589296139412
0.13543817337923736
0.1269784923959818
0.12806862992586374
0.11987936129809941
0.11198135777600002
0.10516314712276305
0.09734134864252188
0.09768974377802701
0.09061636506965694
0.0915679174761211
0.0848098490254301
0.07814304237343479
0.07949117198746623
0.07320962619229093
0.06699363674711384
0.05936149873811512
0.06008329760990726
0.05260904763698647
0.05360099877171902
0.04754866145106717
0.04180089449561956
0.03626061470510787
0.036812972896497265
0.030885577413130454
0.026594734853380642
0.020597235862648187
0.014726785103746321
0.008316603822544613
0.009609179158596787
0.0030356511811540096
-0.0032761088249565013
-0.008714036752496492
-0.014031668043575888
-0.013116727181696753
-0.018445675660477643
-0.02431113359360229
-0.029416791533124303
-0.028730767669787383
-0.034007635098975086
-0.039494649776622204
-0.03844848485311623
-0.04361992371094962
-0.05083078386841724
-0.05032691375903027
-0.05621425584907938
-0.06170987872309335
-0.060646372675623846
-0.06663964578802543
-0.07288592302668664
-0.0718804482991245
-0.0787693681667823
-0.3770593391669946
-0.36161320747145287
-0.36718870615765836
-0.3759138737790549
-0.3920537843205268
-0.4017698054559895
-0.40859457749734795
-0.4159307725157786
-0.4216449951250796
-0.4281449228139841
-0.4069264717357781
-0.40836138594231647
-0.4130513917102515
-0.41746043180113573
-0.41815280085204143
-0.42237815180378135
-0.426660317164072
-0.42627622671541193
-0.4312707478994118
-0.4367031691554457
-0.4359798798077486
-0.4444397498248571
-0.45128233365022563
-0.44285652550139487
-0.45399281132262265
-0.4614607181070871
-0.459155728309654
-0.4679724638647128
-0.47697326078702557
-0.47490406654875383
-0.4867300573128274
-0.4973052386885812
-0.49570043447444423
-0.5028550710363285
-0.5086514453166754
-0.5076795875362972
-0.5085619425232137
-0.5094963627220623
-0.50827589408174
-0.509227998357393
-0.5546753636377568
-0.5224697444420122
-0.5083403631546535
-0.5371744422217309
-0.45560047813810955
-0.43545614914390895
-0.4227399984725882
-0.4281915704761806
-0.40744197716768493
-0.3935170419452306
-0.3972841866589675
-0.38535711575180137
-0.37353229029146623
-0.3782720236259134
-0.3663345523733806
-0.35430896229357706
-0.3435230596447488
-0.3455956626921743
-0.33533518375241517
-0.32600565869402365
-0.3293500035199315
-0.3187615578435909
-0.30952552737937417
-0.3132273152609547
-0.3048019275841667
-0.2929464498795706
-0.29896187996735035
-0.2850920570592355
-0.2771218676099147
-0.2805747624088933
-0.2716634831422894
-0.2634858181843309
-0.26653026456046797
-0.25988539221536106
-0.2452081541673828
-0.24785708059494332
-0.24132353643154683
-0.2342343309635862
-0.23807916588637656
-0.2306859745981198
-0.22435794740126067
-0.227702711472742
-0.22149603975768084
-0.2117381814991053
-0.2095459240341166
-0.2109832705505198
-0.20522090871391033
-0.20065605140926374
-0.19574087335927162
-0.19708378320941272
-0.1918938962525652
-0.18767545230218197
-0.18946567785093604
-0.18478721988419086
-0.18081759214276902
-0.18198874751950056
-0.17852504739538058
-0.17484632318594817
-0.17152663005685267
-0.17143232050161342
-0.16861003694553753
-0.16550585756154457
-0.16510300683135828
-0.1610047662425556
-0.1569575315242979
-0.15357322564973058
-0.15146128585341911
-0.14762910907840807
-0.14394331927944565
-0.14049865301483258
-0.1362269836521822
-0.1304453412460225
-0.1252267099679293
-0.12121986393599747
-0.1296017347749517
-0.1271172789064929
-0.12472872486318107
-0.12248250201871543
-0.12096527455995083
-0.11955244526739289
-0.11827807078009415
-0.11751054276487491
-0.11375086577429958
-0.10944643494618514
-0.1101398003153025
-0.10912488209477236
-0.10608132612025203
-0.10524268361690045
-0.10431264453566146
-0.10066537128679615
-0.09965664626952918
-0.09989900974158189
-0.09639227279372169
-0.09667277494619764
-0.09786771836035149
-0.09410657129985674
-0.09398851257237732
-0.09536118977073631
-0.09634130203267695
-0.0933744448250411
-0.09408135403892134
-0.09264173308402959
-0.09736919494379993
-0.09725650245749563
-0.08076130105939947
-0.08383964953393692
-0.11031967839972291
-0.09480599913040129
-0.09439742732636548
-0.0946730598913255
-0.09466086029424124
-0.09532835359450331
-0.09535531069986312
-0.09649445408634125
-0.09785844376314952
-0.10439022773395708
-0.1078235397643595
-0.10381538805295808
-0.10746905938920086
-0.10776102997876691
-0.10705500249216553
-0.1064262304162361
-0.1098704877592883
-0.10959158603547324
-0.1110379178775046
-0.11231575966373762
-0.11329181510240337
-0.11450268226407709
-0.1166140331085537
-0.118146260618561
-0.11921147866296132
-0.12243115899294786
-0.1230491924033356
-0.12402154152727642
-0.12514167431966314
-0.12687441500302366
-0.12982530887175953
-0.12995707842411244
-0.1305372362168457
-0.13268494217862414
-0.13365875614349065
-0.13464626527577417
-0.13594830651678244
-0.13786205814032693
-0.1391291930958396
-0.13978138244537786
-0.1411772169155538
-0.14272846333886455
-0.14396150470958508
-0.14528449505080399
-0.1468456472186736
-0.14720565737330552
-0.14868148926794203
-0.1529285040661216
-0.15156879542874868
-0.15461245322282346
-0.15816631168242795
-0.15635097029151415
-0.16053130496699877
-0.16482405927851346
-0.16843074618199447
-0.16768698801046092
-0.17277957790489012
-0.17182808978114603
-0.1754428315491816
-0.179360509196376
-0.1773430877157578
-0.1817637933975801
-0.18614487603003033
-0.18456501661916463
-0.18895794138707045
-0.19315586640390434
-0.1905776692893687
-0.19479256762257668
-0.20072571400816494
-0.2053599552491901
-0.20242857872667638
-0.20846000845789278
-0.2149835329749191
-0.21208987829909523
-0.218607712797077
-0.22571351072928844
-0.23000104101453395
-0.23988289209132618
-0.23655783852388407
-0.2447647037548715
-0.2531454729174124
-0.2485250343182448
-0.25781093384839526
-0.2677280116773401
-0.26382743731363545
-0.28601146285996903
-0.28440753080281567
-0.29556538065739646
-0.29248318238478205
-0.3035107568662402
-0.31549502783340466
-0.3122888224720736
-0.3241386872036279
-0.3362201876418543
-0.3527570062935125
-0.3567183201578174
-0.36545390623613855
-0.38020234154603894
-0.3770418808786765
-0.39496718170123835
-0.4066695353964768
-0.40289120644457227
-0.4177662855034274
-0.43097150141018603
-0.45195493920467905
-0.4489392075436424
-0.4704149361264941
-0.4710508242537979
-0.44161817297870337
-0.44229148476107666
-0.42940174333382614
-0.41693005929758525
-0.41789607307133947
-0.4059352588374002
-0.4099359615686056
-0.3898142620803263
-0.3775967671196924
-0.3652801651669277
-0.3676155058185725
-0.35546661980647265
-0.34358692369181987
-0.34602110231487426
-0.334135163932973
-0.3130184748418321
-0.3132527704344115
-0.3023037641142583
-0.3052068705751379
-0.29422845909130035
-0.2839155070228046
-0.28618016921779305
-0.27471374093422696
-0.2646001695898973
-0.2547709139335586
-0.2566203868505421
-0.24426215045818592
-0.24678334168249158
-0.23711164856262174
-0.2274512174397902
-0.21873297069816103
-0.22039066275605593
-0.21213966459232825
-0.20012767111568852
-0.20197006939624354
-0.19391557140964794
-0.18542650790620013
-0.1877961980759456
-0.1795287836211301
-0.17196456592816772
-0.17399775192086692
-0.16667388187295654
-0.15628656168184396
-0.15765040681588097
-0.15026401311800588
-0.14280054906900902
-0.14434249290078374
-0.137917168739911
-0.13116441935985992
-0.1331099992405474
-0.12587929062701808
-0.11892071818556496
-0.12058040715829886
-0.11386497920418835
-0.10518101398391969
-0.10624907725514326
-0.09941464839938428
-0.09341312616641947
-0.09428874493019149
-0.08897413101686774
-0.08361384668971344
-0.07856716103121639
-0.07898067413927656
-0.07207433124259756
-0.07112443015790845
-0.06574188182511627
-0.06057486005066016
-0.06085079116068005
-0.05602303794868753
-0.05109036833307691
-0.046105076470209234
-0.04196056182880194
-0.04200861210577545
-0.03706498752554998
-0.03238852295720781
-0.032534457892560605
-0.027603705212489164
-0.02276136194620006
-0.02249594853278122
-0.017742352769487144
-0.012404326671667406
-0.00707066255351108
-0.005527701826953991
-0.0005814327842482754
0.004587456111165332
0.005799871778164589
0.011242448901609362
0.01645981801873485
0.01757156616023325
0.02293509315453265
0.02866988141612755
0.029407822116482553
0.03476236281065666
0.040367738799870385
0.04151099191268653
0.04708031004819242
0.05236685638232551
0.053421898312500125
0.05853576221274305
0.06419223759540273
0.07002485586609092
0.07034694898092543
0.07556019802623928
0.08050718372683556
0.08063251177447806
0.08549666011799993
0.0886195478807975
0.0890361156347434
0.08796438614632686
0.08645784858959933
0.08185699761341583
0.08239039722586967
0.0770934191533101
0.07211532485464661
0.07156185617446802
0.06643849710887352
0.061870898267876645
0.06063287071417639
0.04926970284930391
0.04913390340327711
0.044085345827909454
0.03868412683216645
0.03925066834494177
0.03361565341274332
0.028203656746340837
0.028504012893520798
0.023058979312753514
0.01778958101138027
0.016984383701910587
0.011847531222506126
0.007050913564118822
0.0028815353558979727
0.0017220770436361644
-0.0025689711783056573
-0.006197795370178356
-0.0071491813865715405
-0.011543776156726382
-0.01687247470062315
-0.020658902091877495
-0.020190665051584275
-0.023974305409280208
-0.028064546565371315
-0.03197708385452449
-0.032205496452168345
-0.03581930087764466
-0.03976785403183413
-0.03978256781149951
-0.043787677894033185
-0.047279483326994894
-0.04732413877031797
-0.050745592980216726
-0.05441691349015232
-0.05785593504833112
-0.05780843788756629
-0.0615788025420949
-0.06534714407580945
-0.06497248799981152
-0.07233639763391116
-0.07161345423477955
-0.07571359196852555
-0.08001596322686354
-0.07939490297284921
-0.08393957387553212
-0.08860242445701685
-0.09341909601416014
-0.09245534365174941
-0.09986758675908203
-0.10511075646715444
-0.10408221030048284
-0.10950413018966065
-0.11397938617964562
-0.11307555629505456
-0.1179953661513139
-0.12288328203847354
-0.1210771569300666
-0.1250845795351695
-0.12112406660564638
-0.13608217732089045
-0.1403949928721163
-0.13862900351473725
-0.14396701745081036
-0.14977101327530043
-0.14846762913944647
-0.15466603478609883
-0.16129053933437576
-0.1595655232940459
-0.16581923340551372
-0.17274900858115433
-0.17090782882747385
-0.1776601218394046
-0.18401092752049805
-0.19187386715292223
-0.1979823380401646
-0.1960113233487996
-0.20422975253549394
-0.2127760698024164
-0.2220319924505987
-0.21932494042283496
-0.22827413102446942
-0.23823398752415123
-0.24801051859942788
-0.25490177150236387
-0.26881384038758255
-0.2660937056928539
-0.276891495767837
-0.28840162770622446
-0.30092661483070965
-0.30112390930767546
-0.3105838394083555
-0.32373955191177956
-0.32280383177207456
-0.34387739692424263
-0.341021699946645
-0.35359633715745176
-0.36724177010172177
-0.3800163926553542
-0.3798893412454523
-0.39091981553821353
-0.4005792530305534
-0.39266900004524813
-0.39240881079193846
-0.38040451850887635
-0.3813510671018531
-0.36927180839819335
-0.3568934050490896
-0.358350897784212
-0.34628478207604757
-0.33401086104330174
-0.3228685345407796
-0.3257924647070273
-0.30784054852219195
-0.29651262836522024
-0.2983605350199011
-0.2862108602949638
-0.2747454153328659
-0.27658195949929
-0.2660793209719407
-0.2544959481005453
-0.24311137666759447
-0.24502152225271487
-0.23460762461210205
-0.2234059612183037
-0.21380385090681053
-0.2156169493456873
-0.20591900578799419
-0.19013994739299236
-0.19089684602291657
-0.18147873242520074
-0.1830813188910962
-0.17376718091591084
-0.16480530068561233
-0.15666320384861415
-0.1580901610861042
-0.15003989027166065
-0.14017947985563117
-0.14165026052858334
-0.13412250466369283
-0.1268446227833275
-0.12876426245676265
-0.12197661296959451
-0.11471868818851322
-0.10859481367203312
-0.10980313539811873
-0.10302366338657766
-0.09541338396582542
-0.09738086020744594
-0.08708966980399982
-0.08806304390372935
-0.08250424045940336
-0.07588717303581051
-0.0775924700252312
-0.07135668635365035
-0.06482124344014496
-0.05867003943268828
-0.06038378002776113
-0.050475668457396476
-0.04434369410293493
-0.0385117513394657
-0.039325699053673314
-0.03389783488586087
-0.028269490873270447
-0.029368336767495798
-0.02399133353341608
-0.018382516361817283
-0.01000630311908491
-0.010446465257424268
-0.006070944397195416
-0.0010227350378829814
0.0036375872271533637
0.0032363746200530946
0.008456577722664059
0.013874201793414056
0.010682680298677345
0.026384136860763296
0.03178302854055293
0.03187401328527021
0.037298999855330146
0.04286336183008262
0.04378122608742229
0.04916767414653657
0.05509165914220097
0.055259617571512584
0.060777868986367126
0.06690263718820992
0.07303914587075425
0.07300483963165122
0.07941664143938611
0.08584737156892748
0.09397802824067514
0.0944991624593447
0.1044322616417655
0.10476422423697461
0.11173840686480883
0.11165546869888657
0.1186577527803262
0.1261992538191964
0.13384718806215734
0.13597955872230966
0.14177756797638688
0.1522655765242005
0.15353943362365216
0.15942364857694755
0.16728156117956736
0.16630568329117726
0.17358720679258313
0.18203388136721316
0.18212758443389618
0.18181575814034662
0.1860753654096853
0.1792382319103512
0.1744188995579168
0.16707805050170402
0.16764683002381062
0.15967248056377847
0.1519036025345459
0.14343489674725357
0.143863208176915
0.13583009148571643
0.13623460330282747
0.12827716413390097
0.12054671325261831
0.1129738180542146
0.11317889780289891
0.10570858554129214
0.09851090505291701
0.09130989102412002
0.09160467985271645
0.08458972100851343
0.07776692754066405
0.07804507893040596
0.07124208887451314
0.06479750863731305
0.0649332650812947
0.05864331351751149
0.05253240620415613
0.04575786134400916
0.046085458170345386
0.04044238891528953
0.03495493980020841
0.03511126044392816
0.029792435793990303
0.02458342157106793
0.024828059925681614
0.01995183366120121
0.014592109133714653
0.009311410382250305
0.009843045539334164
0.005144240859334561
0.0004959859510017267
-0.004188858718609516
-0.0037017771396487004
-0.008350037916193605
-0.012620891641364262
-0.012090119916185261
-0.018545018223346223
-0.023144794603118354
-0.022475004263834537
-0.026818968324169908
-0.03186682492040427
-0.03683574277548745
-0.036037590989572314
-0.04116280431448584
-0.039477280979534186
-0.04749466353914576
-0.0524456400656211
-0.05796979024031312
-0.056775337412359204
-0.062170879679320924
-0.06761617957730652
-0.06660687018382573
-0.07169013728356695
-0.07724704764403231
-0.07621748849518155
-0.08362678718296092
-0.08899564740995443
-0.09458891211729077
-0.09351368742440673
-0.0991151831378585
-0.10491479899531833
-0.10938963700770112
-0.11502354609988207
-0.11315051681873468
-0.11945788952124836
-0.12587041790111692
-0.12389761576491788
-0.13067404492276447
-0.13737122932391507
-0.1442950653502534
-0.1420597949498847
-0.1588251925006965
-0.15785607822166092
-0.16640041508228773
-0.16441076691716763
-0.17295560184100672
-0.18172919352861033
-0.18024006949903934
-0.18883777908846333
-0.19811373375793134
-0.20977082804867384
-0.20759538385024912
-0.2256484136956512
-0.22368212861074072
-0.23424714832769875
-0.2461165459230388
-0.24314446203972007
-0.25392389458749043
-0.2646392607829722
-0.2627671031306005
-0.2727735124120403
-0.29088775192022936
-0.30228811580438886
-0.30151412887495826
-0.3124439090794986
-0.32416966454252405
-0.3237112258255602
-0.3328666037588778
-0.3400662797133732
-0.33716919168214554
-0.3387128591499779
-0.32628822501104937
-0.31453956794884086
-0.3032005041376922
-0.3036909582198281
-0.29183506405143933
-0.27976638218121486
-0.28125996597138375
-0.2696826435225813
-0.25371630802131295
-0.2538472446000893
-0.24252839837794263
-0.24363193579960682
-0.23239645993117308
-0.22111212298941194
-0.2102752420900465
-0.21170652833404546
-0.2008500152703448
-0.19026336710777444
-0.19233201867167934
-0.17904057411728566
-0.16904547130781908
-0.17039810676896566
-0.16114580185791158
-0.15188681472741516
-0.14378315396785193
-0.14444443404951565
-0.13564370589284347
-0.1276071138807357
-0.1300848137390963
-0.1181798096340929
-0.11904787918173454
-0.10915539538422608
-0.10185586824302453
-0.10349250853128387
-0.0964059252509572
-0.08938723328507767
-0.08292918743472966
-0.07674240844720388
-0.07900840684044474
-0.06710723333077893
-0.06072735815685076
-0.05484417768809471
-0.055903615209714555
-0.05001124200554666
-0.043841865566229536
-0.04497521635466244
-0.03851669426258498
-0.03237558203612455
-0.03323479526236345
-0.027203464594005747
-0.021001297258731674
-0.022914038553960243
-0.016633304158847912
-0.010151167142719183
-0.011570793365919513
-0.005979214906648472
0.0005395599953754532
-0.0002614510738400552
0.005765111756446711
0.011240453801896833
0.016306951547117903
0.01591832240746321
0.02142423720436978
0.026800186089510004
0.025801466028566408
0.03244636105900028
0.031983816296709315
0.03814719100607521
0.043738511052861945
0.042799930262881404
0.048523358754092416
0.0541851588720752
0.05266316203996798
0.05811786604193108
0.06508405314426598
0.07089205387843103
0.07705225364742695
0.07606456185334173
0.08267196301426212
0.08928555038537264
0.08815414042999825
0.09470883301508468
0.10176401834906418
0.1093023477822839
0.10827664133444118
0.11719526186121379
0.12481406905725966
0.12397474938045253
0.1317460552421417
0.13999838994696695
0.13952214187413287
0.14774489557846623
0.15621529367760964
0.16480936103787064
0.164297229264677
0.17313279657861277
0.184610341105011
0.1835058355115313
0.19211075938462993
0.20157985330930328
0.21221682145433252
0.21098971913161468
0.2238712576076814
0.22174530075310378
0.23152162961553233
0.24156538797317764
0.24466949538423194
0.24400126127064423
0.2690767350352527
0.24071211903926834
0.229197478824319
0.22952772921305997
0.21828308424339699
0.21906499443629196
0.20946065367063335
0.19957200574229383
0.20027077906968513
0.19058571340032282
0.18100643218785145
0.17212642518671678
0.17273887979382108
0.16231442699100193
0.15330656964698697
0.15404714407033349
0.14538281386503263
0.1367625825711308
0.13757334617077938
0.12905286453670048
0.12201959330916036
0.11029782446745567
0.10279472874431858
0.10348162042870823
0.09612541150189594
0.0890842545433773
0.08231687525560404
0.08293364509575901
0.07638901551769069
0.06917335913792791
0.06975913183522152
0.063096359500726
0.057187292977701885
0.051620811371619
0.051981453645123
0.04611983821985099
0.04053683734831662
0.034513444668069465
0.03440871779900604
0.03490544798437971
0.029414304132761207
0.02400910605987127
0.01899167792059889
0.019346338626633885
0.014076063013804223
0.008881053260344841
0.00981391591698854
0.005003193817965789
-0.001151025314518718
-0.006235097632275466
-0.00510369579022573
-0.010610616305440556
-0.01644368556367959
-0.022463239554164002
-0.02131500377809267
-0.02714522400619573
-0.03475598139687029
-0.033862516638566764
-0.03979420960236249
-0.045626433991972096
-0.05074994949540224
-0.050223225927217535
-0.055732872756517414
-0.061359484070865
-0.05940136846555875
-0.06553029218287966
-0.07263429729473903
-0.07126995600180068
-0.07702819337217526
-0.08291292035857131
-0.08156647391272914
-0.08763193158327963
-0.09353286625017411
-0.09228340996624912
-0.0982069516419489
-0.10523694826605198
-0.10401204648424726
-0.11071530436194113
-0.11781246319086608
-0.11627001440625785
-0.12316320022011029
-0.1300305169721643
-0.12853750872372882
-0.13533544513717602
-0.1426592385981931
-0.14165102815523226
-0.15342040573098556
-0.16161718309963008
-0.1603785558497771
-0.16937565927277212
-0.17851867744975575
-0.18709374256736824
-0.18641247442899922
-0.19634368882211128
-0.20622152748422837
-0.20479994443198662
-0.21435453379799305
-0.22674570227403715
-0.22355009715526045
-0.2556528028667925
-0.26705302992847324
-0.26613734070597345
-0.27961438263033217
-0.29039577900157676
-0.287397423054267
-0.3002240506421883
-0.3064991879155927
-0.30506360113155273
-0.31593279519989353
-0.3026858741642748
-0.2912250850232892
-0.291757722626581
-0.27979003284040976
-0.2685159663300933
-0.26898908636410196
-0.2570640205273794
-0.24543459833614548
-0.24676470999178649
-0.2233332703648915
-0.2246347876369111
-0.21091831662113836
-0.212210120437413
-0.2015723107339172
-0.19137740080884186
-0.18130874992145266
-0.18252218163788506
-0.17264807951921
-0.1636086463779981
-0.15100644923601703
-0.15134233645525158
-0.14255190547105814
-0.14373645481692857
-0.13535672680471883
-0.1270488780597086
-0.11898991261599792
-0.12007681804279614
-0.11265605417802654
-0.10509289055877613
-0.10614089338532949
-0.09783951416892704
-0.09077942107980463
-0.09173073957239321
-0.08481833582057824
-0.07811641747278839
-0.07938163239898219
-0.0728548567021042
-0.06661494677943776
-0.06761291874634696
-0.060081705112927375
-0.06123883508070816
-0.05516904486227233
-0.04904784641145202
-0.043221326124714424
-0.044106714738244714
-0.03838794668232463
-0.03236374860884277
-0.02697075990026613
-0.028044987025371965
-0.02148189759129415
-0.015523759459555971
-0.009895943180028722
-0.010863565294149141
-0.004176787067642132
0.0019974540731682636
0.0006781433989306548
0.006842798509832411
0.005564874271561698
0.01694303391115196
0.015865651846114458
0.021826474390083166
0.02785282721067679
0.033512007825811464
0.0325576169501956
0.038075896500793245
0.04334899734012275
0.04947995334948808
0.048245242491734654
0.05476972025206677
0.06080873231067168
0.05963714479406605
0.06560459241379415
0.07191790322879195
0.0709068769294973
0.07640838764973991
0.08374762020303914
0.0905957066244052
0.09749458308318942
0.09568431814275
0.10306464230805971
0.11061197041375063
0.10931583461938896
0.11670879562843244
0.12834666258091013
0.1269413471485513
0.13811793569249922
0.1373187450377622
0.14604511655339825
0.15490958635456514
0.16372631539254362
0.16245116339972937
0.17140573005337975
0.18140785428927922
0.18102053139710014
0.1820636228808173
0.19876633122813853
0.2086148165728223
0.20679490989583238
0.21723787722698665
0.22819166116409526
0.23016858457458833
0.23779962894677967
0.24803808411236766
0.2606520711609146
0.2585068086466115
0.27035570481198457
0.27627986369820806
0.2750909911102246
0.288146309874327
0.27241028459694067
0.2740452643202321
0.26281924111742644
0.2530442906544659
0.23897214769021266
0.24027191547694496
0.2292581847896288
0.21899071187969635
0.21946091160604098
0.20876399889661473
0.19889997383488886
0.20006825741661896
0.18663216687398929
0.17367020877361053
0.17455207025426234
0.16508378062516893
0.15581911824354436
0.15669017760247728
0.14783514557939725
0.13930547756495676
0.13076105137934277
0.13142134682263884
0.13256710822279702
0.12137388623289053
0.11318854060709785
0.10543233126132594
0.10626386456307088
0.0989631111371343
0.09172708545476559
0.09290473870177675
0.0775011815226559
0.0780098028008824
0.07149923764018826
0.06513162502140085
0.06607201980805212
0.05966053410831959
0.053772909281687445
0.054512628233053584
0.04898271934155245
0.042581012867662214
0.036947058688539945
0.0376801964973021
0.03240653539716216
0.027034779716177525
0.028322800188166464
0.022928673506150105
0.017427792298732262
0.011297699163347831
0.01237496084485635
0.006369435623631324
0.00044522514940129043
0.001592904032255655
-0.004204622087779798
-0.010534298351134648
-0.01638007486175659
-0.014637864247184001
-0.020754586903000662
-0.028660377619378626
-0.027829689997534306
-0.03302687199526092
-0.03879749933953716
-0.03774338168218576
-0.04363707863995485
-0.04897090750940875
-0.054258234654576416
-0.05359054246505711
-0.06131764670332662
-0.06200923220894509
-0.06921076764950612
-0.06672500464330998
-0.07367422904142587
-0.0803960512921676
-0.07899971995011218
-0.08556098216866387
-0.09220358978607122
-0.0979025158319042
-0.09497108662193382
-0.10805160889705985
-0.11480924616871646
-0.11370965415937596
-0.12106842482382549
-0.1288828188846958
-0.1366100236751279
-0.136360040886246
-0.1448511760470884
-0.14525705298794356
-0.15883493084179137
-0.1572017968920113
-0.1662843050822871
-0.1756499968043945
-0.184780103667279
-0.18320072063936801
-0.19290712239283606
-0.2026891663802254
-0.20061101192385752
-0.22313629063592968
-0.22083586289586996
-0.2305541636447669
-0.24100816285551024
-0.2408168050790138
-0.2522928652668869
-0.2624548907144196
-0.272834087192777
-0.2886560464086507
-0.28669731256269054
-0.29909809358678235
-0.29854712924465
-0.30895644306312775
-0.31475290535975703
-0.3112419923883955
-0.3118417285531966
-0.30255975686976777
-0.2908838947187119
-0.279242862838605
-0.2805816219468512
-0.26901255961149567
-0.2570980434386418
-0.2584986628818053
-0.2468734284462157
-0.23534404823290475
-0.23677645433251607
-0.22535429210788405
-0.2143379112675885
-0.20350807964468362
-0.20479137790825025
-0.19414330849470354
-0.18364971710304007
-0.18480066336209264
-0.1747916495828095
-0.165250107370543
-0.16601236873922717
-0.15382800363674975
-0.1453171677530067
-0.1458928398017533
-0.13751040746641194
-0.12915387817271978
-0.13030218121559356
-0.12214465002868023
-0.11422740085189079
-0.10621172994292592
-0.10765765500767026
-0.10048390911656777
-0.09331901798808336
-0.0943109954254453
-0.08746194960089838
-0.08092165509628342
-0.07501663198095716
-0.07561150263725627
-0.06941020416981798
-0.07045472508408361
-0.06238516732147604
-0.0562880829951089
-0.05783310197806138
-0.05188112984330691
-0.04611250096624949
-0.04734640435795852
-0.04183005879100973
-0.03605669451282126
-0.029100638698572052
-0.030953666906878712
-0.02211579195765901
-0.01603501707775791
-0.017032132599682597
-0.010975782769823646
-0.004872806938305668
-0.005745072877509658
0.0001266356707796895
0.0054319430798310695
0.0043486829858278295
0.010172269589892865
0.015693533883742655
0.01453684680491844
0.02005695438028054
0.025495170846275905
0.030501463221722484
0.029593103050763164
0.03435268005745456
0.04159143314459024
0.04748914179655005
0.0466615857720692
0.0523582964065288
0.05780821704638115
0.056304013527897295
0.061851819286299875
0.0678947353525229
0.06633718872118063
0.07597109188489518
0.08230747772133301
0.08110319833175153
0.08767769746385576
0.09442695992641442
0.0938037045332545
0.10056400517245338
0.10745222056482981
0.10700832446257655
0.11546837125609162
0.12287754934896439
0.12963688208770402
0.12933808486528775
0.1370322407692124
0.14444958349076353
0.1526234225580874
0.15102470468595527
0.16201766232017922
0.1607869744029231
0.17182967485905742
0.180997227018696
0.18008576223696157
0.18927332687846377
0.19970783891526622
0.19872140430370505
0.20766852268794353
0.2178070361141125
0.2311085990832151
0.22972749333020487
0.23942420436688144
0.24785264380325744
0.24752692499348966
0.25677476071536137
0.26008206375981596
0.2593570110129643
0.2566216975384911
0.2519984436042857
0.2426591843045133
0.2432543857376399
0.23301349653179512
0.22274352175579934
0.22372944771418987
0.21326723457922042
0.20309482425490785
0.20399004673082508
0.19383210649337593
0.18404219570435895
0.18511880590624744
0.1715857332648454
0.16223009630851065
0.16322343619115437
0.1539615223222026
0.14494216676061225
0.1457894245108156
0.13694586722404817
0.12861715932480158
0.12933198134179527
0.12040286663329554
0.11267590725280521
0.10477290126935483
0.1054676312702448
0.0982890830603882
0.09095241068526905
0.0917538050581198
0.08456568734957402
0.07619498091955074
0.07691622161044422
0.07031449080422233
0.06405022420021708
0.06461307615707941
0.05852945511735836
0.052501207259607864
0.047154750054514236
0.04763326695171339
0.041821499416005
0.04250995835483126
0.03669479504448686
0.031133216785388475
0.025796819520510383
0.026833112385356277
0.021444158552723754
0.015841743834634506
0.01691555616607692
0.005319535710627512
0.006123025299470646
0.0007015683975989805
-0.005047843410713336
-0.003937776724575704
-0.009664806698263731
-0.01574651059776778
-0.014953376309222156
-0.020893044760910782
-0.020008787500613273
-0.026978105624681132
-0.03257709484215607
-0.03788901026811281
-0.0364085847920297
-0.04183809253265639
-0.0476196854445682
-0.04630729392430857
-0.05119203334470211
-0.05708981633672558
-0.06301094167822202
-0.06858201621218475
-0.06715525329803662
-0.07277071089238958
-0.07840685896995331
-0.08347052221308915
-0.08220287065269304
-0.08868439564729454
-0.09465096096531575
-0.09259804072313617
-0.09864169870262092
-0.10967916668848009
-0.10806754569544401
-0.1149515922514595
-0.12255914514195881
-0.12122592320630311
-0.12848891454462782
-0.1363030348538328
-0.14385199331591575
-0.14333766076214519
-0.15850797240207876
-0.15643427464522985
-0.16586406724179537
-0.17515210136235979
-0.1744841681004466
-0.18507148923142297
-0.1940462264821785
-0.193160291943553
-0.20470785045788628
-0.21511667448805522
-0.21700739872348898
-0.2249257883426304
-0.23456171197798964
-0.2297980362685951
-0.24598171437449035
-0.25536838312311716
-0.2649442220335939
-0.26349994055830894
-0.27541204260404567
-0.27334139681593583
-0.2843352948461221
-0.28890120558004184
-0.2875385705556736
-0.29592239714490665
-0.2857279112868714
-0.2752013649231269
-0.2762333909344029
-0.2638848829213065
-0.25289509049748143
-0.24228751672677995
-0.2430074712479077
-0.2314907177807081
-0.22060308377977791
-0.2218576124457531
-0.21112429995694418
-0.20076681437956304
-0.1908622812296847
-0.18020848805021464
-0.18072917689814705
-0.17092077300085845
-0.16187111773561644
-0.16264886985198512
-0.15305417461566054
-0.14448547632406836
-0.13439736095041654
-0.13617790272089583
-0.12215100077887198
-0.12286037391117552
-0.1151711785113714
-0.10754888326652363
-0.10837509809885455
-0.10116164164615231
-0.09393726666885789
