-0.00010831073762430456
-0.00011120770748293703
0.0005340080428391032
-0.0013360370937342489
0.002032073416211996
0.0010362473897366975
0.002284052715571269
0.005908363875357112
0.00016126027144549717
-8.211491689815563e-05
0.0004408918459242704
4.536764074560041e-05
0.00040716563045379537
0.000575575630643617
0.0004507129736501248
0.0005773768758386405
0.0005353921458725456
0.0008446184327716638
0.000802582429907482
0.0015124534075900721
0.0006666335944269088
2.3027722878045595e-06
0.0009146527031996967
7.957288800518989e-05
-0.0004422954315414829
-0.0004304917289148799
-0.0010853322257161646
-0.0005337225189758539
-0.001582149093021565
-0.0007160339319013976
-0.00024068415028379495
-0.001095753000566037
-0.00039490922352442606
-4.4652680024578815e-06
2.9212819274662926e-06
0.0007415653423185057
0.00027192842333746757
-0.00020850556168638886
0.0003134440281134835
8.55419002080627e-05
-0.00023966670819022877
-0.0001118933589127509
-0.00034974599684542906
-0.0004255150643406511
-0.00018258624103851845
-0.0013093841829675413
-0.00018880930463737453
-7.291385273977115e-06
-8.160139733313451e-05
-2.224678762285765e-05
-4.120065642416283e-07
7.690249354705333e-06
2.9912478439155323e-05
3.250744972930369e-05
-4.353503548928634e-05
5.260605274270224e-05
-1.1617544047196356e-05
-5.964141960016979e-05
2.3928684422010252e-05
-2.6327335752605183e-05
-3.4095366570129365e-05
-3.323610722489881e-05
-3.697331798771854e-05
-1.858815115007671e-05
-7.304818719857123e-05
-1.3667949365442239e-05
6.364120888813966e-05
8.93642812821584e-06
7.200826517164534e-05
0.00011645123521776963
0.0001168211029727378
0.0001481002217603639
0.00014637188466003995
0.000179446753830989
0.00026754881387939877
6.267736812078739e-05
6.267736812078739e-05
0.00016086079306339962
0.0001863546002925509
0.00016618570588668847
0.0002012775905197
0.0001992495167625288
0.00018907763589723917
0.00018439320998022178
0.00020044452593101917
0.00018631345279956145
0.00017033254778237624
0.0001734782247765271
0.00015465241939258492
0.00015155722238333633
0.00013787255320973313
0.00014509929421453223
0.00014529533029616657
0.00013425473949663436
0.0037537753805426295
-9.752002993848113e-05
7.525182394781281e-05
-8.989483295363432e-05
8.38151997529096e-06
8.28372356491572e-05
4.160511838523467e-05
8.965950748625504e-05
0.00014503830524023096
0.000117736903239127
8.90391525038058e-05
0.0002623983840839801
0.00021532657923213841
0.0003983306271560758
8.557906900157182e-05
0.00014092112891202587
0.00017205334156536364
-2.1857839219952426e-05
8.422186605868101e-05
0.0001514101384391981
0.00015229100462375316
0.00014201181683968922
0.00011457064077693734
0.00013219635417659957
8.787013347963515e-05
4.761640047478597e-05
4.7123445347304176e-05
5.184312704402649e-07
1.557799085514752e-05
2.2678834785428522e-05
1.6084868504061997e-05
9.965263362942782e-06
-3.830469117450503e-06
-3.249418358062809e-05
3.968135648226935e-05
-3.558863125024044e-05
-8.847438324584476e-05
-3.0557118657456615e-05
-8.45850334644019e-05
-0.0001280398520714485
-8.620241223564562e-05
-0.00012934949070370796
-0.00014841996026879214
-0.0001421544006187483
-0.0001558564055743833
-0.0001565377000662601
-0.00015395317786997292
-0.00014169046130880475
-0.00012835059182222385
-0.0001320242984777919
-0.0001206857810338837
-0.00011542507874925584
-0.00010907043809366577
-9.157478087015817e-05
-0.00010292007836553808
-8.662641870457575e-05
-8.801199067335186e-05
-7.471468918372614e-05
-7.440914272030802e-05
-7.00547377850186e-05
-6.799993447162494e-05
-6.016028224531156e-05
-4.5945264820236006e-05
-3.531174795861026e-05
-3.787462163853077e-05
-2.7232740361768314e-05
-1.381647623851013e-05
-4.795773472738805e-06
-5.6336865790819586e-06
3.0057861402700607e-07
1.420325154696172e-06
7.368705189594261e-06
2.753766660596155e-06
-9.76545103763244e-07
1.2145645925533861e-05
3.9643857576030345e-06
6.393214161272166e-06
4.99888080021209e-06
1.3126303786431763e-05
2.3311792465404788e-05
1.9659321287612108e-05
2.9937205128694753e-05
4.1910691179465045e-05
4.378906141891396e-05
5.263076123080298e-05
6.275388888583953e-05
7.08110690255852e-05
8.053786717242917e-05
8.449417167968079e-05
9.014194623810494e-05
9.820469801431006e-05
0.00010000860854574367
0.00010524862332788237
0.00010407606609055547
0.00011701121151168175
0.00011594114448700434
0.0001151892355015394
0.00011737320539510249
0.00013075675590639606
0.00011570549779616467
0.0001058003564418994
0.00011992189641676153
0.00010669940253000342
9.490201400660694e-05
9.995152182796676e-05
8.243926344341564e-05
6.956839641759258e-05
8.323370414358351e-05
4.64989341445089e-05
6.819497044720399e-05
3.533654325251041e-05
-1.906317659677647e-07
8.720638689850185e-06
-0.007910595936620503
0.002355587171483783
0.00023810263239626848
0.0013989570178897298
-0.0002825230821245686
-0.00017031993142764676
-0.00022466056501437156
-0.0002384600521068165
-0.0001436292795607068
-0.0002429656162456391
-0.00028143782121926793
-0.00024635729606639953
-0.00033908028667028843
-0.00033366474457586966
-0.0005229867195450709
-0.0003486288512428273
-0.0003960756597762212
-0.00019035393565888293
-0.0003795091309192886
-0.000389538191236484
-0.00040615548079607255
-0.00043171636123795287
-0.00045694694608738325
-0.00039311307684007836
-0.00042525243379364764
-0.0003735323695202103
-0.00036365787943475205
-0.00041856045404350955
-0.0004925403343498593
-0.00039753975136369964
-0.00040127903642394236
-0.0005387970316169242
-0.0005198854439645343
-0.0006008893307025894
-0.0005641702566836082
-0.0004889150819023541
-0.000631227355965589
-0.0005142714028338647
-0.0004883534980815158
-0.0005161987461480667
-0.00041589975213317975
-0.00037587958736550055
-0.00039460960322831737
-0.0003581515618310082
-0.0003443375804876982
-0.0003307164594326863
-0.0003294520141138459
-0.0003163881752823401
-0.0003063103613703889
-0.00031063397243624345
-0.0002982126913462241
-0.00031315070874238547
-0.00029253849810977593
-0.0002658056748980463
-0.0002271120347429979
-0.00020273145904406016
-0.00021798453910720043
-0.0001732583198531659
-0.00013706878328218812
-0.00014757807416590003
-0.00011698758776967132
-9.75520568971363e-05
-9.006712261953668e-05
-7.42132766666818e-05
-6.651231149481261e-05
-5.488630728477629e-05
-5.152393347463029e-05
-4.4195376261542796e-05
-3.852049204806352e-05
-3.5651396897192705e-05
-2.3102145441968236e-05
-3.4665645155991335e-05
-1.9019318641210333e-05
-9.97454472139548e-06
-1.77462069847138e-05
1.8618808558103982e-05
3.3073183969835595e-05
3.913056425290027e-05
5.635526918709105e-05
6.291269470021792e-05
7.054803896218625e-05
9.50845332522644e-05
0.00010009803935116335
0.00010761384205587289
0.00010247007339405876
0.00011970700796983765
0.0001315194787019059
0.00013134056782572483
0.00014348776178068977
0.00015062313082276778
0.00015268549061276925
0.00016703325264781266
0.00017059417434105915
0.0001722748337065935
0.0001829031882670476
0.00018231303015428112
0.00018454118467959741
0.0001769268007734364
0.00017961650417554992
0.0001878759992540957
0.00018560550970743444
0.00019470169839333647
0.00017306984300306544
0.00017615218753191012
0.00018413518426737326
0.00017532082208053426
0.00016249022989926542
0.00016765344786993556
0.0001592912867085721
0.0001478288319919784
0.00013553593206336382
0.002689493304849813
-0.005007757764513025
0.0001157813890107169
-7.49036291098446e-05
0.0004395302027023459
0.00017241960916040928
8.66726336452732e-05
6.927835957328574e-06
7.623753486938787e-05
2.615802134700935e-05
4.87960905706802e-05
7.56278889290879e-05
8.295566707535671e-05
0.00015261379404263713
8.075334259946848e-05
7.751875495292617e-05
9.320475063224107e-05
0.0001288051200172001
0.00013423723254166788
0.00014485390457665337
0.00011548747057749269
6.520208502558757e-05
0.0001227564095003973
5.199639060396018e-05
0.00013685469276547547
3.2265138259347286e-05
-9.296957248177301e-06
-6.8570858777037305e-06
-2.7100302571830588e-05
-2.6232352770193237e-05
-4.798396439464442e-05
-3.979494216519873e-05
-4.0058927596532295e-05
-4.033665827984315e-05
-2.743871641107528e-05
-3.8533833878205356e-05
-4.9916854987919453e-05
-3.2676945315793854e-05
-4.48768560088681e-05
-5.0611831698591365e-05
-4.9260612913273966e-05
-4.7556932504265764e-05
-4.674837201092053e-05
-4.410534533851002e-05
-3.49628158839301e-05
-2.2043015992458496e-05
-3.205479702641939e-05
-1.5140433841494497e-05
3.943521776309224e-06
1.7545307515612372e-05
2.909688098171222e-05
4.670469944552339e-05
4.6580989189569155e-05
5.0922006641152354e-05
5.715226675993498e-05
6.837088424288419e-05
7.623386100282131e-05
7.872924261185205e-05
8.472003226910705e-05
9.328567942535789e-05
0.0001001794522713411
0.0001035160819962888
0.0001032120343900037
0.00010904101323300257
0.00010277652295434479
0.00010582532630373606
9.949445386192858e-05
9.513737653288971e-05
9.311289387720512e-05
9.25520012737901e-05
9.822447881432738e-05
0.00010342653633902606
0.00010691491212464826
0.00010641212401581535
0.00011564822266948288
0.00012437745664878165
0.0001250366825423353
0.00013091794779397124
0.0001217762398913639
0.0001438109266977761
0.00014535534073660926
0.00015415790164103376
0.00016635560573428305
0.0001655277946386603
0.0001693122699698838
0.00016863754850515367
0.000174154995163542
0.00017359473936449962
0.00017854075221025639
0.00017260922431714746
0.00016570932338614213
0.00015801981753081333
0.00016239243098636896
0.00015072347369771334
0.00013623639118103396
0.0001548987158390494
0.00012851109053240052
8.849536108741051e-05
9.160652013128639e-05
6.514791708733587e-05
4.232806722296307e-05
2.3801333266410973e-05
2.1598378912171187e-05
-1.343099786763476e-06
-2.77128459731137e-05
-3.257759829413534e-05
-5.049243423203467e-05
-0.0064628192031380444
0.0002939207955493041
0.000579656073019496
6.98579833801944e-05
-0.00017911985278526937
0.0002163091295497918
-1.6984989212860854e-05
-0.00016137375364677167
-2.2407134615118458e-05
-0.0002242279463239601
-0.00027673041243697876
-0.00034235075224388204
-0.0005690851641426049
-0.00040836296732933437
-0.00045155358304961823
-6.562445730150598e-05
-0.00031507201839186806
-0.0001358488256326283
-0.00037721923239714193
-0.00039420688621658127
-0.0005369672682204951
-0.0004987801767122964
-0.00041085598142887
-0.000647382792159536
-0.00047847958743069846
-0.00037908663200680154
-0.0003344503172827686
-0.0003355214949528752
-0.0003093858962902887
-0.0003274232151831961
-0.00026702502412015964
-0.00030962818648729517
-0.00035503196944768284
-0.0003142919304702577
-0.000370866859949123
-0.000396481066540377
-0.00038931581082776007
-0.00043088517078469996
-0.00042765873132251327
-0.0003696335673555881
-0.0004282547224255421
-0.0003720502717606394
-0.00032848912462949407
-0.00031685073317360893
-0.0002878317488730474
-0.00028684801992995035
-0.00026987566036344875
-0.0002537828139471445
-0.00024442190760873533
-0.00024053788133765558
-0.00022208717547055637
-0.00022038950620293174
-0.0002121301782310835
-0.00018480179821327362
-0.00019617429489906865
-0.00016160319714762564
-0.0001820894305631651
-0.0001454923978644367
-0.00011755068276555766
-9.462861941814177e-05
-0.00010056471516519782
-7.696575921675197e-05
-5.483007035116211e-05
-4.746999064392211e-05
-3.7501649164928314e-05
-3.821526152923755e-05
-3.251374660916308e-05
-3.5630641176976844e-05
-2.7856171615532985e-05
-1.9084754329581954e-05
-1.14201512565967e-05
-1.799738645158766e-05
1.6558402846601761e-06
1.3500088670941122e-05
2.83365284267696e-05
2.1829824721082165e-05
4.3101195710704634e-05
6.016233244143868e-05
5.7547208574543924e-05
7.742953884330379e-05
9.289374013536168e-05
8.674805407878559e-05
0.00010915616374230118
0.0001205362706988604
0.0001322106343111112
0.0001337427874710249
0.0001378663591585376
0.0001385371940911632
0.00014473667375663495
-0.00016274577092118345
0.0015877287459127387
0.0011050996015311116
0.00033608654434464486
0.0014152765145930828
0.0009725713700351787
0.0004942553843696235
1.9249522004354264e-05
0.0009344931332185653
0.00040574435864821625
-0.0006856075853768596
0.0008721740729160664
-7.441073240331158e-05
-0.00044040714022094816
-6.204732885504413e-05
-0.0003900121011886781
-0.00032040365133524033
-0.0007006440429693584
-0.0006440444162827322
-0.0004258619472222195
-0.0008351554808148488
-0.00037507574348864993
-0.00023326009834061205
-0.0005147228293584695
-0.0006460892381784736
-0.00021091365708534652
-0.0018582465805033763
-0.0009678946016076378
-0.0009511074798816748
-0.0029863487351236705
-0.0010435644912833145
-0.00011397917489034057
-0.0007341058990702791
-9.817221140091765e-05
-0.00020219519519820616
0.0010415532913991329
0.0004400530572504005
0.002350503668784517
0.0010006421406889383
-0.00029653215980419127
-0.007306837164733736
-0.0017138095531185709
0.00013062199100144907
-0.0867536039847735
-0.008448638216435768
0.006646823844431351
0.007302687294245891
0.024471661415103575
0.010137759817269
-0.00163897309162885
0.018865916027488158
0.006296522171959679
-0.003525050974240675
0.00540910077255958
-0.004239569325289953
-0.006308072716284605
-0.00371316689894448
-0.016666644101001115
-0.009026550781731355
0.00012293624055872824
-0.012543052214775337
0.0002804692447536827
0.002354335845850855
0.003764933205701502
0.010089185483517548
-0.000320847638019653
0.01804248512015234
0.00040006032045216387
-0.0033124939335193878
0.0001823158749273568
-0.004632588791943863
-0.003717875632687456
-0.008893750643623834
-0.010446708518892029
-4.240103877640354e-05
-0.005152122771831022
-0.000749707942358543
0.0006799296648535664
0.0011073236026406057
0.0022110102016124696
0.0007286245032382879
0.004941021695553496
0.0033499805479194162
-0.0009885809888625797
-0.0011109115194596392
-0.0017801458333721863
-0.0024016634622646394
-0.0018961335961375516
0.0005534488488695261
-0.003521254199999685
-0.001052640204786683
0.0003772863224920409
-0.0010693921915383752
0.00028565863738187714
0.0007240133975610851
0.0016175453163953842
0.0019038697542768498
0.0009202740849614511
-0.0002027162938485405
0.001465741431183262
0.00021922726878457444
-1.4423016824972255e-05
-0.0007742736595747042
-0.0007188428616577252
0.00026922552145437105
0.0008409361233163175
-0.00014431109885856792
0.0005868031440420196
0.0007912833268440493
0.0007607335926124929
0.0009247247808410727
0.0008249477708154463
0.0006062824832747803
0.0013087453277913328
0.0007817381234457714
0.0008872373052497734
0.0006395564042758999
0.0006095987975865702
0.0007917754139820564
0.0005184995586302152
0.0006373709757690375
0.0009600092007804992
0.0005659365791358431
0.0006580756150553322
0.000904712687665788
0.0009190258029537953
0.0009722519299759608
0.0009536200259328207
0.0009013079732983194
0.0010104543915157855
0.0009366441624485178
0.0009042716628534566
0.0009310942809962238
0.0008723791552912229
0.0009460663218811637
0.0008112392237567497
0.000854148112187442
0.000957481805607934
0.001028479014521687
0.0009266916155250864
0.0010005500072463346
0.0009797521626614203
0.0011795917458753747
0.0010847996847564336
0.001981559843714139
-0.023227376214492064
0.0009285227351473936
0.006636574122000927
0.0055380847009389444
0.003931119954010832
0.01999566224273576
0.004379532946527348
0.035038084748057335
0.013777926819522656
-0.0005633363296698216
-0.015801338895693955
-0.02937580270628907
-0.00689465827525744
-0.02414278745196126
-0.013872805761634672
-0.0019851665728874935
0.005977543670451778
0.001492590491072782
0.006506567558959503
0.007007659228077742
0.01801101016748912
0.006648041082447772
-0.0015665232487241526
0.010526613296629838
0.0017724222382378572
-0.004489862934564327
-0.004303625547634545
-0.00841314589957005
-0.005858868156534452
-0.0012149387142972052
0.0013658184187570147
-0.008029049641991935
-0.0007434988234220818
0.000882897740136845
0.0027840829722306916
0.0030950315531047927
-0.0005637231705051411
0.009937726373310673
0.007574505758953798
-0.004262616689891485
0.0004902089081970303
-0.0034867221131216954
-0.0043040971174402535
-0.007641490374326113
-0.006313727089101493
-0.004287932604182202
-0.009992519861049223
-0.00950073488051441
-0.00026880556499151006
-0.0018651613224468387
-6.570253218710295e-05
-9.486891191928302e-05
0.002926625740188115
0.0016151570289403673
3.09078545667201e-05
-0.0011215235009860406
-0.00021781565604141266
-0.0006913524819968747
0.0001611710684927239
-0.0004982021148276062
-0.00011097620647424145
-0.0026325227621526873
-0.0009012930560927753
0.0007025043529366036
-0.0015768470571713978
0.00028355474725203726
0.0008603426826329544
0.0005680553442865921
0.0013876080297127796
0.0011284603620059673
0.0009304104066108569
0.002543802280871853
0.0016469932889469543
0.0006924129575843751
0.0016276695232232
0.0008441509897493674
0.0004717197284178241
0.000286114101432252
0.0005929345293520031
5.244308831559613e-05
0.0002907034128917896
0.0006874493990498503
0.00018944699008677506
0.000575768560268229
0.0007794897371497929
0.0008165569276542637
0.0009002545720867997
0.00110061967980873
0.0008892940190046416
0.0011701722992639033
0.0010406505050398666
0.0010081485348673615
0.0012559718422742844
0.0010594050370337465
0.0009508719197773696
0.000999063843832029
0.00045054441155623103
0.0011456758788785974
0.0012458250082878087
0.0011727563054050353
0.0010073901083805206
0.0015090683393404012
0.001561532316590195
0.0015733262818047678
0.0016858057194996936
0.0016168017719874568
0.0017254541801617399
0.0005550976902601105
0.0008378423888880264
0.001316251217651607
0.001514782448021104
0.0010070622333138656
0.001098402334221221
0.0006746220290628567
0.0010414975223056744
0.0008264427048364605
0.0011594393796065046
0.0010894249395648396
0.0010308724623467665
0.0011148272543171334
0.0010469552839374261
0.0009321254675564933
0.0009863331315386038
0.0008830015191556989
0.0008176554376114977
0.0008038438284726899
0.0008025187229074171
0.000689384372345152
0.0007196944792957379
0.0007450274575690367
0.0006724091580272706
0.0007255844625135778
0.0007307754058821714
0.0007227453321878887
0.0007255851523267872
0.0007146842274691449
0.0007390266599162785
0.0007236517786790315
0.000690348928121488
0.000652268020748818
0.0006659928834794723
0.0006574122840466153
0.0006327389175815227
0.0006218457837306751
0.0006290932046143057
0.000632216594084036
0.0006137233101858599
0.0006213649421142903
0.000634574872771867
0.0006051240408268173
0.000619597168424742
0.0006377578639515409
0.0006752217959132505
0.0006496088910149645
0.000634958683940133
0.0006411604379076662
0.0006446193321761071
0.0006287772863099228
0.0006357962592764144
0.0006184540376211121
0.00061122393721775
0.0006088544149756268
0.0005955887452174629
0.0005840184153260429
0.0005752566257199031
0.000570023100690736
0.0005635240133499964
0.0005552481934417886
0.0005598311544617173
0.0005550096868257112
0.0005512156075314921
0.0005473691817536694
0.0005425216795169628
0.0005531614069572867
0.000542434421878813
0.0005301307585753284
0.000542482019365471
0.000521609908106183
0.0005159071478626847
0.0005002685933768872
0.0004954693656400992
0.0004802338352809874
0.0004904982507777035
0.00047818160239198525
0.00047266218870945127
0.0004680320006262117
0.00045214230015008013
0.0004487953842984666
0.0004347244221286225
0.000422039359552449
0.0003986892680154299
0.0003911916547742426
0.00037374709788018753
0.00035632181607405137
0.0003443139311833086
0.00032414578513293406
0.00030830803195978077
0.00028976213176057933
0.00027766906715382734
0.000244170299996489
0.00023175897343653536
0.00023103765824782042
0.00022267477344399398
0.00020352048933824462
0.00018580298926763119
0.0001792273861673633
0.00015680851294237058
0.0001592068854177801
0.00014930569998721725
0.0001401920223833668
0.00013429491864550423
0.00013464403477413643
0.00013576468906742665
0.00012648975405368717
0.00019124732197982203
0.0001471095875453336
0.00014530388987435045
0.00010759619247878675
0.012861332754548831
-0.004012265707602939
0.007011762163686677
-0.0011960615420184512
-0.0019843869088347157
-0.004971999046850572
-0.006312368494684138
0.002355571627073544
-0.014484595792221852
0.0044538857830440206
-0.0006963726890433506
0.003485889994702321
0.0036789173637060105
0.009815057923892418
0.006866195298339401
-0.0007590404456711561
0.012254187842096628
0.005235835650095148
-0.0005359615971517853
0.0018588535715558358
-0.003322608954956915
-0.004419874641660173
-0.0009426770258900418
-0.007768267765700606
-0.004170436826623544
0.00021933537679697654
-0.003014854813620849
-0.00029525972358460486
0.0012339824401777417
6.671902246038382e-05
0.004306384112427578
0.0042206234057013585
0.00013127068207809765
-0.0018599825984776759
0.0006040116045738029
-0.0014109878113721522
-0.0020448727180548284
-0.0027078333421520972
-0.0014115101968280566
-0.0005947825395074823
-0.0027044985003593387
-0.0007880566949193914
0.00033268040008778324
0.00034868308562178643
0.0015285404190681796
0.0013688516607381484
0.001007494330777192
0.0023170015437914294
-0.00032305920021297846
0.00021390990666481026
-0.000502003216631147
-0.00038330425307979405
-0.0008320837806104769
-0.0005439358950204888
-0.00018207513676292045
0.00028802533090127564
-0.0010813714721439186
-9.770337755427236e-05
0.0005278396480749816
-3.2243465182930095e-05
0.0005892430187426903
0.0005726022087644815
0.0005371805071188563
0.0005640243722739341
0.0005467479060063929
0.0004791017325350593
0.00031220638138270643
-0.0001769126885930052
0.00066287357529974
0.0006033357719848251
0.00019975086372538646
0.000355738033085948
0.0005892190962998069
0.0004448598096216657
0.0005667042562099826
0.0005779666693146476
0.0006550347198238025
0.000630177666186784
0.000512115157619496
0.0007080146883838115
0.0005282826421919741
0.0004815781259427297
0.00035203083752424584
0.0003489580195872049
0.0004245761788791047
0.00031381249883892726
0.00022411461858690845
0.00017948832371228986
0.0001389642945853321
0.00012416768319145228
7.028950502841311e-05
4.084629736233656e-05
-1.034998267344703e-05
-6.74453287702703e-05
-5.25251150891144e-05
-8.581192700740459e-05
-0.00014993425015364403
-0.0002258749685955269
0.005322617701688698
0.0007344720817287457
-0.00046232884918381964
-0.0008325548229389064
-0.0007089289549625431
-0.0017634395094605715
-0.0013110960706774531
-0.0008602808992877836
-0.00048789165707938933
-0.000509924605496577
-0.0004446017706497175
-0.0004207432010970449
-0.00026320301764904536
-0.001450060408322374
1.7237574228642417e-05
-0.0005076788898297727
0.00032812715815119613
0.000229585758864451
0.0013915127512368177
0.0009206468526719619
-0.00025562009423788537
-0.0005498479883512122
0.0017188838847463281
-0.0012036744150936553
-0.0010786895614147128
-0.00197532077892359
-0.0014174921691202838
-0.0006370586448003079
-0.0017191985554956258
-0.0008400148533130071
-0.0002372010020433032
-2.9522027385166078e-05
5.00705236710273e-05
0.00017288191323702786
3.534471717207872e-05
-0.00020279123484957644
0.00026809145666123506
0.00018086289704432942
-0.00033185190473846305
-0.0002651063352608128
-0.00034418454460989395
-0.000347599288137589
-0.00037817611882558526
-0.000348791677179552
-0.0002595586026937692
-0.00037896374429201925
-0.000300565037881474
-0.00016803202244033353
-0.0002565493310491351
-0.00015900877874646164
-8.867486300402236e-05
-0.00011461863025140913
-5.951253036473835e-05
-1.5277054972461865e-05
-3.8009291157762737e-06
3.54113977701546e-05
3.982208096074897e-05
3.740037456479378e-05
5.494295772249366e-05
6.471123774067803e-05
6.940158636458256e-05
9.53673777832385e-05
9.587956944983162e-05
9.926844079675526e-05
0.00010249353519595382
0.00011921395898023822
0.00011942199515650426
0.00011175203272947306
0.00010176350185699724
0.00012057741763670905
0.00011806595282617521
0.0001345684316688079
0.00014169129398245814
0.0001189034732077409
0.0001447905410273377
0.0001298438692472525
0.00012092044109943211
0.00013285870045633364
0.0001337196524592286
0.0001579314972902239
0.00014228821122469636
0.00013360411901508766
0.00014060607670035054
0.00013652167497612134
0.00014185667499366203
0.0001340350225946609
8.959559459124187e-05
8.172917233244611e-05
0.00011005588614948809
7.769986681479437e-05
4.446499669829152e-05
7.025120910613517e-05
3.3594887823417686e-05
-1.5603056854191862e-05
1.906340424642241e-05
-2.4920016881893356e-05
-8.048869729178824e-05
-0.00011711804704789334
-0.00011837021277679974
-0.00015361537633901349
-0.00018677918906350282
-0.00023008182989426793
-0.0002464469157741758
-0.00029203846516300783
-0.00028102238848836617
-0.00032649040415284967
-0.0003029953831712926
-0.00035859400690657075
-0.0009112306095149399
-0.0008532032982758351
-0.007905998514851997
-0.0019416715005886747
-0.0004908561769494823
0.003601542406364871
0.001982332091519664
-0.00020098064027322763
0.0017012635773033834
0.0002009964532746501
-0.0007265486001278467
-0.000995541407503166
-0.0012841279488882851
-0.0015289433588180363
-0.001576044782966181
-0.0006108971424948783
-0.0005026977244736232
0.0005523050263124625
-0.0002541721814502848
-0.0007326190755421345
-0.0012071531291026622
-0.000644083504663686
-0.0011559036588600865
-0.0011016648909976496
-0.0014627048594999495
-0.0014177834310565467
-0.0010978953420581659
-0.0021111245113728224
-0.0015191362550178106
-0.0007846988082816108
-0.0002972530531525722
-0.001019468192553225
-0.0003655933895941966
-0.000293064994640448
-0.0001836347922813121
-0.00015048399721146092
-0.00036992209560370146
-0.00017958973095633698
-0.00039283433763768013
-0.0004588197603927579
-0.00038667589680405886
-0.0006196053329755515
-0.0005021144983593824
-0.00040714184385694946
-0.0006094050199568969
-0.0004086503431249281
-0.00026539426547398515
-0.0003611704905047175
-0.00027962386675390455
-0.00021999484671197077
-0.000226482319407962
-0.00017718590296387455
-0.000174841160332259
-0.0001922594651368696
-0.0002082526284504973
-0.00018167792249859934
-0.000191391226575693
-0.0001846466181959275
-0.0002032283809973572
-0.00017607454650016603
-0.0001477096643216953
-0.0001770889760168061
-0.0001363752811075058
-0.00010304779829346472
-7.53448419170412e-05
-0.00010282036143163696
-5.530794946533118e-05
-3.6232024937221275e-05
-3.8441836986059474e-05
-2.065271700826161e-05
-1.3504514499642964e-06
-1.696750999665538e-06
1.846909753890188e-05
3.855376076409498e-05
3.2590770972510874e-05
6.188869705936576e-05
8.852287709569687e-05
8.28118334751549e-05
0.00011961999772809031
0.00015005773617977024
0.00017867428054074857
0.0001649586305442493
0.00020711455757603035
0.0002361284667260133
0.00026272931355060113
0.00029411695336679385
0.0002872535524808878
0.0003205238157102458
0.0003567682117225733
0.00034356863608556176
0.0003859845195285875
0.0004236436642793381
0.00045341603016012315
0.0004421904566245597
0.0005149589044146732
0.0005220732924174508
0.0005405830869027247
0.0005435425567726071
0.0005631159189920628
0.0005895472750808409
0.0005779150074589188
0.0006107491729136564
0.0006393909292859782
0.0006604386357351635
0.0006515913921384019
0.0007041424090318414
0.0006945271014706411
0.000721352598245221
0.0030843680886587987
0.0033269627702303788
0.001916695138596232
0.002129794280276146
0.0016288597552763032
-7.307967323985903e-05
-0.0026225938529634697
0.00018250093250541565
6.413323808693403e-05
-0.00016381653922791276
0.0010149804359850083
0.0009773052113008817
0.001280579258732672
0.0011515151742234272
0.0014325876901467975
0.0014689630391397192
0.0009162347196324573
0.0010380771221558784
0.0014079522396578928
0.0008704841655059187
0.0012430472574355416
0.0013678336184766654
0.001504178405814246
0.0017389384374694406
0.0009185831156701193
0.00188252122455566
0.0011779528329726103
0.0021573492926818087
0.0012165920210576034
0.0005378989277037459
0.0003593392553525343
0.0003993798588832509
0.0002994597337460391
0.0003497294162785441
1.909522744449673e-05
0.00011498488416943021
0.00038316666509581295
9.28190275767117e-05
0.0003306921281260361
0.00046327810941344376
0.0004589841774856938
0.0005563790992963131
0.0004788838778730098
0.00038047588827963747
0.0007907422547367584
0.0005128350133092962
0.0005980021748032028
0.0003847459651594669
0.000319040125238099
0.0002852555929892969
0.0002936891307280737
0.00031710808844139356
0.00035621637058439875
0.0003864451644314553
0.0004986933628882611
0.0003728422101485002
0.0003785084289375268
0.000394058759518117
0.0003881024414899295
0.0004000515346556593
0.00039038727682624044
0.0004248925939950615
0.00042652300799832037
0.00037245906077079894
0.0004140578727216049
0.00036612533093134084
0.0003487946692476786
0.0003801888941145286
0.0003413251026853121
0.00032279597092374376
0.000313910018801855
0.0002987106781172457
0.000295694667954659
0.00028350269532359654
0.00028005492521039296
0.0002798639456740254
0.00026507693620542844
0.00027383301161373956
0.00025558609916135494
0.00023487977698358726
0.0002648289761367713
0.00021915444814637377
0.00022312534442154588
0.00022155931944056303
0.00018404525082738824
0.00018610671295925564
0.00015965380437243397
0.0001484551666973132
0.0001703503810763998
0.00012931611849586742
8.928095359691358e-05
8.190757761977598e-05
5.244237222225102e-05
4.834406058245013e-05
1.8657475333401106e-05
-1.6570175314035677e-05
2.768488780029844e-06
-3.820212074174392e-05
-7.84621013244951e-05
-0.0001256080091552504
-0.00010588211915174545
-0.00021434335103193952
-0.0002629798862908519
-0.00026749422505262786
-0.0003237124568146589
-0.0003708180602514189
-0.0003704553764256956
-0.000427306919312284
-0.0004992215599074127
-0.0005638894195642082
-0.0005448869555362136
-0.0006279522302364208
-0.004151543558997665
-0.000708526680620333
-0.0029293481898377697
-0.0018227947931021612
0.0005125896375375663
0.00014953077489574296
-0.0008228529982058432
0.0014312009004590978
-0.0002505277948105053
-0.0009161225591086868
-0.00112163059669174
-0.0013215206145217513
-0.003761457164369723
-0.0006544250576341171
-0.0010725336636930529
-0.0008933014126635871
-0.0010886648033006572
-0.000902169531937585
-0.0012434013966627388
-0.0011724034865624965
-0.0016297382552927819
-0.0014887613059303309
-0.001036794701444994
-0.0005998788929270026
-0.0014610704736782488
-0.0009336934244490307
-0.0006994856712523215
-0.0008245073408188477
-0.0007249710946260001
-0.0007667349752263591
-0.0006590374766271115
-0.0007285136058265268
-0.000555080404367836
-0.0008657670787709431
-0.0009197525974724182
-0.000946705229167844
-0.0009937845939911915
-0.0009464877889906669
-0.0008693621908569706
-0.0010013050495766556
-0.0009464770578512988
-0.0008170560232971873
-0.0009262588840336774
-0.0007915196498376381
-0.0007347410390195455
-0.0006840896616865758
-0.0007022041367496345
-0.0006592487762563888
-0.0006342794593114586
-0.0006133371366770627
-0.0006012262073543524
-0.0005935611808186789
-0.0005792850055997887
-0.0005572997575126939
-0.0005274050580787578
-0.0005396542576925893
-0.0005087228788646421
-0.00046268668936855293
-0.0004964931882124789
-0.0004570019556176246
-0.0004162697800221816
-0.00038045181983323485
-0.0004057367521646209
-0.0003577571123468772
-0.0003206747095580783
-0.00028632793597368973
-0.0002927126091022605
-0.00026809672831568397
-0.00023161549140058235
-0.00023121888311624362
-0.00020201926054835774
-0.0001758483081986561
-0.00014715924362708382
-0.0001485553080764636
-0.00011529349650240063
-8.180518660203215e-05
-0.00010132862144395634
-5.208194144258777e-05
1.057852757241346e-05
5.247672654799739e-06
4.6720866270434746e-05
9.210299020106575e-05
8.876929839811895e-05
0.00012772659872789353
0.0001704592747906699
0.00016788258658220209
0.0002116933095210011
0.0002508435543110604
0.00024577193493828124
0.0002836507629663439
0.0003237081501593545
0.0003205784309056809
0.00034761377252736774
0.0004098370410588528
0.0004152241273151382
0.00044457121972428575
0.00048682003834276674
0.0004826396513425582
0.000520835403621112
0.0005572486759070198
0.000549028653014731
0.0005886383714104061
0.0006297076939731921
0.000658886947582782
0.0006539200927227285
0.0006956403085496496
0.0007306081191701439
0.000730212894018188
0.0007552212912141401
0.004086478173670743
0.004581226401635736
0.0008430517133534853
0.0012607880216925261
-0.0006370958345957773
-6.654987290801294e-06
0.001363230403885507
0.00017957210522966116
0.0009655447462866037
0.0010230135319753333
0.0013095733830510174
0.001272228107198547
0.0009446691690063868
0.0011123644719521152
0.0007929883979381877
0.0010135460996443604
0.001100027680035194
0.0011678175629417985
0.001172647137515932
0.0009340163194638919
0.001738100373215063
0.0007108258262983635
0.001408876093003894
0.0006832550371500613
0.0010272105151121773
0.0006500197895609382
0.0004909536552444158
0.0004969088303679504
0.0004238566364034445
0.00045155178961630524
0.0004559680888367167
0.0006633241402280858
0.0005471971442987534
0.0006692483361589529
0.0006388306393766125
0.0007176209457555454
0.0007307873103777981
0.0006855808691186765
0.0008014142421314195
0.0008352044776281601
0.0006892574162047827
0.0008662808973663673
0.0006623985966336348
0.0006212078791591477
0.0006433512473432081
0.0006183238842622492
0.0006241198658048105
0.0006189635337729986
0.0006216895786831604
0.0006377932822536402
0.0006218692695929861
0.0006431163422914326
0.0006244035744906216
0.0006385808568869767
0.0006560535398010801
0.0006631601682221736
0.0006862164044094328
0.0006682046808625055
0.0006526998425123452
0.0006322283901197504
0.0006743531659648295
0.0006079754658872988
0.0005910224571119202
0.0005594692839638678
0.0005658897417141446
0.0005310068617807404
0.0005124038180928043
0.0005097240439012593
0.00048249434418039944
0.0004619121454137623
0.00046562404472475785
0.0004728526403779052
0.0004352277645155432
0.0004106550630753386
0.0003952116131888177
0.00041696084597280653
0.0003797046734523022
0.0003492519523871377
0.0003255930539919159
0.00034249293875747254
0.000295857215728662
0.0002714995275086533
0.00026932705858135784
0.00024688310582212937
0.00020923245146539388
0.0002033335958669528
0.00019311339522267386
0.0001455714203611529
8.980987013153707e-05
4.853900598994394e-05
7.63010936731959e-05
1.7150509948125983e-06
-5.3953445776002506e-05
-5.388660361709027e-05
-0.0001043693786461036
-0.00019188015314916272
-0.00019031936591717112
-0.0002764567647150209
-0.0002756271592010658
-0.00033658387377809003
-0.0004074505219045181
-0.00048441636250820254
-0.000443629429773434
-0.0005438144093516889
-0.0006422596215740596
-0.0006374279765522587
-0.0006192192895101229
-0.011111608259112183
-0.003491430634317335
-0.003871930527112826
-0.001758031120498944
-0.001477892209776012
0.004971354441183656
0.0012438194397695085
0.0003852372093173564
-0.0010448614770341474
2.7036061614152602e-05
-0.0004590134835425417
-0.000997889146149062
-0.00126414022198197
-0.002265560804586514
-0.0011455562956464362
-0.0017317216703168117
-0.0005984920306879611
0.0003479337479887562
-0.0015892939766550306
-0.0006211700950264574
-0.0013051501435153775
-0.0016781550897060585
-0.0015262449429857394
-0.0017810508630613621
-0.0015574765318384673
-0.002390519667347601
-0.0023768998928294927
-0.00135206201434277
-0.002251005993939754
-0.0013566815714014804
-0.0009713030162370224
-0.0011821388400454287
-0.000844518161514114
-0.0008383001569587827
-0.0009988022067667502
-0.000734940964003799
-0.0002987773867543813
-0.0008340483933286758
-0.0010769274658067537
-0.001154897610018155
-0.0012006718012069185
-0.001191045459515857
-0.001094049697007979
-0.0013088252922569996
-0.0009132358047826684
-0.0010469851774780907
-0.0009380925006400942
-0.0008266905562757549
-0.00091471385467395
-0.0007957472950151346
-0.0007465998221991655
-0.0007047211415983506
-0.0006656926114553349
-0.0006734438850868796
-0.0006758934263086312
-0.0006476670967460371
-0.0006406506612231194
-0.0006283832624349127
-0.0006445636488587132
-0.0006203459301297201
-0.0005795511807059337
-0.0005188295899221018
-0.0005655171235760687
-0.0004992742977548756
-0.00044733283455304645
-0.00046244991426631937
-0.0004174475812837385
-0.0003894480860495095
-0.000372252564216572
-0.0003630661082230098
-0.00033776281630111397
-0.00030773302127668346
-0.00030958005034457454
-0.0002740734844904568
-0.00025102470866446286
-0.00024537173833332263
-0.00021523372392591463
-0.00018462597375893937
-0.000154487264084026
-0.00015204389667128603
-0.00011338496256423781
-0.00018704764274644483
-4.29334063938066e-05
1.841202819012973e-05
1.0209346883114538e-05
1.4777807499483818e-05
2.9400896716071744e-05
3.67193452188231e-05
7.018852469288937e-05
9.82666523481851e-05
0.00012430379096433367
0.00015283662762114757
0.00018531204085016345
0.00017238773484145475
0.0002169391262620755
0.00023983182270025552
0.0002552378950015997
0.000263993433457099
0.00027213332590810875
0.0002997251530355186
0.0003084722618730126
0.0003517864170913189
0.0003392641375287419
0.0003383461407544888
0.000353878447845411
0.00033103068215598047
0.0003609667908820331
0.0003878752926958839
0.0003437955074920887
0.0026807929884218188
0.002675311975903826
0.004005093823799004
0.0015353855411778202
-0.0022311908540199547
0.0009956261651363537
0.00047178327361304594
0.0008083675195721148
0.0006453579964090967
0.00020073487144632305
0.0004593117355649048
0.0006693882167267904
0.0007967631333478105
0.0005313284204155464
0.0007167037420949744
9.997259791265622e-05
0.00034763250492406844
0.0007758709417665213
0.0008144229611252285
0.001279553593298527
0.0011199868922071173
0.00045601032688640463
0.0014049397278257105
0.000771478431393727
0.00026525042300854944
0.0007756678012446791
0.00043343574700734154
-1.6406658719642436e-05
1.3869440308056026e-05
-0.00046143696103476996
-0.0001807035319613179
0.00018955309132886411
-0.0002774873243137136
0.0001222493596336559
0.00034788576466395757
0.00031177668416139056
0.00046254699668565283
0.00035772328924221514
0.0005736704972604506
0.0004935807072107356
0.00028529287506256286
0.000520952387706065
0.00030759179093982163
0.0002079178354887516
0.0001993481539053095
0.00012617967071111534
0.00010969228340948408
0.000152656408063958
1.9144199437666433e-05
0.0001885662206582264
0.00026651755122407194
0.0003084910548933193
0.00030443971425059025
0.0003243540965137597
0.00036832810231199505
0.00036201525069872066
0.00031244290005976003
0.0003943612358996623
0.00035472870320484435
0.0003302853321793838
0.00037041949894188307
0.00033867867975924604
0.0003267230918215375
0.00033558880606871953
0.0003020110016517152
0.0003249933854478153
0.000336476979306289
0.0003242207674212657
0.00032333108805695344
0.00030975656674798123
0.00030785938588153246
0.00031180531316926473
0.0002952157928691323
0.0003100432977855559
0.0002784751766395222
0.00026631126652093806
0.00027290996356640077
0.00025503603961586293
0.0002483957678851745
0.00024434000872990407
0.0002426236764924721
0.000233025805829503
0.00022763922235662096
0.00021132639643317255
0.00021943110882503266
0.00019446764567238107
0.00018136404532348248
0.00020695018710867175
0.0001717428861565668
0.0001433646662343127
0.00012456570640704165
0.0001238695405042441
8.631894865282717e-05
8.9179246234208e-05
5.597035894497737e-05
2.5861108172517068e-05
2.217373765182465e-05
-6.075125464702654e-06
-4.2320331373848135e-05
-3.599313708580453e-05
-7.223898009859483e-05
-0.0001299544776826064
-0.0001740742766399636
-0.00015751428576152456
-0.0002241695944636993
-0.00026836318017075015
-0.0003167717132178145
-0.0002947129949625594
-0.0003806600173898351
-0.00037011429164771574
-0.0004520418636160168
-0.0005085980421591993
-0.0005128803481043937
-0.0005673869137197441
-0.0026038699001684146
-0.002537679551709786
-0.0009606299989170978
-0.0026436729790553994
-0.0007689511415350204
0.0005205980281240087
-0.0007401395271589827
-0.0013501497265313287
2.8217707487643415e-05
-0.001201322424558823
-0.001200798279414882
-0.0016273417512700054
-0.0033622590914844245
-0.0012359214849396055
-0.0014793491223505293
-0.0013443686118577364
-0.0016859162872558773
-0.0011087632808621539
-0.0020682595781552943
-0.001456470538257463
-0.0009245769767445387
-0.001667095396943045
-0.0010073491429560715
-0.0007422913542268021
-0.0007164984284271504
-0.0005837169971931786
-0.0007934884208253052
-0.0003516411845705876
-0.0005826159626698307
-0.0008690112413996449
-0.0005621250479177694
-0.0010000936854533044
-0.0009399342127977942
-0.0009799958237758579
-0.0010461442718384022
-0.0009996090098197115
-0.000728217972546296
-0.0010975076738864373
-0.0008736296823426983
-0.0006733389884134891
-0.0008132786909767848
-0.0006240269037984537
-0.000553418676975232
-0.0005264157338895108
-0.0004962076269262698
-0.0004957056910036616
-0.0004086284881922557
-0.00045047286195566824
-0.0004899142638333158
-0.00048074763962040505
-0.0004739549658314738
-0.00045797553271361265
-0.0004975415975710363
-0.00046158171185550556
-0.00039872265810111327
-0.00034166482805044303
-0.0004202062593334129
-0.00033976018822793133
-0.00027462457045826917
-0.000311414411984426
-0.00021946220804180434
-0.00021249122241023623
-0.00018906404260007933
-0.00018614690741498288
-0.00015540627785935103
-0.00015501280790883445
-0.00015580893164837036
-0.00014434271598839094
-0.0001452678400718619
-0.00015031867154708403
-0.0001384552215105239
-0.00011461035146608803
-8.769382467981493e-05
-0.00010780648547569556
-7.546585069272222e-05
-3.5967272407928784e-05
-5.0921441668917615e-05
-1.8305769959119647e-05
2.258510623181856e-05
4.8092073692421624e-05
7.002857726146415e-05
8.179666616851858e-05
0.0001059013011274823
0.00011907608033213539
0.0001428583263554154
0.00015415742975805822
0.0001601356312892363
0.00019462451854836227
0.00019708308216441074
0.000227811633544657
0.0002452086327727994
0.00023716234441778673
0.0002621780609981998
0.00028345925073721724
0.0002790174650761614
0.000297954297996184
0.0003142862948272774
0.0003261236247250032
0.0003085504159046205
0.0003481139391764434
0.0003762501594732075
0.00036517216144476487
0.0003619307617183931
0.0003736770439159119
0.0003567413365460163
0.0003701199795926351
0.0003607424597485445
0.000376585012805248
0.000392159423740577
0.006789299379536632
0.0026765250823828843
0.0011151516190823529
-0.0015416834764931928
-0.00039234255578351774
8.103099879303446e-05
0.0005922715452898295
0.00032006518866486625
0.0005350066803344358
-0.00034713853567958205
0.00032194545328572235
0.0005851658766523187
0.0006697003912446212
0.0009740858419604619
0.0007104268708250896
0.00065977671611614
0.0005615250409255349
0.0006248375661182802
0.000716333136860492
0.0006396064833179372
0.0009625315258581282
0.0007253307427433001
0.00048473913143805454
0.0009793313706340484
0.0006906687203583398
0.0004487738290025685
0.0004463441390354993
0.0001923116326511265
0.00020629434709491085
0.0001811427462193238
0.0002446952989671267
9.227264438064114e-05
0.00019532506480419114
0.00028237756005195853
0.000302625600305253
0.00020750801363476437
0.00030509310004817476
0.0003045640831604895
0.00037968028435065616
0.00032361678468165547
0.0004500525134020999
0.0003824405382757987
0.0002937650045600273
