1.9086859226226807
1.9214434623718262
1.9343602657318115
1.9468028545379639
1.9594786167144775
1.9721596240997314
1.9854378700256348
1.9983088970184326
2.010316848754883
2.0226409435272217
2.0350277423858643
2.0472071170806885
2.0592730045318604
2.072254180908203
2.0850374698638916
2.10007905960083
2.1156740188598633
2.1304008960723877
2.1423089504241943
2.15433669090271
2.166775941848755
2.17952299118042
2.1925511360168457
2.204775810241699
2.2167885303497314
2.2309250831604004
2.2555134296417236
2.2684719562530518
2.2809736728668213
2.2934412956237793
2.306195020675659
2.3186252117156982
2.331428289413452
2.347900152206421
2.3646399974823
2.382927656173706
2.3959877490997314
2.4086382389068604
2.4210405349731445
2.4334592819213867
2.445711851119995
2.4583241939544678
2.4712681770324707
2.4853973388671875
2.5134260654449463
2.5258467197418213
2.538309097290039
2.5511038303375244
2.5637454986572266
2.575906276702881
2.587799072265625
2.6002352237701416
2.6131153106689453
2.6336944103240967
2.6479384899139404
2.6605684757232666
2.673238754272461
2.685896158218384
2.6986401081085205
2.7112815380096436
2.72365403175354
2.736076831817627
2.749441385269165
2.7638328075408936
2.777090072631836
2.7892136573791504
2.8017613887786865
2.8146891593933105
2.827185869216919
2.839465379714966
2.8518402576446533
2.864225387573242
2.882331609725952
2.89853835105896
2.914506435394287
2.9267756938934326
2.9386324882507324
2.950573205947876
2.9624617099761963
2.974517583847046
2.9864420890808105
2.998852252960205
3.0110204219818115
3.036379098892212
3.0492146015167236
3.0617294311523438
3.0741336345672607
3.0865378379821777
3.0984046459198
3.1104445457458496
3.1227567195892334
3.1373167037963867
3.1542651653289795
3.1674444675445557
3.1804254055023193
3.192453384399414
3.204747200012207
3.216879367828369
3.22883939743042
3.2407076358795166
3.255270481109619
3.2816219329833984
3.2939560413360596
3.305945634841919
3.3180642127990723
3.33005952835083
3.342477798461914
3.3550379276275635
3.367769956588745
3.383211135864258
3.3957877159118652
3.4079368114471436
3.420393228530884
3.4328408241271973
3.445587396621704
3.4575858116149902
3.4695210456848145
3.481821060180664
3.495880603790283
3.5209438800811768
3.533273935317993
3.545152187347412
3.5572333335876465
3.569054365158081
3.5811197757720947
3.5935280323028564
3.607637405395508
3.6221201419830322
3.6349799633026123
3.6473159790039062
3.6595518589019775
3.6714775562286377
3.6835246086120605
3.6959378719329834
3.708183765411377
3.7211172580718994
3.7351319789886475
3.749541997909546
3.762183666229248
3.774315595626831
3.7868101596832275
3.799597978591919
3.8117311000823975
3.823570728302002
3.835623264312744
3.8484737873077393
3.861755132675171
3.8803200721740723
3.894641637802124
3.9066460132598877
3.919032096862793
3.931094169616699
3.9432506561279297
3.955319404602051
3.967808246612549
3.9805679321289062
3.9948859214782715
4.007415771484375
4.020152807235718
4.032134771347046
4.045209169387817
4.057957172393799
4.0699827671051025
4.081963539123535
4.094316720962524
4.107090950012207
4.120433807373047
4.132554531097412
4.144785165786743
4.156853914260864
4.16910195350647
4.181272745132446
4.193029403686523
4.204808473587036
4.224809408187866
4.237024307250977
4.248953342437744
4.260719060897827
4.273134708404541
4.285190105438232
4.297720432281494
4.309949159622192
4.323718547821045
4.3377509117126465
4.3505470752716064
4.362829685211182
4.3746960163116455
4.3866283893585205
4.3985936641693115
4.4107115268707275
4.422636270523071
4.437127590179443
4.461358308792114
4.473586320877075
4.486191272735596
4.498920202255249
4.511396884918213
4.52392315864563
4.53654146194458
4.54875922203064
4.5628721714019775
4.577635049819946
4.589966297149658
4.602146148681641
4.614221096038818
4.627328157424927
4.639857530593872
4.652026891708374
4.671887397766113
4.68882155418396
4.706119537353516
4.718174695968628
4.730079412460327
4.74220085144043
4.755045652389526
4.7681005001068115
4.7808191776275635
4.793184757232666
4.807556867599487
4.831671714782715
4.843745708465576
4.8561248779296875
4.868801116943359
4.881149768829346
4.89349102973938
4.906146049499512
4.919214248657227
4.934649229049683
4.948589324951172
4.961747407913208
4.974030017852783
4.985813856124878
4.997692346572876
5.009909152984619
5.022317409515381
5.0351526737213135
5.048947334289551
5.078476428985596
5.0907065868377686
5.103040933609009
5.115350723266602
5.127151250839233
5.138993263244629
5.151015520095825
5.164457082748413
5.179221153259277
5.192427635192871
5.20432448387146
5.216686964035034
5.228684902191162
5.240670919418335
5.2524425983428955
5.26449728012085
5.277479648590088
5.290369033813477
5.3028483390808105
5.315084218978882
5.327270746231079
5.339815139770508
5.352563381195068
5.3651816844940186
5.379877328872681
5.4045281410217285
5.416550159454346
5.428439140319824
5.440581560134888
5.4525909423828125
5.464909553527832
5.477560043334961
5.489887714385986
5.503325700759888
5.516878366470337
5.52926230430603
5.541466474533081
5.553537368774414
5.5657172203063965
5.578535795211792
5.590578079223633
5.602702856063843
5.61618971824646
5.639612913131714
5.651788711547852
5.663865566253662
5.675946950912476
5.688648462295532
5.701115369796753
5.712914228439331
5.727201461791992
5.748278379440308
5.760260820388794
5.772659063339233
5.7850165367126465
5.79752779006958
5.809506177902222
5.821546316146851
5.833663702011108
5.846414566040039
5.864306688308716
5.877917289733887
5.890520334243774
5.903137683868408
5.91585898399353
5.928417205810547
5.941829204559326
5.954051733016968
5.966782569885254
5.980752944946289
6.00805139541626
6.020390748977661
6.032886505126953
6.045278310775757
6.057674407958984
6.070125341415405
6.08262825012207
6.09562873840332
6.108231782913208
6.132205009460449
6.144191026687622
6.156174898147583
6.168222188949585
6.180090665817261
6.192214250564575
6.20446252822876
6.217563152313232
6.233873605728149
6.246393203735352
6.2591845989227295
6.271960973739624
6.284511089324951
6.2967329025268555
6.308873891830444
6.321073293685913
6.340138673782349
6.3573713302612305
6.379089117050171
6.391753196716309
6.403881311416626
6.4160473346710205
6.428117990493774
6.440338611602783
6.4520745277404785
6.465247392654419
6.4808807373046875
6.4943318367004395
6.506493330001831
6.518537759780884
6.530597925186157
6.543694972991943
6.556298017501831
6.593738079071045
6.606632232666016
6.618829965591431
6.631624698638916
6.643765926361084
6.655804872512817
6.668519496917725
6.681300640106201
6.695476055145264
6.714022397994995
6.731534481048584
6.74364161491394
6.755859851837158
6.768351793289185
6.780872344970703
6.793647766113281
6.80592155456543
6.818491220474243
6.8358869552612305
6.863669157028198
6.876505613327026
6.888598918914795
6.900829076766968
6.9139039516448975
6.926597595214844
6.939432144165039
6.951754331588745
6.964628458023071
6.979924440383911
7.006028175354004
7.018532991409302
7.031140565872192
7.043848752975464
7.056635618209839
7.068931341171265
7.080870866775513
7.093275785446167
7.106714963912964
7.1194586753845215
7.131474018096924
7.143716812133789
7.15578031539917
7.168411016464233
7.18072772026062
7.192809343338013
7.205641984939575
7.219259262084961
7.23289680480957
7.245624303817749
7.25827169418335
7.270616054534912
7.282812833786011
7.295550584793091
7.3075971603393555
7.320532560348511
7.3428685665130615
7.357721567153931
7.370196104049683
7.382655382156372
7.394954204559326
7.407378911972046
7.420248508453369
7.434885740280151
7.448034763336182
7.463768482208252
7.490527868270874
7.506017446517944
7.5180137157440186
7.531067848205566
7.544071197509766
7.5565667152404785
7.568972826004028
7.581063985824585
7.594660997390747
7.6085522174835205
7.622670888900757
7.635088920593262
7.647316217422485
7.6598076820373535
7.671936750411987
7.684001207351685
7.696718454360962
7.710052490234375
7.726673364639282
7.740563869476318
7.752970218658447
7.765167951583862
7.777035474777222
7.789175987243652
7.80152153968811
7.814085245132446
7.826975345611572
7.841653108596802
7.856388092041016
7.868863821029663
7.881186008453369
7.893934011459351
7.906679630279541
7.919672727584839
7.932923078536987
7.9458513259887695
7.9585840702056885
7.982263565063477
7.99437403678894
8.00640058517456
8.018490076065063
8.030565977096558
8.042594194412231
8.054931163787842
8.067689895629883
8.082446575164795
8.095077991485596
8.107506036758423
8.119709014892578
8.132035493850708
8.144609451293945
8.157092571258545
8.169431447982788
8.18470573425293
8.20057725906372
8.214773893356323
8.226786851882935
8.238775968551636
8.251358985900879
8.263689756393433
8.27620792388916
8.288684844970703
8.301793575286865
8.316676139831543
8.331089496612549
8.343837022781372
8.356511354446411
8.369178533554077
8.381480932235718
8.394527435302734
8.40707540512085
8.419558763504028
8.435668230056763
8.461698770523071
8.474530220031738
8.487298250198364
8.500152349472046
8.512681722640991
8.525426864624023
8.538246870040894
8.552753686904907
8.576972246170044
8.59023380279541
8.602323532104492
8.614684343338013
8.627175569534302
8.64003610610962
8.653643369674683
8.666625022888184
8.679792642593384
8.702124118804932
8.716792583465576
8.728807210922241
8.741176843643188
8.753585815429688
8.765792846679688
8.778337240219116
8.790771722793579
8.803354978561401
29.58803391456604
29.60409688949585
29.61684226989746
29.629237174987793
29.641825914382935
29.65521001815796
29.667840003967285
29.6803617477417
29.69252920150757
29.705681085586548
29.720751523971558
29.734091758728027
29.746220111846924
29.758113145828247
29.770341157913208
29.782880306243896
29.79544949531555
29.80800151824951
29.82042384147644
29.833701133728027
29.853124618530273
29.865360975265503
29.878165006637573
29.89091682434082
29.903620719909668
29.91614031791687
29.928593635559082
29.94066858291626
29.954103231430054
29.97754693031311
29.989819526672363
30.00218892097473
30.014373302459717
30.026321411132812
30.038264751434326
30.050291299819946
30.062844038009644
30.07759404182434
30.091737747192383
30.104015111923218
30.11620259284973
30.1283278465271
30.140395402908325
30.15247869491577
30.164531469345093
30.176711320877075
30.191038131713867
30.215224266052246
30.228333711624146
30.241223335266113
30.253849029541016
30.266799449920654
30.279792308807373
30.29231071472168
30.304741382598877
30.317623138427734
30.335121154785156
30.348966360092163
30.36173367500305
30.374433994293213
30.387014627456665
30.39947819709778
30.411969661712646
30.424497604370117
30.43854022026062
30.455944061279297
30.470953464508057
30.483191967010498
30.495424032211304
30.508069276809692
30.520341157913208
30.532899618148804
30.545196771621704
30.557384729385376
30.581891298294067
30.594905853271484
30.60774302482605
30.62015700340271
30.632823944091797
30.64578604698181
30.65813446044922
30.670393466949463
30.683032989501953
30.7019202709198
30.71898365020752
30.732182025909424
30.744520902633667
30.75688648223877
30.769489526748657
30.781790494918823
30.794039964675903
30.80633783340454
30.821470975875854
30.836975574493408
30.849998712539673
30.862379550933838
30.87532067298889
30.887295722961426
30.89932417869568
30.911588430404663
30.924174547195435
30.936301469802856
30.948909282684326
30.962408542633057
30.976805925369263
30.989473819732666
31.00162982940674
31.014099597930908
31.02667546272278
31.03950810432434
31.05234146118164
31.065134525299072
31.078566312789917
31.094327211380005
31.1197669506073
31.13258695602417
31.144890546798706
31.15757656097412
31.169984340667725
31.181758165359497
31.193634033203125
31.205833435058594
31.218992471694946
31.240740060806274
31.25617003440857
31.268836736679077
31.281436443328857
31.294050216674805
31.306286334991455
31.318535804748535
31.331554889678955
31.347477674484253
31.36252188682556
31.37506890296936
31.38825798034668
31.400825023651123
31.413111209869385
31.426019430160522
31.438562393188477
31.450904607772827
31.469993352890015
31.484097242355347
31.49643635749817
31.50891947746277
31.520934581756592
31.534487009048462
31.54691481590271
31.55962824821472
31.572362899780273
31.594684839248657
31.607486486434937
31.61937117576599
31.63147759437561
31.643508911132812
31.65566396713257
31.701254844665527
31.715656995773315
31.727920055389404
31.739996910095215
31.752179861068726
31.76416277885437
31.77597141265869
31.787877798080444
31.80032706260681
31.813268661499023
31.82745337486267
31.839731693267822
31.851744890213013
31.864306926727295
31.876502752304077
31.889001846313477
31.901423454284668
31.91370415687561
31.926198720932007
31.940118312835693
31.964401483535767
31.97700262069702
31.98964285850525
32.00210452079773
32.01450157165527
32.026580572128296
32.038705825805664
32.051493883132935
32.06435465812683
32.08043694496155
32.093132734298706
32.10562491416931
32.1177659034729
32.13003468513489
32.142788887023926
32.15530967712402
32.1677451133728
32.18256187438965
32.19813942909241
32.21194529533386
32.224406719207764
32.23653173446655
32.24883985519409
32.26127338409424
32.274099588394165
32.28630757331848
32.29950141906738
32.31402254104614
32.327521324157715
32.33967423439026
32.35157489776611
32.36408829689026
32.37691259384155
32.38921856880188
32.401052951812744
32.412954330444336
32.42555904388428
32.43820381164551
32.45275092124939
32.46672344207764
32.479103088378906
32.49105501174927
32.502984046936035
32.51508140563965
32.52699422836304
32.539183616638184
32.551631450653076
32.56801223754883
32.59447169303894
32.606661796569824
32.61898159980774
32.63189172744751
32.644696950912476
32.65709948539734
32.668861627578735
32.68066644668579
32.69546031951904
32.712502241134644
32.72502255439758
32.73722267150879
32.749358892440796
32.76176071166992
32.77422285079956
32.786667346954346
32.79959726333618
32.8151638507843
32.83985090255737
32.85209345817566
32.864338874816895
32.87627410888672
32.88831949234009
32.90034532546997
32.91248178482056
32.924328088760376
32.938589572906494
32.96304202079773
32.977338552474976
32.98954129219055
33.00239610671997
33.01527261734009
33.02841329574585
33.04146862030029
33.05395269393921
33.06594252586365
33.080291509628296
33.099717140197754
33.11343812942505
33.125696659088135
33.13759732246399
33.14968657493591
33.162240743637085
33.174336433410645
33.186477184295654
33.199273109436035
33.21854209899902
33.23432946205139
33.24655771255493
33.25930333137512
33.2730872631073
33.28555226325989
33.297977685928345
33.310961961746216
33.3237624168396
33.3378643989563
33.35252594947815
33.365293741226196
33.37782621383667
33.39047193527222
33.40323209762573
33.415581703186035
33.42797541618347
33.44124507904053
33.456960916519165
33.47073221206665
33.483004331588745
33.495187282562256
33.50729489326477
33.51933288574219
33.53141117095947
33.543848276138306
33.55709671974182
33.57245898246765
33.586336851119995
33.598432540893555
33.61043882369995
33.62259864807129
33.63499450683594
33.64770770072937
33.66017532348633
33.67252516746521
33.68460297584534
33.69680619239807
33.70915651321411
33.73098397254944
33.745849609375
33.757779598236084
33.76975727081299
33.78172183036804
33.79391884803772
33.80640482902527
33.818973779678345
33.83185625076294
33.8457887172699
33.8698194026947
33.8819580078125
33.894461154937744
33.90717434883118
33.92026662826538
33.93287515640259
33.94516038894653
33.95838785171509
33.97266864776611
33.985690116882324
33.99789619445801
34.01006817817688
34.02208995819092
34.034213066101074
34.046273708343506
34.05835175514221
34.070905447006226
34.0875506401062
34.11252951622009
34.12524485588074
34.137277364730835
34.14996552467346
34.16410160064697
34.1763858795166
34.18846130371094
34.20043158531189
34.21481418609619
34.230395793914795
34.24402165412903
34.25621008872986
34.268444538116455
34.281309843063354
34.293755292892456
34.30616116523743
34.31835579872131
34.33201622962952
34.345913887023926
34.35986948013306
34.37219738960266
34.384289264678955
34.396366357803345
34.4089150428772
34.42140460014343
34.43342304229736
34.44934606552124
34.462533712387085
34.47481036186218
34.48672962188721
34.498602867126465
34.51079726219177
34.52372097969055
34.53622126579285
34.548799991607666
34.56187081336975
34.57827091217041
34.607948780059814
34.620296239852905
34.632665395736694
34.64494013786316
34.657543420791626
34.66972875595093
34.682100772857666
34.694668769836426
34.70819592475891
34.72144103050232
34.73437237739563
34.747339725494385
34.76019310951233
34.77283239364624
34.78517937660217
34.79711985588074
34.80986142158508
34.82512640953064
34.84968328475952
34.86194396018982
34.87438249588013
34.88713097572327
34.89987850189209
34.91269564628601
34.92583894729614
34.93853998184204
34.95169973373413
34.96510672569275
34.97773194313049
34.99077272415161
35.00500965118408
35.018105030059814
35.030314445495605
35.043132305145264
35.05626893043518
35.06905722618103
35.083186864852905
35.09918284416199
35.11433959007263
35.127137422561646
35.13998293876648
35.15272498130798
35.164727449417114
35.17693543434143
35.18895983695984
35.20180630683899
35.21707558631897
35.240087032318115
35.253583908081055
35.2657036781311
35.27775478363037
35.29009795188904
35.30250811576843
35.31491827964783
35.32784295082092
35.340550661087036
35.357051849365234
35.37313890457153
35.38522458076477
35.397146701812744
35.40928840637207
35.42190718650818
35.43479657173157
35.447232246398926
35.459858894348145
35.477452516555786
35.49061846733093
35.50310301780701
35.51557421684265
35.527440786361694
35.540170669555664
35.552754163742065
35.56571316719055
35.587061166763306
35.600695848464966
35.6129424571991
35.62471032142639
35.63743567466736
35.650137424468994
35.662943601608276
35.67640042304993
35.68993830680847
35.704163551330566
35.73203659057617
35.74428367614746
35.75666117668152
35.76895880699158
35.78169512748718
35.795395612716675
35.808884382247925
35.82459568977356
35.840229988098145
35.85432434082031
35.866366386413574
35.87874984741211
35.89140248298645
35.90401768684387
35.91700339317322
35.929572105407715
35.9422869682312
35.95601797103882
35.969218015670776
35.981077671051025
35.9928457736969
36.00486373901367
36.017313957214355
36.02950072288513
36.041980028152466
36.054163455963135
36.0677170753479
36.09078335762024
36.103537797927856
36.11593842506409
36.12832069396973
36.14022779464722
36.152642488479614
36.16509985923767
36.18147325515747
36.19417953491211
36.20720386505127
36.21971893310547
36.23206281661987
36.24472212791443
36.25735664367676
36.270161628723145
36.28429079055786
36.300280809402466
36.314399003982544
36.326799392700195
36.33893942832947
36.351221799850464
36.36323809623718
36.375752449035645
36.388580560684204
36.40139079093933
36.4164719581604
36.43070340156555
36.443116903305054
36.455251693725586
36.46780347824097
36.4806387424469
36.493563175201416
36.50655817985535
36.519338846206665
36.532960414886475
36.54955792427063
36.564124584198
36.577232837677
36.589617013931274
36.60153126716614
36.613500118255615
36.6257643699646
36.63886880874634
36.65152096748352
36.66373896598816
36.68167209625244
36.70618486404419
36.71829962730408
36.730387926101685
36.74252510070801
36.75459265708923
36.7664430141449
36.778358936309814
36.791107177734375
36.80995011329651
36.83890700340271
36.851479053497314
36.86447501182556
36.87740468978882
36.889654874801636
36.9016797542572
36.91391921043396
36.93427324295044
36.96287155151367
36.97670125961304
36.989280223846436
37.001083850860596
37.01298689842224
37.0255241394043
37.03837609291077
37.05089545249939
37.06372380256653
37.07689070701599
37.09003281593323
37.10258150100708
37.115132570266724
37.12776756286621
37.14034652709961
37.15283226966858
37.166396379470825
37.18518280982971
37.20038080215454
37.21253752708435
37.22539806365967
37.23806118965149
37.25099301338196
37.263909101486206
37.276626110076904
37.28956127166748
37.30572152137756
37.32360243797302
37.33636713027954
37.34903335571289
37.361013650894165
37.37343907356262
37.38614821434021
37.3983371257782
37.41335964202881
37.426626682281494
37.43845272064209
37.45043325424194
37.462517499923706
37.47430729866028
37.48621368408203
37.498186349868774
37.510157346725464
37.524261236190796
37.53700852394104
37.54922127723694
37.561283588409424
37.5734338760376
37.585593938827515
37.59959316253662
37.61266231536865
37.624850034713745
37.636922121047974
37.649649143218994
37.662569522857666
37.67526435852051
37.688016414642334
37.700648069381714
37.712937116622925
37.72505569458008
37.73749589920044
37.750499963760376
37.76625061035156
37.78361773490906
37.7962806224823
37.80859017372131
37.820756912231445
37.83281707763672
37.84488654136658
37.8569974899292
37.869057178497314
37.8810613155365
37.90445685386658
37.916990995407104
37.92963695526123
37.94227361679077
37.955530643463135
37.968456983566284
37.98101091384888
37.99352169036865
38.01172232627869
38.0255401134491
38.03804326057434
38.050315856933594
38.063050508499146
38.07563328742981
38.08880639076233
38.10214853286743
38.115166664123535
38.129241704940796
38.14312410354614
38.15594005584717
38.168477296829224
38.18089962005615
38.19306802749634
38.20507335662842
38.217371225357056
38.22926211357117
38.244964361190796
38.26328110694885
38.27563977241516
38.28771233558655
38.300501346588135
38.31328630447388
38.325642824172974
38.338305711746216
38.35019636154175
38.36323928833008
38.38844418525696
38.40081334114075
38.41314244270325
38.4255154132843
38.43764925003052
38.44976043701172
38.46215081214905
38.4751353263855
38.48820662498474
38.508843660354614
38.526867151260376
38.541470766067505
38.55394506454468
38.566033124923706
38.578362464904785
38.590927600860596
38.60351896286011
38.615967750549316
38.6310977935791
38.65193843841553
38.66565132141113
38.67769241333008
38.69005346298218
38.70262813568115
38.71535849571228
38.72822403907776
38.74073886871338
38.75318145751953
38.767483949661255
38.79595160484314
38.808101654052734
38.82025456428528
38.83223080635071
38.8446102142334
38.856773376464844
38.868999004364014
38.88181185722351
38.89996361732483
38.91444206237793
38.92728042602539
38.940627574920654
38.953266859054565
38.96631669998169
38.97940158843994
38.991482734680176
39.003639459609985
39.016841888427734
39.031169414520264
39.044313192367554
39.05659198760986
39.06861209869385
39.080729961395264
39.09271764755249
39.1058030128479
39.1184778213501
39.130971908569336
39.14369869232178
39.16027641296387
39.17528820037842
39.18910193443298
39.20164132118225
39.21396446228027
39.226343393325806
39.23815131187439
39.25036430358887
39.2626690864563
39.275307416915894
39.290605306625366
39.3120059967041
39.32473850250244
39.33657956123352
39.34881806373596
39.361318588256836
39.37373185157776
39.38590717315674
39.39984655380249
39.41376996040344
39.447818994522095
39.460012674331665
39.47203540802002
39.48465871810913
39.50030851364136
39.513256311416626
39.52574920654297
39.53803610801697
39.55155873298645
39.56500315666199
39.577263832092285
39.589123010635376
39.60138463973999
39.613617181777954
39.626219511032104
39.63858509063721
39.65109610557556
39.66429424285889
39.67838764190674
39.69057869911194
39.7028272151947
39.71525764465332
39.72754883766174
39.7403028011322
39.75315451622009
39.76581144332886
39.77852749824524
39.79195427894592
39.80529808998108
39.81739163398743
39.82946300506592
39.84187078475952
39.85413599014282
39.866164684295654
39.87824749946594
39.89134120941162
39.91515636444092
39.9278450012207
39.94032645225525
39.953325271606445
39.966158866882324
39.978195667266846
39.991567611694336
40.00588870048523
40.01985692977905
40.03420901298523
40.048973083496094
40.06134748458862
40.073646545410156
40.085734844207764
40.09794640541077
40.11033248901367
40.12235426902771
40.13420867919922
40.1471061706543
40.16007924079895
40.172789335250854
40.18531608581543
40.197699785232544
40.21025323867798
40.22233510017395
40.23490929603577
40.24798941612244
40.265294790267944
40.282986879348755
40.29506254196167
40.307952880859375
40.32078719139099
40.33355498313904
40.346211671829224
40.3592267036438
40.37277173995972
40.387062788009644
40.40559530258179
40.41896057128906
40.430938482284546
40.442837953567505
40.454814195632935
40.46675133705139
40.478739976882935
40.490983724594116
40.506043434143066
40.53291368484497
40.54542779922485
40.55780339241028
40.570716857910156
40.58340549468994
40.59587121009827
40.6080539226532
40.620609998703
40.64215922355652
40.667457580566406
40.68014883995056
40.692920207977295
40.70555353164673
40.71808576583862
40.73075008392334
40.743412256240845
40.75728702545166
40.77260446548462
40.785627603530884
40.79795575141907
40.8105309009552
40.822736501693726
40.83489513397217
40.84729719161987
40.859455585479736
40.873143911361694
40.88685703277588
40.89947533607483
40.91136145591736
40.923062801361084
40.93527626991272
40.94730019569397
40.95962977409363
40.97172427177429
40.98555564880371
41.00184106826782
41.02667546272278
41.03867697715759
41.05098819732666
41.063618659973145
41.076387882232666
41.08893179893494
41.101218700408936
41.11778688430786
41.13273787498474
41.14762997627258
41.160560131073
41.17276573181152
41.18539762496948
41.19881534576416
41.21148705482483
41.224445819854736
41.237343311309814
41.250258684158325
41.26360583305359
41.275893688201904
41.28793954849243
41.299882650375366
41.31206679344177
41.32442665100098
41.33663535118103
41.34921932220459
41.362411975860596
41.375056982040405
41.386820793151855
41.39880061149597
41.41091060638428
41.42320895195007
41.43511629104614
41.44710183143616
41.45945167541504
41.47229051589966
41.48730659484863
41.502116441726685
41.514699935913086
41.52731895446777
41.539958238601685
41.55221676826477
41.56455183029175
41.5765278339386
41.589149713516235
41.60271191596985
41.61571955680847
41.62874984741211
41.641539096832275
41.65402054786682
41.6659517288208
41.70258927345276
41.72367215156555
41.73811459541321
41.75074911117554
41.7631402015686
41.7756929397583
41.787989377975464
41.80066680908203
41.81317853927612
41.825483083724976
41.84055829048157
41.85763502120972
41.87017369270325
41.8826744556427
41.8951735496521
41.90738821029663
41.919769525527954
41.93200087547302
41.94472026824951
41.96358919143677
41.98495149612427
41.99964380264282
42.01209735870361
42.02463245391846
42.03775095939636
42.050408124923706
42.062673568725586
42.07533121109009
42.091251611709595
42.1067681312561
42.1199369430542
42.13219118118286
42.14456129074097
42.156588554382324
42.16862750053406
42.180376291275024
42.19290256500244
42.20616149902344
42.22029185295105
42.234195947647095
42.24614930152893
42.25851583480835
42.27061414718628
42.282432556152344
42.29465627670288
42.30656909942627
42.319206953048706
42.33474922180176
42.35529351234436
42.36785817146301
42.3797070980072
42.391974687576294
42.404356718063354
42.418110609054565
42.43118476867676
42.44392967224121
42.456791162490845
42.47082161903381
42.486061334609985
42.500343322753906
42.512903690338135
42.5252959728241
42.53771209716797
42.550270557403564
42.56311798095703
42.57582902908325
42.58832311630249
42.60194516181946
42.61614513397217
42.62862586975098
42.64115500450134
42.653815269470215
42.66655898094177
42.67961931228638
42.69258785247803
42.70583939552307
42.71907091140747
42.73216509819031
42.744662046432495
42.757561683654785
42.77003049850464
42.78219223022461
42.794116258621216
42.80613660812378
42.820111989974976
42.846922397613525
42.85904145240784
42.871129751205444
42.883912563323975
42.896007776260376
42.90794038772583
42.92007851600647
42.93258714675903
42.95053720474243
42.967867374420166
42.9807071685791
42.993584871292114
43.006516218185425
43.01929211616516
43.03183031082153
43.04419183731079
43.0564444065094
43.07099199295044
43.08566236495972
43.09970211982727
43.11177134513855
43.12446641921997
43.13661313056946
43.149009227752686
43.16082000732422
43.172746658325195
43.18521547317505
43.1990327835083
43.2120623588562
43.22423052787781
43.23644542694092
43.24840259552002
43.26080536842346
43.27364802360535
43.28628706932068
43.2987699508667
43.31161403656006
43.32502770423889
43.34259867668152
43.35478901863098
43.366835832595825
43.37905526161194
43.39118194580078
43.40320086479187
43.41582703590393
43.42835593223572
43.444854974746704
43.46545910835266
43.478235483169556
43.490596294403076
43.50325655937195
43.51547312736511
43.528693199157715
43.542187213897705
43.55568194389343
43.57016944885254
43.583250522613525
43.59531879425049
43.60714030265808
43.619057178497314
43.631099700927734
43.64309859275818
43.655189990997314
43.66804885864258
43.68473768234253
43.70521140098572
43.71759104728699
43.73004221916199
43.74254083633423
43.754554271698
43.766639709472656
43.77889561653137
43.792508602142334
43.80795168876648
43.82322812080383
43.835137128829956
43.84814119338989
43.86095428466797
43.87321448326111
43.88583278656006
43.89872717857361
43.91565537452698
43.92955255508423
43.94151258468628
43.953686475753784
43.96625852584839
43.978525161743164
43.99104619026184
44.00362467765808
44.016470193862915
44.028767347335815
44.045676708221436
44.060452461242676
44.0732216835022
44.08537745475769
44.09760642051697
44.10956954956055
44.12192249298096
44.135047912597656
44.14879488945007
44.16514015197754
44.17959260940552
44.191593647003174
44.20387005805969
44.21597218513489
44.228020668029785
44.24059724807739
44.252962827682495
44.265565395355225
44.28114604949951
44.30461072921753
44.31697154045105
44.329469442367554
44.342177867889404
44.35495710372925
44.36752128601074
44.38061809539795
44.39415621757507
44.40773892402649
44.426461696624756
44.44027638435364
44.452439069747925
44.46515679359436
44.47786569595337
44.49066090583801
44.50353193283081
44.51675891876221
44.529696226119995
44.544610261917114
44.56532859802246
44.577409505844116
44.58918786048889
44.60240983963013
44.61561369895935
44.62775278091431
44.640456438064575
44.6537389755249
44.6793737411499
44.694618701934814
44.70755887031555
44.720338582992554
44.73301935195923
44.745681285858154
44.75821495056152
44.770679235458374
44.78331661224365
44.79757642745972
44.81186056137085
44.82493996620178
44.837223052978516
44.84933805465698
44.861594915390015
44.873507499694824
44.885804653167725
44.89847111701965
44.91315245628357
44.927385330200195
44.94022274017334
44.953229665756226
44.96587157249451
44.97803211212158
44.989999771118164
45.002028942108154
45.01424288749695
45.027074098587036
45.0413179397583
45.053558349609375
45.06562352180481
45.078553438186646
45.091341972351074
45.10387992858887
45.11668682098389
45.12929916381836
45.143486738204956
45.16500759124756
45.17732334136963
45.18974566459656
45.20201587677002
45.214011907577515
45.22621130943298
45.238492250442505
45.250739097595215
45.26375341415405
45.27737998962402
45.29017448425293
45.3020396232605
45.3138906955719
45.32583808898926
45.33810639381409
45.35101079940796
45.36371088027954
45.376872301101685
45.39185404777527
45.41724967956543
45.42942571640015
45.441436767578125
45.45363926887512
45.46617794036865
45.478986501693726
45.492141008377075
45.5051372051239
45.51818251609802
45.531476974487305
45.544180154800415
45.55668258666992
45.56854438781738
45.5805504322052
45.59263348579407
45.60505175590515
45.6177396774292
45.63362193107605
45.659443616867065
45.67162775993347
45.68360686302185
45.695640563964844
45.70813298225403
45.72103023529053
45.73371458053589
45.74907088279724
45.765280961990356
45.77796816825867
45.7899694442749
45.80232071876526
45.81501030921936
45.827476501464844
45.84011459350586
45.85262489318848
45.86584138870239
45.879199266433716
45.892139196395874
45.90499019622803
45.91788578033447
45.930336475372314
45.942781925201416
45.955522298812866
45.968883752822876
45.98787307739258
46.004416942596436
46.01956653594971
46.031656980514526
46.04401206970215
46.056190967559814
46.068345069885254
46.08103704452515
46.09374213218689
46.10645055770874
46.12014937400818
46.13439178466797
46.151129961013794
46.163312673568726
46.17564940452576
46.18846082687378
46.20149517059326
46.21417808532715
46.22673463821411
46.23927283287048
46.25139665603638
46.263731241226196
46.27750754356384
46.29080319404602
46.303375244140625
46.315951108932495
46.32862710952759
46.3412766456604
46.35375666618347
46.36602807044983
46.382060050964355
46.39680862426758
46.409595012664795
46.42194390296936
46.4342987537384
46.4463849067688
46.458532094955444
46.47056794166565
46.482627868652344
46.49564528465271
46.50929880142212
46.52150797843933
46.534125089645386
46.54688906669617
46.559667110443115
46.57198405265808
46.58450746536255
46.59734654426575
46.610045433044434
46.622713565826416
46.635162353515625
46.64724683761597
46.65947866439819
46.67172622680664
46.683974266052246
46.69654393196106
46.7094829082489
46.72313213348389
46.7404260635376
46.75390839576721
46.76636862754822
46.778950929641724
46.791224002838135
46.80404448509216
46.81684446334839
46.829572439193726
46.842440128326416
46.85859942436218
46.873472690582275
46.88620185852051
46.898921489715576
46.91163206100464
46.9238862991333
46.936100244522095
46.9481143951416
46.96071171760559
46.97382426261902
46.98625707626343
46.999160051345825
47.012089014053345
47.024972438812256
47.03802752494812
47.050816774368286
47.06341505050659
47.07878017425537
47.09463286399841
47.10850787162781
47.12107801437378
47.134352922439575
47.147778034210205
47.16090512275696
47.173853635787964
47.18647575378418
47.19967985153198
47.212491512298584
47.22635197639465
47.24173665046692
47.25673747062683
47.269373178482056
47.2819242477417
47.294129371643066
47.3061900138855
47.318403244018555
47.33109736442566
47.344836711883545
47.37082290649414
47.38582396507263
47.39819264411926
47.41034507751465
47.422428607940674
47.43435621261597
47.44639778137207
47.4585862159729
47.47144794464111
47.48434042930603
47.49740695953369
47.50982165336609
47.52234125137329
47.53502011299133
47.54721021652222
47.55921506881714
47.57126760482788
47.58472204208374
47.59777855873108
47.60968542098999
47.621721267700195
47.63368105888367
47.645875453948975
47.65780472755432
47.66972231864929
47.6818482875824
47.69967985153198
47.713770389556885
47.72705101966858
47.73886156082153
47.75149130821228
47.76454305648804
47.777175188064575
47.78920841217041
47.80185341835022
47.814521074295044
47.83013296127319
47.849130630493164
47.86514353752136
47.87853646278381
47.89106202125549
47.903801679611206
47.9161696434021
47.92873167991638
47.941044092178345
47.953911542892456
47.978917598724365
47.99392771720886
48.00691890716553
48.01923584938049
48.03213286399841
48.04477047920227
48.057384967803955
48.06983280181885
48.08287739753723
