-33.696928628744246
-24.87473327813018
-23.08883035465328
-25.271570204786173
-24.195173465677847
-25.9489584172313
-25.349515096246883
-25.32602482255456
-28.003116144231356
-29.339359973456713
-24.47195778614695
-27.96684080937352
-30.051601893298635
-23.049409259520438
-26.4715768453806
-22.71625625869818
-23.962546764972846
-18.7136569679083
-29.084441733532945
-26.27857681361434
-29.177050855454652
-24.943797008644992
-23.311252813022193
-24.22673682120176
-27.41795468201211
-25.446596346823238
-26.8903340352762
-24.823063909420366
-27.068251005307754
-24.771925963670128
-25.709509669623827
-26.689179862994603
-32.60920839703443
-23.189098637642108
-23.49495679437324
-26.14871079957098
-22.248399189453583
-24.27358275968884
-21.21886760511917
-25.700001355732482
-24.468569992741553
-23.44897529614007
-21.98284221922871
-22.17577168460144
-23.82234300140147
-23.428526725176344
-29.296995021973203
-23.407021426721737
-28.661174955841872
-28.67921769083428
-28.852728253986133
-25.336193718589207
-22.63412236701645
-26.53643712442137
-25.41897805350461
-24.779126197243542
-23.041650929450057
-23.819791018417266
-21.465939186449905
-22.26402060610938
-22.084859221751653
-21.9822563170604
-25.798268027103145
-21.911684390292066
-26.22581725386183
-25.95042318733575
-20.859153201650326
-23.31842544703139
-23.234026987668628
-20.58689237187351
-22.799162275033332
-24.612035270804896
-20.633120605177528
-21.02335601476432
-19.21993302250303
-19.749253550724635
-21.97597662349223
-19.993743401434557
-18.430623810893405
-23.20533320661685
-16.651704683134856
-19.633237441239796
-16.638971233424986
-16.505956456328963
-22.881632554318973
-19.041083461300865
-16.38947019666724
-17.919097446056643
-17.64860291319043
-15.961695394131636
-15.042357318383232
-14.273933839025663
-15.541872121481214
-14.733502966242334
-15.352561714648157
-14.91326865833752
-16.306077639166467
-15.879006242414768
-18.23319051306265
-15.695516882940046
-17.167065275279878
-15.863242530211549
-14.120544079553008
-13.956333077566846
-20.974191552213263
-13.76726582964918
-16.00158278986367
-13.619121887223201
-12.438512149338363
-13.786364068612041
-12.971976417432243
-11.952077938368317
-11.483661843876657
-11.58729586689499
-12.567194492986154
-15.526224048610924
-11.397825112067752
-11.81463440696564
-11.766872313222771
-10.114779703990205
-10.405601106224907
-10.974906023293096
-10.72963635003094
-9.905474945170909
-9.010370228984817
-9.490034032684727
-9.367850813324027
-9.777565895982423
-9.162210970423244
-9.082846582606846
-8.884772966766649
-8.901254812667048
-9.119425074948351
-9.196318600303346
-10.017126345690627
-9.993858066403927
-9.535797975230777
-9.219348265968934
-9.113277689537902
-8.864364668747074
-8.746179615289215
-9.283605331727683
-8.492197649426934
-8.43433853183254
-8.619991065800704
-8.279588988236641
-8.142899725512653
-7.979071249888103
-7.833290844705385
-7.751079496878937
-7.6538452206346275
-7.6082490051419125
-7.484466381653336
-7.129152029805816
-7.0248976436764945
-7.013096662589384
-6.842740223164715
-6.97036044993752
-6.7388911457245815
-6.337089466972544
-6.570362291337264
-6.856913432114568
-6.675382900483111
-7.821608078143041
-6.570424294894546
-7.109732552205475
-6.622788526014769
-6.381384940640334
-6.486794744581327
-6.600703887848809
-7.387982859451747
-6.875933216191393
-6.966606430923517
-7.144229957262014
-8.026530506203903
-6.72961398586898
-6.573916748128359
-6.642241019215635
-6.42319500905776
-6.487551536180996
-6.363733010479683
-6.490566707582329
-6.157761651298467
-6.427265368474065
-7.128757775008374
-6.315575303270444
-6.528094709420452
-6.826751959398887
-7.119290751835229
-7.10051444289191
-7.38341750279652
-7.228370656091739
-7.047301247440185
-7.939948541605406
-8.368149954450889
-8.484454612326937
-8.536346300173795
-7.2657973226397115
-7.762875888883315
-8.595710270866741
-6.987145475238318
-6.914702584568381
-7.306438087814294
-7.04594214593485
-6.720012840925978
-6.590229234648672
-7.432913794049394
-6.4750141190180015
-6.0827035682403805
-6.16559187618966
-6.1278083411849975
-6.019902203474388
-5.804930715962018
-5.831412850357005
-5.794516144801034
-5.386758856096284
-5.678282803648437
-5.6042911393271
-5.241942354118939
-5.674385328853492
-5.608817412690763
-5.640437456567326
-5.550675981038828
-5.534444855115173
-5.602180006737974
-5.477116881045508
-5.592615166910072
-5.6511884440617255
-6.229284964595024
-5.572208980650367
-9.456700213161618
-6.183604562963521
-6.508288027526404
-5.566037810723119
-5.416769968118307
-6.429382353123941
-5.658862743620029
-6.69232071113866
-6.665388364296085
-6.24378117953261
-6.004053605159371
-5.722933395866177
-5.927039349957666
-6.050045760032781
-5.582208558722028
-5.915259455921748
-6.1791271543543695
-5.906443536274408
-5.785713118912274
-5.317648594364069
-5.3866414516726815
-5.629918511981422
-5.839710085408122
-5.352294168162773
-5.588017500040848
-4.990944418346726
-5.173465646325498
-5.396031711615223
-5.477708704132502
-5.287709330669368
-5.045899182434196
-5.595726850565555
-5.128022825948558
-5.086827680814894
-5.261809020749923
-5.0835203962465485
-5.165071644667175
-5.301686074993236
-4.791762607918948
-4.990633195351021
-5.137855998396749
-12.423140577175289
-5.141948832084578
-5.361851277265231
-5.378098873497983
-5.26770653153785
-4.746284241637471
-5.1946649409159855
-4.951279983642289
-4.979801855133009
-5.223478862448166
-4.682614796428985
-4.704546823849885
-4.990063843653369
-4.510048836741416
-5.399851809477111
-4.851410587032425
-5.172077770434201
-5.475710944578209
-5.166985085268541
-6.036955396041654
-4.818724595999409
-5.060989796851813
-5.855537240330154
-5.152534332498999
-5.635364775910731
-5.22442198886955
-5.595921169802523
-5.551463674090591
-5.184012065792514
-5.353913101313028
-5.296457944359329
-5.9220723744558565
-5.462485479716103
-5.033067525524754
-5.2369249061786345
-5.342070601829518
-4.921462477810792
-5.337311492529459
-5.075370501924366
-5.231937528565298
-5.162950679006717
-5.769952137659457
-4.976315143618432
-5.097049986066636
-4.917661860589188
-4.82945488775136
-5.27426559155604
-5.191860022273572
-5.245882355597849
-5.691234841130983
-4.8507931046539685
-4.922609794845281
-4.765653410785427
-4.8330572370033495
-4.789835347006849
-5.0374379891476435
-4.85065216092675
-5.011212753680543
-4.875097517608821
-5.307001441335133
-5.100126293458762
-4.816429932910784
-5.29804765043744
-5.216695970763411
-5.1652773807570735
-5.486537332763887
-5.376263816596254
-5.265620002931672
-5.306583605386301
-4.661200191015678
-4.916125579167256
-5.004852334437989
-5.112115086147948
-5.247501105160103
-5.106959245111651
-4.855979679906884
-4.776509782364587
-5.18101458252605
-5.0997210654437986
-4.652560256523158
-5.930256634317382
-4.805567208011511
-4.728938493543875
-4.651124759085873
-4.866698498989823
-5.255794298378736
-4.722732621276495
