0.5765403133112849
0.5805387054658038
0.6039975611040271
0.6366095207277944
0.623587542039662
0.6146221343009749
0.6301615646586279
0.6106751430055447
0.5969052757774393
0.605452090151162
0.590419688101658
0.5657856906572
0.5686936149189118
0.5548381649211154
0.5360823141590775
0.5046019277538455
0.49124065269186806
0.47334174170317234
0.4553815876164596
0.4344918655715778
0.4277362840650319
0.4097351380176447
0.38317604279214906
0.374680222839798
0.36657410131419355
0.35259692366645007
0.3378543708173883
0.33610988016128907
0.3151337462757865
0.2988141887565316
0.28565930706809434
0.2711546499241605
0.27153734031231164
0.258254620755441
0.24560147352577058
0.23177015301581658
0.23189144654362873
0.23283642246943603
0.2164584515024581
0.205658216050162
0.20636009481180317
0.1957563710415843
0.18579488043790868
0.18676281017312876
0.17709549085076312
0.16438087546653846
0.16500377757546006
0.1555115891219928
0.14673463564725572
0.14760091942188508
0.13667013813553738
0.12759070280774254
0.1285102821695949
0.11972226702323646
0.10934364337137421
0.11019697842173418
0.10099670755211188
0.09215382293788575
0.09336492654313441
0.08444137065236178
0.07619323014910832
0.07699729751430011
0.06875883618123499
0.06047709593498245
0.06160567198151226
0.05156220237294949
0.043571989545477974
0.03590126059470765
0.037264167452775415
0.02973215446069912
0.021663989137349304
0.023038572842801024
0.014893246689886688
0.006904449369786453
-0.000605333528575448
-9.01553016685468e-05
-0.008921405260095445
-0.01736598419369835
-0.016384029184700662
-0.02497013338445884
-0.033456177542449526
-0.04156382554308343
-0.041358558911284586
-0.05324414564584132
-0.05218712154218752
-0.063787541292579
-0.07268738470371566
-0.07096920764964332
-0.08090961720714782
-0.09055072476088583
-0.10001301772720969
-0.09942217346381634
-0.11426297342692558
-0.12927112565598567
-0.13662328896090936
-0.13577527039988022
-0.14421415588898756
-0.15310523842489424
-0.15135665640385731
-0.16040078247854736
-0.17028022358748826
-0.16883320957034753
-0.18307136529657017
-0.19252651214382185
-0.18988325584444915
-0.20143131365469752
-0.21218177220870982
-0.22182167017033835
-0.22107447134701905
-0.23499834403943026
-0.24013941994888638
-0.24507212714121238
-0.24276547678556024
-0.2442807053864658
-0.23623505821895194
-0.23555846170316064
-0.22711471041759942
-0.21670133684090542
-0.21826631318054882
-0.2071607006497994
-0.19473269108551766
-0.19575842008212685
-0.1853387040679795
-0.17418163337732206
-0.16327442044047313
-0.16442028537664027
-0.15361987440755684
-0.14315637841244344
-0.12973827188650347
-0.13025056176934974
-0.13117845656449573
-0.11566382405033106
-0.10663489775753157
-0.09867882396713198
-0.0982077107100046
-0.09024063322887417
-0.08254039185517756
-0.08231749717853548
-0.07474379509529594
-0.06630140478862287
-0.06725314192854154
-0.059272666714168636
-0.05176707527636732
-0.05275305425102968
-0.04537932323509011
-0.03808170068738498
-0.03158633276791474
-0.03160229283176205
-0.02545118594204359
-0.01907319867942245
-0.01984773133793107
-0.013873659355382874
-0.00788210844715187
-0.0019104742484826642
-0.002626880561219869
0.003151313970724209
0.010878536935676244
0.00960662957018175
0.018081452458058575
0.023864095102479832
0.022895526847321965
0.029199430814072794
0.03493925293132497
0.03371732275034114
0.04150803637915949
0.04927813421449477
0.047401718625690474
0.05454414831951522
0.06103148218710062
0.05994522653754906
0.06646694253074469
0.07270215853504217
0.07160693078867315
0.07712162533367414
0.08401901553015982
0.08254698670731922
0.08870929742991661
0.09474820438325296
0.10100476506808384
0.09951082093394648
0.10627938903385822
0.11279092280653631
0.1110408100815437
0.11753448598888178
0.12438385345819401
0.12267504847314138
0.1298255237554724
0.13697816637101362
0.14457121251718086
0.14239713469399978
0.15017685969446629
0.15838848837334932
0.1560220525504418
0.1647104549380917
0.17366067670269555
0.17150525582537593
0.18110373395382204
0.19076253173305333
0.2002346166469651
0.19846084009337847
0.20883527232259044
0.2192156464129695
0.21720416957596728
0.22823218292166403
0.23945443938397304
0.23787843457625485
0.2492002820490621
0.2770091859680676
0.27583878166858816
0.27564649405660907
0.28368955267448026
0.29544547362728724
0.29528218923999566
0.3052128505733218
0.3173107318264422
0.3273094993373255
0.3246607399547644
0.3361196718131131
0.3477878588664478
0.34548456474012995
0.3615927150752206
0.36823128113085557
0.3752291931796245
0.37106460617686493
0.35960710040071553
0.34832903211438065
0.34924460963257664
0.3368610012414146
0.32601183201978384
0.32762043111621597
0.3123870895952911
0.30012894324939726
0.30164600625320875
0.2892623365019167
0.2773579757473089
0.2785860944692231
0.2671598357732647
0.2559276145189496
0.25702320017712393
0.24309493426071171
0.23139889396720095
0.23394099817498643
0.22327877254858616
0.21245597182929066
0.21443412053307542
0.20404481395347404
0.194432487218666
0.19635266926281025
0.18616484485592671
0.17732867204266808
0.1792232855235153
0.17046621745729246
0.16206968995924173
0.15395890145806312
0.15594708115935765
0.14819568757523402
0.14067977120831163
0.1417689641769365
0.13476391205691898
0.12786515168170284
0.12918482736148593
0.12257973055567842
0.11628636444500347
0.11029382154853444
0.1119381218964618
0.10627181900506184
0.09917024851351877
0.09962609365810883
0.09382868716145897
0.08808959120569315
0.08941163614183711
0.08395383143177439
0.0789262010158773
0.0738201703446536
0.0745605561963507
0.06935522174178875
0.0702748520522191
0.0646636631015552
0.05886619696236081
0.05359603773987201
0.05442540466500273
0.048912225791754395
0.04402518100720415
0.0450272005477312
0.0406283425298119
0.035013292273280205
0.03609125787696361
0.031282790104827984
0.026847452912659976
0.022661474008236045
0.023771001977109147
0.019150432689972793
0.014493414359476186
0.00934740404649683
0.00966216339514168
0.004983153951659838
0.0005275780947453523
0.0007716826279108622
-0.004263580922508176
-0.009502723541713946
-0.008883519635498141
-0.014222052302805387
-0.019637859928409006
-0.027628873772181886
-0.03186403843227045
-0.03193819820085045
-0.03775665896785077
-0.04379069273246779
-0.04456075063245724
-0.05130764905864381
-0.05758738304834075
-0.058195682848729405
-0.0643450482349822
-0.06398710400762384
-0.07734026636811987
-0.08376317450407653
-0.08460988881429002
-0.09275561665747072
-0.10021511695879919
-0.11611717651085211
-0.11016704192029969
-0.11863214338940989
-0.11874303748926208
-0.12847649752526244
-0.1273662646309837
-0.13372965114423088
-0.13979617087145302
-0.1458594705377425
-0.14480527268458945
-0.15219815120149663
-0.15148640254610649
-0.15866410945751405
-0.16643510707077083
-0.1772617406824375
-0.17497874826426255
-0.17716921770391678
-0.1779162799215449
-0.17253007815216606
-0.1724504066139663
-0.1654162577970802
-0.1570634094006839
-0.14893713445955628
-0.14868084853709526
-0.13749893753038295
-0.13786884958655424
-0.12541579193877375
-0.11698862557583894
-0.11705465941706769
-0.10848840424646276
-0.10013376305806378
-0.09247660143772667
-0.09197328467173113
-0.07950561993159483
-0.07997162163377086
-0.07132445656922519
-0.06381702975430652
-0.056481948372693866
-0.05591902298892861
-0.04866770759826306
-0.04841794067651592
-0.041375764390957366
-0.030755694425769104
-0.030999564828980163
-0.02371012636303623
-0.01696874678142598
-0.01724839212036493
-0.010571937921463728
-0.0042780884492598795
-0.004395297250753777
0.0015280117907414572
0.006775100880542625
0.01432199693396942
0.01417744158329573
0.019809595571887852
0.025050865741455628
0.025315294877455655
0.03008672800787928
0.03494937655987748
0.034827118698721814
0.03952078067126511
0.04429105570887766
0.049034586906620964
0.048393548253593904
0.05306060881219031
0.05784316188440264
0.056956608593661306
0.06179092470533222
0.06673455093777851
0.07160245470764673
0.07039898538619431
0.07440604892487103
0.08362459846548552
0.08907072132948037
0.08747060390206218
0.09290214411567464
0.09850450420863632
0.09747295927401131
0.10257796374795741
0.10767844231447508
0.11336487697789016
0.11952207315946126
0.11817659267326909
0.12384837892450874
0.1298212218594689
0.12821190892976164
0.134212146134066
0.14015029409784407
0.13885058476314172
0.1445789349520598
0.1512268224272013
0.15956392063960806
0.15778951762527335
0.16482086073940036
0.1736500505483479
0.17099105963189332
0.1793343912751265
0.1876376640017584
0.19697212626662403
0.1947284901799413
0.20856104710235013
0.22003915491677606
0.21846780597354748
0.2278074315117391
0.23842960769687258
0.23688432284119082
0.24870309981937624
0.259162394139396
0.27022608859892855
0.28311512594478555
0.2809055431513737
0.30429900135759164
0.3115265770019992
0.3097777563794143
0.32079829265815435
0.33232810381795036
0.33003417253061923
0.33957732803026897
0.35433923734593886
0.35172615603565077
0.3669571936930523
0.378491040645107
0.37578444118932436
0.39067533662886184
0.40087413358133356
0.4059804440736019
0.40614203673677335
0.39757225725176115
0.3791316640618033
0.3664929597296689
0.3676613835123319
0.3558459846658134
0.34253247360851735
0.34385001215073946
0.3316951083132427
0.31936574078842644
0.30767473970823667
0.3095311383605915
0.29707155216787046
0.2853226055282637
0.2877976482993038
0.27519800626082347
0.2636208329817126
0.25253189763999917
0.25415182958216587
0.24253428683051578
0.22632839776730387
0.2321385811736787
0.2155417656633125
0.206489747878025
0.20703026528221394
0.19819857373756056
0.19007149998665923
0.1911732681585578
0.18286469919041953
0.17508456180360982
0.17838107774767215
0.1649479893055086
0.15747113572247745
0.15965895575848904
0.15198812088841587
0.1445458867434392
0.1385168653836035
0.1391714448993678
0.13318481728576465
0.1273957223853667
0.12818701125261348
0.11992550110663586
0.1212171442820384
0.11548073897835938
0.11015296578617677
0.11155226999423899
0.10675020815030939
0.10196055702458513
0.09708703308964912
0.09886379144692657
0.09205014606288911
0.0934174099193707
0.08871264095416703
0.08363110924781311
0.07888801258624964
0.07985030482649494
0.07562796712914902
0.07118390792866264
0.06688590922495288
0.06239241459761404
0.06343551855886974
0.05924043763601777
0.055212885393926624
0.05584782196002193
0.05236119594031397
0.04858154335747007
0.04434027377290148
0.04402429052175479
0.04517647070636093
0.040766799242502386
0.03670040102073271
0.03264697350101507
0.03390826968503644
0.029591743403364585
0.02445215902238989
0.025030880004420573
0.015654806498558847
0.01589738948945302
0.008365355538694415
0.0081930560190746
0.0031291845011996167
-0.0017585458473636203
-0.002680710254472118
-0.007908449247508066
-0.013188235012108467
-0.01899580289900396
-0.020043543768606256
-0.026049441906902004
-0.03311191220384516
-0.040068678945724974
-0.04145977427991872
-0.048452397171518974
-0.05555953868598032
-0.0678087295815675
-0.0737931136253088
-0.0743049715304152
-0.0781033548551937
-0.07851080309862711
-0.08438056425846092
-0.08811077255231617
-0.09331956808952073
-0.09078111362903754
-0.0966754757099085
-0.10193119828009907
-0.10365176616469864
-0.1046530431064299
-0.10525178199419244
-0.10000647896190284
-0.09491630515287237
-0.08217850250803684
-0.08181894755730579
-0.075438652132984
-0.06811112923478604
-0.06790770579387817
-0.060505679833141764
-0.0531859930794032
-0.05300452334216363
-0.04590697535191775
-0.0393077282783632
-0.032747161640701836
-0.03183388364630868
-0.025373198126473106
-0.019934587505447694
-0.011276376574457193
-0.012282242420601934
-0.0032802770505132484
-0.0024343192311236206
0.0033547179241106063
0.00873569809108453
0.009722018747669377
0.015057786025595824
0.02017577863122698
0.025623908094119845
0.02677867765793988
0.032350681295298625
0.03709345313698299
0.03761607298642658
0.0425766952758141
0.04745495333521885
0.047641164188556503
0.05229659560955774
0.05695567138790849
0.061277050504390626
0.06147691444128592
0.06578535373931003
0.0657636546537439
0.07104487341650596
0.07519147014983181
0.07480947789490892
0.07894793623524025
0.0830577267328809
0.08710676948365598
0.08679385436717076
0.09067158089578642
0.09012028521317264
0.09583777406210124
0.10042773850975387
0.09926985227064415
0.1036217306316271
0.10944919870402356
0.11401320484416878
0.11938708761083196
0.1186986897934209
0.12357999735842978
0.13025645018386264
0.12929762354776467
0.13445855440493332
0.13279024876616236
0.13840852951885133
0.14332932471287238
0.14897078972906136
0.14733600083988682
0.1533015764125076
0.1580011084420389
0.15681148124400948
0.16466886166170944
0.17179424133898466
0.16917333327026784
0.17686885141562805
0.18514251889602001
0.18255290770527546
0.1903642129434984
0.1989641510497817
0.20632400398529002
0.2161647057076458
0.21392365786811127
0.22320232322558056
0.23248005489325121
0.24310692192725655
0.24106879023344158
0.2518567037949446
0.2633095763709393
0.27379887787245005
0.2729356515528633
0.28375349005678463
0.29634864929296
0.2941663286037813
0.30798488251153416
0.31942881222799857
0.32311444434960485
0.32962125144566706
0.34041709194762876
0.35104546045470436
0.34563011832400303
0.36626122380600096
0.37740450269057835
0.37599228602088414
0.3894781311041622
0.4026202117425817
0.3998802803680527
0.4127773166859048
0.41110422782939654
0.431413515604981
0.43123355083781356
0.44417341751566874
0.44478023048015325
0.4385881351064585
0.4400630882260575
0.4273283552549581
0.41485190759249574
0.4027899213139177
0.40450619708861735
0.389249236321092
0.3767181239368045
0.3793170604044356
0.3655359005130706
0.3527044443796862
0.3549373980178234
0.3424261183965223
0.32890867805518936
0.3323410134522487
0.3209414003712514
0.3088698540729084
0.2977399214656773
0.2995177645323137
0.28720204519167775
0.27766007949659827
0.26438393110968944
0.26593914356919635
0.25507791678985836
0.25861022745199336
0.24777683498654318
0.23791599666719465
0.23995641230321887
0.231024432096349
0.22272544796625457
0.21491305305388161
0.21752135688977875
0.20974297687879162
0.20187284967993582
0.19555765885900583
0.19803685333617224
0.1909055949335974
0.18432745501824918
0.17871187953047185
0.18041836625082983
0.1686830523616939
0.16989287458206806
0.1639035689948118
0.15892911873258878
0.15963545562445303
0.15452778221974078
0.14957624325786717
0.1512851245825791
0.14696016584091542
0.14031178526636867
0.1424636248386977
0.13304015995337468
0.1345415412745963
0.12937041675750752
0.12438535310100272
0.12531989604679028
0.1212472252656695
0.11732832502771975
0.113150627205057
0.11418757523476639
0.1107456232537795
0.1074785159408999
0.10878507217001288
0.10560269461026985
0.10245264361546293
0.09915129945112112
0.09979572430304635
0.09770620112318612
0.09519330916332103
0.08865316260291489
0.08856479282822173
0.08552628523396957
0.08259247204793255
0.08232381464474305
0.07885210916345936
0.07554921809684736
0.07150161802005411
0.07089664110269389
0.06654236582944674
0.06311582459441335
0.05912188265107563
0.05758432398400147
0.05414638961787886
0.050320448054497965
0.04853455256146215
0.041674757273490785
0.03608198545458105
0.03385475432634941
0.030250780726188607
0.026437622368152943
0.02165662024579733
0.01792392863417934
0.014584254594632381
-0.0001582473172283249
-0.004304827553085693
-0.0007856033837960064
-0.005494586067247898
-0.00560523236553747
-0.003740479770180342
-0.006849104314978165
-0.008195972024382478
-0.007103971966770613
-0.008427851578358042
-0.010256746218584745
-0.011169554259573247
-0.011888626912793895
-0.010399204142081654
-0.01244828790590017
-0.007894060917431956
-0.005312063983723034
-0.0024391130646797777
-0.0012327734568272366
0.0026887212569156956
0.006123860758327264
0.011166589851384464
0.010329684009350108
0.019042343951665066
0.022522838566029966
0.02479292069885994
0.028730118625949857
0.03230286369614809
0.034223343206431445
0.038095525496892206
0.046710367168750065
0.04716981553040034
0.05185085314086836
0.05588139711035175
0.05702503196855653
0.061448332397962276
0.0655885673194351
0.06692681353848376
0.07127065554089328
0.07500238057687365
0.08033838596644371
0.0810215459079909
0.08508224027223725
0.0859443161014638
0.08973449913979868
0.0937719290466328
0.09494545945052649
0.09915846546732134
0.10253683183795434
0.10671097257781202
0.10717206525292741
0.11099556106101534
0.11482736758582213
0.11454282074770955
0.1180068022034583
0.12205411061101046
0.12542030411399388
0.12558240344188698
0.12864267850650035
0.13566198164545457
0.1351197713684778
0.13888984866454435
0.14245381953637384
0.14619994484760135
0.145303185756289
0.15046991484237002
0.15468567561413046
0.15390692723182817
0.15725583655935
0.16241488436227175
0.16670440844410242
0.16541224150003786
0.16961052672504107
0.1745422919184914
0.17872069287638143
0.17732166071997554
0.18225568652058724
0.18740925591704857
0.1853191913675295
0.19064644864829167
0.18775251843924942
0.1965090861121394
0.20277108652636558
0.208724069602256
0.20595920127577827
0.21347441236679446
0.22063655164575915
0.22718904243690013
0.22411474350411587
0.23444937843930946
0.24252198477459166
0.23864760996516868
0.24762084504719317
0.25747662740623767
0.2544101411678992
0.2635470798282736
0.2715537135600937
0.28843053644633704
0.2862491130462127
0.29803541030398334
0.29372190694078204
0.30555811538021566
0.3205929619908141
0.3161359095152032
0.3293397159251064
0.3459575892197382
0.34211441162202827
0.3352771456283861
0.3653062174360739
0.3630165798910681
0.3746191814210226
0.3869695478445807
0.3988171740169343
0.3976591056055399
0.41142783016765694
0.4249713607741076
0.4218060127829542
0.4339833299733166
0.42429118971208973
0.4534199398145986
0.4643201164728881
0.4748798697503323
0.48702630482716497
0.47466185100831343
0.46166526289628906
0.4647737298387486
0.4520967701193914
0.42983027528404266
0.43161178517248533
0.41761779200917704
0.4210120164858554
0.4074064101852919
0.3934716155010866
0.3960060701083106
0.38277745190298856
0.37064556787073233
0.37268085390331845
0.3616337365850439
0.36470358041794504
0.3465002400905252
0.33455164287596945
0.32166927851771804
0.3245668963499345
0.312918213569516
0.3017171952953393
0.30484557514668903
0.2935824242164551
0.2776675873315559
0.2801142095727732
0.2701489566989431
0.2603335049855833
0.2627230462816048
0.25271691956768444
0.24358379145132303
0.2354421566118815
0.23635731596530704
0.22316119967655304
0.22548655425923306
0.21626498787571855
0.20917668144356807
0.21059665817412568
0.20255679335339496
0.19557706749446857
0.19823978090949726
0.19116800950110563
0.18554456154159082
0.17890147059468114
0.18050173110098428
0.17419282600219707
0.16923593468657613
0.17181003786843957
0.16199327667867006
0.15647378989430247
0.14892848671000408
0.14988222867058082
0.14339987128537982
0.1379068360281674
0.13872280360588615
0.13367069615441646
0.12947361424871476
0.13005414027418202
0.1259038713000185
0.12302598899237537
0.11936820430125449
0.12065274769241052
0.1151970508637939
0.11163944657322196
0.1124220265294481
0.10951734203336083
0.10658649380524397
0.10705699532283651
0.10450773165594676
0.1014565334637089
0.10192518516878935
0.09778693979875518
0.09490015186344815
0.09210065787608211
0.09197751499911712
0.08892873537075582
0.0863247360876523
0.08571317516004379
0.08249041603930646
0.07900323919731614
0.0781655858412575
0.07512804772076674
0.07361806216481012
0.06980174908347975
0.06633286642521424
0.06276427404464702
0.06075619432993431
0.05674185441667419
0.05269051392792887
0.04936905721499406
0.046926804508693715
0.04301307054768225
0.03866466381110139
0.034045452406648226
0.029834503197150523
0.02638662989074685
0.007351913602383838
0.008244423980201547
0.008895681826779895
0.008391530990263149
0.006741641387935493
0.009066743244119102
0.005214010421197621
0.006917691413101344
0.00598190999596398
0.004669703726447991
0.003815935097764039
0.0038887830677851332
0.0028871523619817333
0.0035317313871918742
0.004788336873425477
0.005980412585609225
0.008192056254209793
0.010913297322861514
0.012141093115799346
0.015465489293287884
0.02011947393369922
0.021610491075026536
0.02632329264894743
0.027986728772982538
0.031455561644632375
0.03577066032666469
0.037240808309215175
0.04185652558342113
0.04580905745479075
0.04998783024078691
0.05169429871120789
0.055740707191761496
0.05750784537691793
0.06204931536277034
0.0664948090360637
0.07052490330116763
0.07248905378137649
0.07666777052771988
0.08064701055904792
0.08488561523501777
0.08671007911320985
0.0910622783198289
0.09491791528969003
0.0962498302304815
0.09992694822634143
0.10481033415297204
0.10757168060649722
0.10840122065978412
0.11252720942795506
0.11285863912810903
0.11835235232705556
0.12177335640979149
0.12479180987277069
0.12494755310628537
0.12845588703203317
0.12899117701969287
0.13232373158062927
0.13518613561724233
0.13831684859458154
0.14046618907899672
0.1452146233920227
0.14415716429248604
0.1478271352767844
0.15146826702195312
0.15111778883189825
0.1546770420262679
0.15897062224234676
0.15852107315418082
0.16254796480471834
0.16686396228877262
0.166202835798785
0.17149504979107807
0.17615310887998917
0.1746938563790685
0.17936761819370306
0.18422666186384595
0.18288158050110395
0.18755826352847668
0.19257907050703837
0.1973464945692697
0.19557945392135065
0.20270717363780033
0.20076362181292037
0.20626351598264872
0.21176556484027523
0.21837788431494126
0.21577564619601394
0.22227493071737014
0.22977256835749307
0.23633513033286732
0.2331710507220564
0.24325729276137137
0.23831655443664435
0.2519767552370815
0.25932450694001974
0.2695249161819028
0.2657720730951492
0.2765242742551969
0.287369821476863
0.29887980731637626
0.29549251944395594
0.3068103924565807
0.3184121506296993
0.3126328056079789
0.32655014035108765
0.33835105181606834
0.3339810533840333
0.3525596088882648
0.35703495673022806
0.3727124901493516
0.38346637798936317
0.38255293274127816
0.3967820950099804
0.40921096056095657
0.40842354934793457
0.42006744916309974
0.43402483941367936
0.4458676870465892
0.44391447500618025
0.45845439992913206
0.4713704458902626
0.4702342318785979
0.4873307429182423
0.47742411445326105
0.4785556862825059
0.46670912249470425
0.45413142389741173
0.44137348688088307
0.44342193166591853
0.42859232810994075
0.4311763123009688
0.41768853359061436
0.40495829436431535
0.39218116734801417
0.3947517912007887
0.38005596524383245
0.36822680525246165
0.37069630533714215
0.35727578686920425
0.34563756691800446
0.34874666227206624
0.3336668306561943
0.3210526532357088
0.3241235485946246
0.3112230778241263
0.3005970154450917
0.3031837550241247
0.29227088345213553
0.2804884450748277
0.28241067271455017
0.27097190691499423
0.2612567955850674
0.26448150700540524
0.2544482799662229
0.24533875785179995
0.2481645209831642
0.238962015069021
0.23021505719417437
0.23222502924290198
0.21920020076614774
0.22109108209551823
0.2135269038951657
0.20601097648290292
0.1990827357419497
0.2006439927296679
0.1944166033849938
0.18798952755565873
0.18922119107781274
0.18389439767915233
0.17694239047015256
0.17885371151514473
0.17294086806360204
0.167690655953759
0.1621591511159133
0.1643371356770285
0.1583834410615301
0.15330611398275407
0.14906556275310873
0.1498505587391137
0.14394060181623622
0.13909968152616695
0.14075454260235565
0.13610761296874016
0.1314659899774391
0.13281336569444366
0.12942595686091563
0.12661856121025358
0.12172847504459362
0.12256818153645015
0.11830206652768854
0.11439038352585111
0.11518624284941119
0.11074214199637357
0.10710159847684673
0.10682176798501254
0.10360035969227463
0.10021436282698985
0.10020143100384486
0.09338688419684142
0.08950763111516197
0.08582624518123472
0.08485737466259173
0.08087318922947104
0.07728693308838967
0.075719042810953
0.07194938967983062
0.0673589774338282
0.06477601542780276
0.06069414752163974
0.056183860577654995
0.053565109553429406
0.04867078066010423
0.045621123025178505
0.04273397650944206
0.038963357309488286
0.03525798795989303
0.0291723820744256
0.024195937451777953
-0.00013157756010056976
0.004437473826995539
0.004644160094664686
0.003491544841483304
0.0028039581498458194
0.0015902383044423534
0.002266804080029232
0.0005100182719838654
-0.0004970751760005725
0.001912458249200938
-0.0010256186616472082
-0.0025999549745095623
-0.004565290366885929
-0.007035741967680091
-0.005942193155640328
-0.0021655079105493947
-0.00014758951131374156
0.0011250523587206392
0.0049701187402032086
0.008228455353603384
0.011369402812970148
0.012805065757758942
0.01616526442890288
0.020112391796228
0.021326831587999553
0.02550338671330694
0.030780347025931423
0.03450401864492333
0.03875129544513382
0.04052277503795612
0.0449405886640389
0.04899629485420691
0.05336410917209388
0.05457223001364423
0.05929515490998755
0.06416589586552768
0.06795719534678553
0.0720832777552276
0.07339337174002367
0.07730259662469241
0.08081266681379186
0.08282099016339958
0.0860795717915783
0.08969841065482419
0.0938331164086321
0.09526110246636287
0.09849021571542721
0.10204765226660138
0.1023860198174576
0.10595480874792844
0.109669369198076
0.11047908941626708
0.11341593675346234
0.11653637156160238
0.11949921270056045
0.1228611520675465
0.12275248221933951
0.12581951721468218
0.12919682457656112
0.1322209242765047
0.13209293575311798
0.13529185747848704
0.13887621363588165
0.13795129242489848
0.14142330720703972
0.14612899858707573
0.14539254724783038
0.14958282535054399
0.15409884452404293
0.15313396307566626
0.1577078869131667
0.16218123664938228
0.16642111421915579
0.16487971810359303
0.1692680286813948
0.17357878604744423
0.1783333993188857
0.17629840112095893
0.18187564320972152
0.18702696352743034
0.1850683627163694
0.1901730274302732
0.19793199529239805
0.19516583926737202
0.20604160234735366
0.20372337863822512
0.2107934889373351
0.21851414894162347
0.22599690461074334
0.22280051890650832
0.2309761178318657
0.22926555595330123
0.24085549907599313
0.25044369198620353
0.24699903772394344
0.2564585534059226
0.267476344941487
0.27841284176065917
0.27483245881845847
0.2842918823900992
0.299599484335014
0.29407602243480063
0.3089387037347944
0.32032593121106523
0.33238690643113755
0.3276450396082932
0.35287230024165445
0.364002038125752
0.36290868264949605
0.3735446995962135
0.38799729424630536
0.38570849909791494
0.3972539535799196
0.4100518794132809
0.42506870692956655
0.4222722677045336
0.43514455490343096
0.4492043155519441
0.4585205477827265
0.4586583608342088
0.4722860396175487
0.4587352156801603
0.46094070726500713
0.4474455698672799
0.43483271647466004
0.4232408177427472
0.42476338317769513
0.41155782202487173
0.39849825687817314
0.40039796851587983
0.38873066607767426
0.3756535534696349
0.362693583888226
0.3666013079238838
0.35313382910527974
0.34052016952907205
0.3297156644706842
0.3319280263905909
0.32039240130147933
0.3084652740460075
0.2976428994224208
0.30122583240405854
0.2891608441774129
0.27788763613576517
0.2809803716524848
0.2700609518540721
0.2594465192387055
0.26194807897416483
0.2510104838354755
0.25432178328932986
0.24184498882771885
0.23282025424635056
