0.016576100623377773
0.016034263610475236
0.013689402219455015
0.01057162520853183
0.010068800574616375
0.005296757604941851
0.00414612565533996
-0.002517087218839898
-0.01131168511297825
-0.013848496492397559
-0.02212855998479868
-0.03660308902728645
-0.043088846130412035
-0.05542943994951187
-0.06905428860996236
-0.0006702780742576123
0.0005866085846024888
0.0061996442283663335
0.014904221805333217
0.01822429936109131
0.023099212855490416
0.01258361058674339
0.01931697781639046
0.022976452405510404
0.01308646674015559
0.0072062653959268416
0.002339875990956556
0.004250942995759512
0.0021319558900824856
-0.003941496553653899
-0.0061274956414650045
-0.005866237372789294
-0.006508188961389714
-0.006229886865390521
-0.005477727947535504
-0.004324760538319429
-0.00463175126838738
-0.007932018394951775
-0.004670528163002067
-0.0033903712477843188
-0.00597769200361598
-0.004190014399673594
-0.00215286359292335
-0.005421188668607718
-0.002868936961725023
0.0003984841951722557
-0.002427834647103023
0.00024079242226926036
0.0016959770995168477
-0.0015567139052390642
0.000956667828234695
0.002158149182939764
0.00044008098475961855
0.0008902298795837667
0.0009511626825940965
0.0006059233830656343
0.0008717378779027862
0.0004927458847468793
0.00013013259780017731
-0.00031293947148789574
-0.0006680233998091418
-0.00215501315764568
-0.0023812692072825337
-0.0014181701525682838
-0.004499471631636815
-0.002556673675472967
-0.0020372840789560386
-0.0004490435965472153
-0.0029011456582867653
-0.0018939003112062845
-0.0001489727095053757
-0.003115317900497386
-0.001465345304446687
-0.0007906690286446768
-8.366527325269957e-05
-0.0009941167074085915
-0.00011323684042227929
0.0006082546082336166
-0.0004921107359590593
0.00019196812603410214
0.0003342285282370116
0.00020560517379127326
0.00023858819686861337
0.00015169714611683324
0.0011885949446995396
0.0004273182112358431
-0.00028338732920375997
0.0016958943147833993
3.0863716506734883e-05
-0.0008817640943041294
-0.002196772843493067
0.000554781743337261
0.03595482092019055
0.032171523186383416
0.0407089270857163
0.03766590029035416
0.04735076205577002
0.05479290393998326
0.05503185940490804
0.0553561506376961
0.053302565544765805
0.05425037918458348
0.05091469147508862
0.038687250810988685
0.03891519819688747
0.03254328763663883
0.02480315409697991
0.019412424628980313
0.019350644348847996
0.014925775215400757
0.0084724586251037
0.004564103429982188
0.009267507771698026
-0.0033603356354526054
-0.0052405961695700855
-0.005019800337185995
-0.005356546409894784
-0.00707926805287164
-0.004875677474174517
-0.003939794126642067
-0.004027215324771091
-0.0007693727692201174
-0.001085984223375814
-0.001848156096533028
-0.0022949923490345305
0.001510127407798965
-0.00011316158662006797
-0.001498393059069344
-0.0015827290884400818
0.0020152187163022077
0.004008329473842652
0.00028802280608963333
-0.0010398694449789895
-0.0018116870603002563
0.0012237991693803318
-0.00084633413217764
-0.0019942146333491134
0.0017815721136978
-0.0012664446775796062
-0.0023235793848940967
-0.0012537346629123759
-0.0021928634435633442
-0.0026806618609180274
-0.0025956569482168033
-0.0028852787572975227
-0.002793682289803826
-0.0031269024017724885
-0.003780653719431435
-0.0033281504064377196
-0.002895488931290065
-0.004865130562039442
-0.0044662576185425795
-0.0035293722189889336
-0.001144028147537464
-0.004554151665591601
-0.003211276925816574
8.657145875686759e-05
-0.006968440253885543
-0.00094659495784597
0.0006234885963360867
-0.003659412531552754
-0.0005080367644726168
0.0009608293091614575
-0.0025209463044451783
-0.0014530452411286169
0.0012765626499606911
-0.00024863462926710464
0.00036479248255123564
0.0007127232623599502
-0.001617510484703811
-0.001625949396502809
-0.00085268763449346
-0.004379524382236115
-0.00398305151078102
-0.001322711902198448
-0.005092965751934291
-0.004362393505184783
-0.0021796606216998365
-3.371769704050986e-05
-0.004133860533446242
-0.0016173846446315722
0.0005003420181912366
-0.003698011598039852
-0.002328354785639924
-0.00039469605585595776
-0.0032326686281842006
-0.0017252880811521622
-0.0007389308980234765
0.00018257825599300297
-0.0012847523684649312
-0.0005145333079412045
-0.00028578495134507555
-0.0006353370154015219
-0.0002390601887777932
-0.0006147876297820672
0.0005775265013204687
-3.070069191468766e-05
-0.0009302341476144149
-0.0018803601777935366
0.0002370469596106011
-0.0009311098097890877
-0.0017282264100594502
0.001606596442312246
0.00044918770960826037
-0.0007246181801533789
0.004728431482423996
0.002980275409315315
0.014714319843918381
0.03140510419460825
0.02860664514217879
0.03537318971043908
0.0373057181295782
0.03822061815079158
0.03928900809805551
0.03640526147131086
0.02832308767119121
0.02954029857199499
0.023607439187449748
0.01601515631902296
0.0166277449464738
0.00932541865746704
0.0007512241707815012
-0.00016818388172213557
-0.006729234658741211
-0.007050712092151577
-0.006211037955317937
-0.006587891795951147
-0.00662859389962531
-0.006163671667792027
-0.004914493186578838
-0.004710642063424667
-0.0038669220341525827
-0.0010292254286083818
-0.000734129717624213
-0.002072947162888761
0.0019324865962102534
0.001943764433007707
-0.0006793009918152926
0.003800452406710454
-0.0017425660151495343
-0.004017042007493764
0.0006112708144659647
-0.0013750112424934244
-0.003216776600760576
-0.0001671115063068099
-0.00165198630764005
-0.0023528628305831884
-1.4582939650279857e-06
-0.0019299613539589448
-0.0024325158882982003
-0.00092024331260345
-0.0013285041605090226
-0.0023807217903618343
-0.0027970010775027346
-0.0023542274044231776
-0.003095248657596595
-0.002799634311100216
-0.00354148201174652
-0.003697344593168055
-0.002919737234787394
-0.005185628333147153
-0.004603711242248713
-0.00362692975036566
-0.0024998745043488114
-0.0059921471034757095
-0.004327333367811999
-0.0026783353802016137
-0.004040492446351378
-0.004886200848467277
-0.0014604234802158488
-0.006032591747877878
-0.003943698435266731
-0.0015241130868906996
0.0009973749675617418
-0.0022978090176404573
0.00019072188728167154
-0.0024497781088217273
-0.00043878277839610433
0.00017887466592454802
0.0009918270028990463
-0.0016955768177415284
-2.0581700399382912e-05
4.249884239865821e-05
-0.004075729797608465
-0.005282720307117473
-0.0021501427904137174
-0.006687962666531377
-0.005654793407187461
-0.0040547162919989345
-0.0020447187639091625
-0.006532442310402194
-0.0034712257518361984
0.00030790374293395323
-0.0006529795971386528
-0.0023940967979722604
-0.0006869246652218941
0.0006023523202603174
-0.0019492099388804618
-0.0004461460346783975
0.0005808396316386216
-0.0010557844711971403
-0.00011548142656875017
0.00027805990640045235
-0.00030263933638684275
-0.0012541589529627788
0.00041718757647449245
-0.0010030264947337518
-0.0018426180992263748
6.93729073017017e-05
-0.0004668017816252402
-0.0010716366218646001
0.0012879482751745317
0.0006486317258364852
0.006488449386373439
-0.0006620996178563435
-0.002552119334208415
0.0019686119976978704
0.00023448706588021865
-0.001177668403362517
0.014590106469788849
0.025512485069323996
0.028606306548423093
0.02756517784058523
0.03409028001966425
0.03350147301687398
0.03822224385146598
0.03219859586812018
0.027419071612254032
0.027801693867268697
0.02296495257111183
0.023888934709528114
0.01694653508200042
0.009369420380660694
0.012102927370895591
-0.002123709860996582
-0.008246877114501767
-0.008544041827870672
-0.01218211952475794
-0.011953641396909876
-0.014077135075608108
-0.012134177493163619
-0.011059079552091058
-0.009098114176689863
-0.007058947436177225
-0.006337000639393156
-0.004825876045956614
-0.002309785975350119
0.0006960940515808496
0.0013298671470374792
0.0011708887339970985
-0.0004065559085851529
0.0033706081448947995
-0.0004195897605713789
0.0020959427781089865
0.0008445130770903345
-0.0007363120040783413
-0.0019103948445365207
0.0011828545352101675
-0.0002724780347060192
0.0032102758950081365
0.0024894851740045808
-0.002165490196794115
-0.0005850702367343396
-0.003179618490908396
-0.004568494954260709
-0.003229602714035952
-0.004123355681116357
-0.004312327223282687
-0.003499926849691487
-0.004495979667969912
-0.004547030921837223
-0.004953731835222465
-0.0064536535246248646
-0.004529328936974769
-0.002887285146057579
-0.004670216508755497
-0.0031851151840631494
-0.0017437201709426984
-0.004878738397919087
-0.0031334224830917475
-0.0029643166571924505
0.0004445154581966242
-0.0029624504864468972
-0.0017302744389258613
-0.00022657719637826139
-0.004431398308710814
-0.002226113952912764
-0.0008768038427053687
0.00025892600224871747
-0.003361234810185057
-0.0033999473545147504
-0.0017295800901034391
-0.0013130344131653537
-0.00398836303386276
-0.0032582182963999807
-0.0014108981428341471
-0.004832517358251098
-0.004840251614101159
-0.0038846308091582842
-0.0003167516945674537
0.0025136115357616076
-0.0017416159155191845
-0.00021570421699723476
0.0018095434779384638
-0.0023761377999314917
-0.0009333563272979091
-0.0003712062801905366
-0.0029711324618196173
-0.0024375021462957704
-0.0012904034377130178
-0.00011416038326435284
-0.0016967339540492248
-0.0009245147151225295
-0.00046937870047876934
-0.0011600905278139756
-0.0006591660680718283
-0.00047680205615146414
-0.000822973275836448
-0.00013675109318117353
-2.142302296657047e-05
-0.0009576601932815726
0.0014812095802301756
0.001464288913389853
-0.00019229448957133724
0.002786027710911136
0.00012155987111284407
-0.0005533430402979781
-0.001805568716380503
-0.0011205431188291886
0.002721247356734026
0.0218351565261199
0.020728901321816106
0.019252016623537708
0.023494328155710124
0.02492831588798224
0.025625686805893597
0.0229174719340772
0.01947464607754682
0.019834881995309566
0.01610673772144806
0.009813159941856485
0.010346990356767937
0.006981414415654453
-0.004539080600240651
-0.018373246867821446
-0.015489314271692632
-0.01504026142772623
-0.01471372699901973
-0.013278919588897584
-0.012083466180508763
-0.01140358752630583
-0.009516591393299086
-0.00775225965530629
-0.0056663172916865566
-0.005343922385738017
-0.0037359057441189937
-0.0015049142421374563
-0.0014795505880680342
-0.001149171521779502
0.0023183867736666546
0.0009906915960882408
0.00030029365728459994
-0.0012596785045600925
0.00216544911396579
-7.903155708643469e-05
-0.002085649361809357
-0.002004261281646136
-0.0021255097873551106
-0.003452923097378002
-0.0010526560172034176
-0.003007648875669654
-0.0042201203248361675
-0.0023426581725590847
-0.0035820453554016103
-0.004127056093588866
-0.0030329032506660847
-0.006846763825727584
-0.005389306383512707
-0.006737754055975226
-0.006182987048955269
-0.0039068055574551
-0.0025561191488889757
-0.004207241452959639
-0.0030197854305381187
-0.0011645142675631966
-0.003822025895551182
-0.002079724053079991
-0.005567897871432912
-0.0040854648848329305
-0.0020694700800353
-0.00602935051912198
-0.004675547484312898
-0.00264739506277191
0.0003100006854877844
-0.004262606057052496
-0.0005055465210042814
-0.004313952962999205
-0.002295941210232428
-0.0009875867677292488
-0.000103708230851834
-0.002222239994714314
-0.0028086339106110922
-0.0012487387673535489
4.28892289359941e-05
0.001233722548285657
-0.0038476599792830637
-0.001194707790428496
0.0020042357391656185
-0.0027840938067541384
-0.0012215930308670402
0.00026631750201072397
0.0010535067909677657
-0.001294956450373933
-0.0047726940605418615
-0.0026591191299483613
-0.0013237112416387541
0.0007371800388109747
-0.0029846242122892014
-0.0008655822464176503
0.0001331759439452725
-0.0012820169008666959
0.0004442364059736611
0.0010555098338778624
-0.0003414990644713135
0.0004525185300004219
3.7315942635496695e-05
-0.0012439144473066943
0.0011246676712165296
-0.0004925865452396764
-0.0009402679767289727
-0.0014284000238033716
0.0007917964986734326
0.0012088103492905618
0.000518638203482252
2.374204395652133e-05
0.00567159311548654
0.003814699953236192
0.0005028540427500258
0.014943155618056399
0.015055050629411574
0.02461542787690447
0.024426049745459973
0.024696116673188277
0.025457883253248176
0.021154008758282352
0.01770978523508435
0.01782757113083713
0.012225976461290011
0.006872074145455703
0.008277412862918823
0.001073218457312861
-0.006581272853745261
-0.009896810315818834
-0.011606944577644735
-0.009889979583277154
-0.0073379662184367206
-0.006972984790548772
-0.0063560503459389505
-0.0032853034632975447
-0.001733216160209003
-0.002983152769469392
0.0004042365875541846
2.5006831672209217e-05
-0.00031239582475464986
-0.0019657107119134647
0.002952136614013085
0.0010721325391286113
-0.0008029727404605868
-0.0027746513167791376
0.0009402121345165083
-0.0024156133247544053
0.00042271687509043887
-0.0003156152450096567
-0.001771658344702355
0.0008470311263916592
-0.0007021135308934094
-0.0022162806148170594
-0.0026823601066712894
-0.000985257230804327
-0.0023532853945275826
-0.0031530543306484077
-0.0026628801527581623
-0.003188277006620689
-0.003188032914040642
-0.004034518544413898
-0.003876853355529486
-0.0025862164416720376
-0.0015995105563305718
-0.003753168360656392
-0.003527431276554527
-0.004744096731249679
-0.0030419193262674294
-0.0015283500748295444
-0.00496056670789981
-0.0032633386802773407
-0.0018744281395971733
-0.0008922621361824424
-0.003936746782796244
-0.002917417296730288
-0.00623042542939406
-0.0023678267344477903
0.00023234334737955563
-0.003178066364720131
-0.0012119278870609828
0.0012552850788788612
0.0015952172853019495
0.0017949557478414732
-0.0008480838502424549
-0.0004045941447105105
0.0008832538739317021
-0.002111715807634925
1.0328401354791868e-05
-0.005823401195147589
-0.0021362606308217057
-0.0013714210715379445
0.0010421167625614485
-0.003481727515863097
-0.0012704097081284106
-0.0018057048597331395
-0.004258535305676476
-0.000658404748470247
0.0019209626756826461
-0.0010023722421072729
0.00046409946226549513
0.0024454802078446272
0.0006591110657928682
0.0012076413271664593
0.0013685950973096358
0.0010078092582717867
0.0005637545910646746
0.0017340470864377487
0.0006033656708708045
0.00016013579602513833
-0.0004513812680595012
0.0011885043199580689
0.0005327124832198228
-0.0006997187461162431
-0.0013921288745149837
0.00018593698939411667
0.00021429667860802657
-0.0013388057120798384
0.001356816297239608
-0.0003798683458507141
-0.001009166514538937
0.006605664959664643
0.02176044065713171
0.022915597016223945
0.025936419834422096
0.02543632312930132
0.026211694027455427
0.021663625092751094
0.022713508025507253
0.01841862273377663
0.014580838419236441
0.015554602703075415
0.010354210100159477
0.010610035922764636
0.005020924812447837
0.005936722519018509
-0.006676535511276581
-0.012614383227568356
-0.013392558157437884
-0.014740072218876422
-0.012623442842948496
-0.011755272131363226
-0.009970968836904102
-0.008428012998551684
-0.00794277891092212
-0.006335597889854639
-0.003055303345816946
-0.0026736154662113385
-0.0021975662849673624
0.001219949998059789
0.0006737440288780929
0.00020224432301684447
0.004664267939467538
0.0027382421174975647
0.0020238064685934925
-0.0002162198573154354
0.0029763141803972543
6.470004418628324e-05
-0.0009087360909103387
-0.0020647526189383845
-0.0010259454649384535
-0.0021848094195795137
0.0003868174344754108
-0.0008991960212889076
-0.002086188950294945
-0.0009175831170584607
-0.001999589449380073
-0.0027360650815398692
-0.0029840229234106837
-0.003470621315752511
-0.003890715619222596
-0.003956644548799147
-0.00468034194813719
-0.006841838942508473
-0.005918848512632974
-0.004728656401292601
-0.0037759197555760874
-0.006597667808844618
-0.0003851829677980673
-0.004559020658860825
-0.0023014363511706117
-0.0002733728301638541
-0.004199791518965398
-0.002800776355335657
-0.0016052477059826846
-0.005584218723713443
-0.003798084673382008
0.00016518878359863789
-0.005927867264267685
0.0009081102793982661
-0.0015311904278829472
-0.0009116770839191925
0.00018485528182381146
-0.0022230395501192644
-0.0024761427128757937
-0.0013924790500130884
0.000624727285891317
-0.003948747119806176
-0.0017074853376564032
-9.949991482963105e-05
-0.005027338274632634
-0.003645957242866664
-0.0024292354829215045
0.0003662793694770287
-0.0030227420364039646
-0.0038180982993799226
-0.0031851377025154683
0.0018444561084296767
-0.0007530996486388533
0.0010455690812310272
0.002063833229017069
0.0007273280219807943
0.0013831848676620394
0.0015876851483735445
0.0013918419878724347
0.002042199960607016
0.0009845316370703174
0.00017301858090633924
-0.0006787458350580244
0.0013179821439857143
-0.0005932945841172941
-0.0014015402419074129
0.0013299978698782784
0.0016890569766149013
-0.0007112247588517935
0.0027828797563240523
0.0016869257633927218
0.001189186035754726
0.00045424942243058156
0.00515907698653206
0.0031618434124414834
0.012939598552050605
0.013465503269308647
0.022970420321850458
0.022010724763898683
0.019820845337003484
0.020652925449245765
0.017459693108502407
0.0157426129352927
0.01660105161722662
0.010990685450074315
0.006897347981057349
0.00043709700490892776
0.001315832086782006
-0.0071209661978778325
-0.007224884281382878
-0.00852953882736036
-0.011199392394597277
-0.010136142680755501
-0.008805892525693632
-0.008510043882297808
-0.007607442931977081
-0.005868164988198135
-0.0018070548466054578
-0.0039057515268645523
-0.004621159076664271
-0.0005903503058847469
-0.0014568465834610353
-0.003518516046827421
0.0007499052594749938
-8.048850044603496e-06
-0.0037467470567549063
-0.001248898230796089
-0.0031154674781192914
-0.004854407634843497
-0.0018384335517773022
-0.0030498850945546822
-0.0041979431514139924
-0.001077913986482107
-0.0031811961022104557
-0.004751381609728231
-0.005365849958959245
-0.004714678612055195
-0.005132526967351419
-0.003933066557454954
-0.004770976654442325
-0.004823567596281073
-0.004395117417174626
-0.00418627716760099
-0.004308156565330157
-0.0037254083506683753
-0.004477658320372413
-0.0032701146414717444
-0.003559634155740636
-0.006485324935781508
-0.004923141976900293
-0.004492185747625955
-0.0029979329484119545
-0.006062773737636869
-0.005077739598230248
-0.0010820125100929397
-0.006958282627273198
-0.0009458936678257724
-0.00030589275457081316
-7.062397129515233e-05
-0.003105643266716999
-0.00014416330274856504
-7.202751526032209e-05
-0.0019652580372091243
-0.004331080446608735
-0.0028778245180026453
-0.0006700273561834709
-0.005324645738037046
-0.004434473522739682
-0.0018333743050648382
-0.00021613734851265462
-0.005819795936001921
-0.003197481683781806
-0.000511236927325649
-0.006272062456752009
-0.0043405337662522185
-0.009309961056210228
-0.002892719292481651
-0.0015197044702577383
-0.0005567725344828627
-0.0035435048204886434
-0.0014021024647398513
-0.0002332169665686389
-0.00018718236814021773
-0.0013926618875377576
-0.00021471830498323753
-0.00038389235270018117
-0.0005983966820238663
-0.0003102651109051174
-0.0008276385061411495
0.00017750003307056693
-8.180848537078222e-05
-0.0001717783001763106
-0.0041751558231015225
-0.0013888456709353668
-0.003721141680964692
-0.0007935289885500576
-0.0026763139294324776
-0.005235544568237201
-0.0015152214971539295
-0.002508540943032141
0.0012046551090525931
0.0016035373075098142
0.010624505602650523
0.0211798982760076
0.019721883747318272
0.021989239488327306
0.02483411190064389
0.024028468486476304
0.024971271591029694
0.01961663923843427
0.015887156100843743
0.016804806917297056
0.011577636493000905
0.016166387659181384
0.001903680246348604
-0.007586182593705457
-0.01864572141600015
-0.028215998281381844
-0.024406641428524722
-0.024174850339494857
-0.02595624996940044
-0.021540939650026056
-0.015505972166867839
-0.015103450509606074
-0.012136937708509541
-0.01149249665799666
-0.007451430375790117
-0.004409806977128923
-0.001500276318460153
-0.0010428054805838162
-0.0005178115743574748
0.003184066971816165
0.003534877691798901
0.006712421202592703
0.0032395009206539864
0.0022162612759248743
5.316293985358126e-05
0.004132867835494786
0.002723834899161246
0.0002106983404273888
0.00363503955732628
0.000821164412394592
-0.002958070270574253
-0.002076258651673115
-0.0032410825319343713
-0.004218728781944486
-0.0031554353487936587
-0.004613649699144068
-0.005178851532570736
-0.005643135593779852
-0.00540159898025583
-0.006428215121694708
-0.00867904712608386
-0.006815239605268255
-0.006455929067025925
-0.007841004221906513
-0.004848559338417544
-0.002697570734136206
-0.006326597687523945
-0.0037963279421205447
-0.002024317374979547
-0.0007890956350347051
-0.004552386828660089
-0.001935942155656766
0.0007172016987088146
-0.0048151415320384664
-0.001126141721259972
0.0015776740062222476
0.004598564522438411
0.0025861370660719366
-0.00388114078416322
-0.002526347377067387
-0.004580773353593436
-0.004763465352218308
-0.0037969193131452326
-0.006974721799334636
-0.005092503149785242
-0.008199949221951918
-0.00020306229164287465
-0.00621310383064318
-0.0013096457668981213
0.001855538894715478
-0.0034855340843027464
-0.001189147437835718
0.0026152657619052484
-0.0019799895134704425
0.0009012645230372164
0.003119236260954165
-0.00035199505952626165
0.002988773337423178
0.004294247029501947
0.004656309666246847
0.002927008296150506
0.003490616668287396
0.002869153018118149
0.0023188098649165696
0.0022946624720850167
0.0013126609068221846
0.0014452048295324957
0.0007670352717861969
0.0026038230990517476
0.001664969321200998
0.00013111883261149418
-0.0005145694033907736
0.002338463826262799
0.001071757624784169
0.0012695025058993554
-0.0005050911078119743
0.003152029440296955
0.002406695103102599
0.0022978435151326617
0.000497443650976065
0.005264201336088416
0.0019700147472363062
0.018353320142104355
0.01725834391782425
0.027088739240445872
0.02342196060383958
0.023868872757890267
0.023595746477829357
0.02050180212878852
0.020391570022965988
0.017246303849509804
0.01258581803588901
0.00814947929780428
0.0073398782234471195
0.003872225424834841
-0.0010186331291247772
-0.0027254009606877856
-0.002744153413520426
-0.0031254940054055752
-0.003245065543975363
-0.0018685779783261323
-0.0030576412097101952
-0.0022822164771566246
0.002669452642756272
-0.004010588373075268
1.7741674451550935e-05
-0.0010107844186476858
-0.002550573431941535
0.0018289121435767666
-0.0015626491619104568
-0.004138672204608942
-0.006448754685193137
-0.0018217797380700401
-0.004994145662039061
2.8791190163748103e-05
-0.0042950939250013245
-0.005200065489434715
-0.006815596510895328
-0.0025430139951503374
-0.0041657571016978645
-0.005167501374297064
-0.0055684827960032456
-0.0029971196834148615
-0.004211965319348512
-0.004916203481528886
-0.0033046822789319047
-0.004195569659540624
-0.0043087958788055915
-0.004750008160457003
-0.0044431248365515855
-0.004841328054354345
-0.005416022967572859
-0.002993041781466377
-0.005630037083012466
-0.005333281024785887
-0.007576549594609088
-0.0037145615666236056
-0.0068692335783283685
-0.005415645668488559
-0.0026353431276628842
-0.0006408170024686206
-0.004354627400299287
-0.0023160528499034726
-0.006890945381148241
-0.004325514507905572
-0.0024075298564199214
-0.005604102229801666
-0.0036373857561211157
-0.0011370844860034896
-0.003543738574124388
-0.0019306651542035044
-0.0016301885052747843
-0.0038070330461400714
-0.002664178508021913
0.0001843380464249684
-0.005245771078047816
-0.0024022554309547813
0.0005219862568801703
-0.004634521308854516
-0.002585464200653778
0.0006330151936467716
0.0025510654900994015
-0.003420654327488857
0.0021257840936270843
-0.0029544757169586767
-0.00043363445064790275
-4.585517730585712e-05
0.0016522155787809473
-0.001473707933833107
-0.0008462785807361869
-0.000315923284883999
-0.0004024442846184153
-0.0021263407510630767
-0.0025582501502216222
-0.0032044648510019826
-0.002371539670066213
-0.0020034509350622767
-0.0021379144584604756
-0.001172400057477892
-0.0013343317799864322
-0.0014202820738349999
-0.0021673536410945883
-4.931014734424563e-05
-0.0006484878222503146
-0.0022359311152161934
0.001579843128490619
-0.0014454611313390747
-0.0025408996853777534
0.0003208124713838549
0.0031058892242440575
0.022182816016201333
0.024839963533218632
0.02785352972021267
0.026128100575020997
0.03083891728840048
0.027673236119497704
0.028397811205249097
0.024393711824451107
0.019284933138246484
0.013975697071121373
0.014369223351510196
0.009033796527430162
7.223133894978972e-05
0.0009283070190030664
-0.011935483961386929
-0.013996943940859752
-0.014755755608193548
-0.01617624143456682
-0.013790021251534881
-0.01225464895872158
-0.01048848736361714
-0.009434610630125365
-0.006998799599905526
-0.004696340700572422
-0.0032624760099721384
-0.0029167203390541288
0.000705120555845036
-0.0008087922870377708
-0.0015141417424750473
0.002822120501666865
-3.4859822586664494e-05
-0.0014440390721184764
0.0031232648547010306
-0.0002593586479598862
-0.0025085845728056518
0.0015906478145586538
-0.0016546953609744106
-0.0031824555667170833
-5.355688517985148e-06
-0.0023783617927135544
-0.004252854090005111
-0.002249510490058641
-0.003648459945639675
-0.004384077366859845
-0.0036128934358388835
-0.004270177362193355
-0.004347670344664479
-0.004900569977319557
-0.004930834147029713
-0.004626150122880811
-0.005821296214755353
-0.004328149734377324
-0.0066974590914150554
-0.0061384314678661804
-0.004532524020113051
-0.0033307892381991954
-0.006325460912654055
-0.005700242949720719
-0.004369578376379041
-0.008118330294136961
-0.008104128485361312
-0.0034177891646157035
-0.007823559099469735
-0.005421367620071278
-0.00215086055927267
0.0001976131833743153
-0.005016379526963738
-0.0015881148464134721
3.853219503224978e-05
-0.000734941019388084
-0.0023695184812718983
-0.0016470626544434449
-0.0004790725980113448
-0.0051935345940288345
-0.004372119821577261
-0.0028059689427077095
-0.008090452149288645
-0.0060523658073481194
-0.005383820916092767
-0.00014830741037287246
-0.005359752206637397
-0.002198010595465544
0.0005186276557793245
-0.005009364003292921
-0.0010699087879409274
0.0009572866913537437
-0.0026122703591610233
-0.0009856172865561335
-0.00033944310684073654
-0.000964298456979271
-0.000863847827352682
-0.0002844230058860409
-0.0007257912276650769
-0.0005406135868523905
-0.0006997483351090763
-0.0014948143992171636
-0.00047529402242477175
-0.0006016404548914648
-0.0007968971580081699
0.002560346143449373
-0.0009562896040247165
-0.000909667254782353
0.0023015758089702356
0.00231365070264287
2.7927449436831002e-05
0.004155944304554882
0.0025595296606105403
0.0011588612191137727
-0.0009294534938788114
0.006540383156128038
0.017292465068925424
0.015490177155321647
0.025288399868891878
0.024646811451159403
0.026874939297684
0.025407821153915627
0.026798397413276297
0.021795834546825113
0.016752425367705603
0.016641248024064862
0.014621581276055291
0.010374271738046115
0.005389882588615666
0.007742015195720904
0.0038243384959226424
-0.0030737135001628244
-0.004668145822901351
-0.0038190803730592296
-0.005782835001493651
-0.006054055881664237
-0.006926365550162026
-0.004966699571831018
-0.004855746297609323
-0.0050306715838603164
-0.001444684238608675
-0.002192710764075716
-2.6057895867643395e-06
-0.0022049069967977407
-0.0037261714163189497
0.0013847406902185832
-0.0004543219519316903
-0.003260620552450159
-0.00479913699172202
-0.001536571474569378
-0.002307058303331937
-0.0026946607697703588
-0.0040944193548654
-0.004581868328547958
-0.0024206236801133335
-0.0034611084573140764
-0.004241039536752701
-0.0020364339670464957
-0.0031876546119360754
-0.0036937532431915265
-0.0037566544294787615
-0.004029674643942019
-0.003311740972183446
-0.002706249820657887
-0.00376635856571843
-0.0032752848639893044
-0.0012745828763842206
-0.0029459973082049027
-0.0021334270743523062
-0.00106721649853655
0.0008014685306579943
-0.0002789782062078894
-0.003423276928712471
-0.002541984254163232
-0.0014040950958700998
-0.0005967861359604876
-0.00393602121358643
-0.0028445181005172814
-0.00024380887969375844
-0.004436958962576832
-0.0025731466773799157
0.001303470329840536
-0.0011901439013649396
0.00035477038449426555
0.0016424807498105734
-0.001378573595001483
0.0003693519376682574
0.0016761673049212706
0.0024642205367933776
-0.0025645953800336016
-0.002366405475474705
-0.002051397983584822
-0.0006035990909403179
-0.005812325036224492
-0.0026302246023466773
-0.0011942530538296434
-0.0059163305736535
-0.0032712805322647437
-0.0020224543800912305
-0.004306391269414895
-0.0007811599294386307
-0.002821874709140764
-0.0014863794581338266
-0.0005276997847436673
-0.00010149319653173542
-0.0017321176109148574
-0.0006918679153058592
-0.0011509385870974653
-0.0006655205845931745
-0.0004706345113793802
-7.090174759007377e-05
-0.00037459160173678683
-0.0011742216406413913
-0.00205788950325123
-0.00013252642335910762
0.00048766907539834933
-0.0005313086616706267
0.0033253830675210277
3.1901324326460063e-06
-0.000979299759420078
-0.0022229277495639677
0.0017142948311387
0.02421159957619296
0.025034947074509453
0.023203642923707017
0.02660517208740813
0.027195844688223256
0.027925423112008952
0.023152773727401297
0.018778167861591186
0.013447470356936346
0.01440697263096958
0.008748510288383193
0.003746710996528983
-0.004856745985526025
-0.004377073489260162
-0.018221930862710695
-0.01625900572697409
-0.017489290919371386
-0.01551816648902806
-0.014013776158101215
-0.01309645714223377
-0.011697526899216886
-0.010234836451218003
-0.006774252809768172
-0.004074089847102509
-0.0023942746475314114
-0.002154582774207105
-0.0023673267891260127
0.0017725299607766237
0.0006706981112304587
-0.0007490014736643017
-0.00033167240141437806
0.0023813921930752628
0.001366470435179688
-0.0011303508364929823
-0.0022901727097820526
0.0014738294862303492
-0.0007407265704032122
-0.0032816574286895195
-0.00022725284033373524
-0.0021805803415969323
-0.0029815112508577595
-0.001972289995265217
-0.0032928455242193103
-0.0027003942721667484
-0.0026718321148712495
-0.0027048805928192154
