1.9142279624938965
1.9281558990478516
1.9403679370880127
1.9524736404418945
1.964578628540039
1.9777514934539795
1.9901227951049805
2.0025062561035156
2.0146470069885254
2.0337905883789062
2.058173418045044
2.0727295875549316
2.085265636444092
2.0978283882141113
2.110934019088745
2.123600721359253
2.1366584300994873
2.150073289871216
2.1638481616973877
2.192472219467163
2.204925537109375
2.2174570560455322
2.2301440238952637
2.2427756786346436
2.2555811405181885
2.2682416439056396
2.2810850143432617
2.311020851135254
2.325305461883545
2.3378148078918457
2.3526861667633057
2.3651680946350098
2.3774526119232178
2.3895795345306396
2.4019107818603516
2.4156346321105957
2.4298715591430664
2.4422366619110107
2.4546663761138916
2.467026472091675
2.4797213077545166
2.4916889667510986
2.50364089012146
2.516470432281494
2.5302207469940186
2.542661428451538
2.5551552772521973
2.567267656326294
2.5820324420928955
2.594358205795288
2.6065831184387207
2.6188948154449463
2.6320717334747314
2.6455137729644775
2.659778118133545
2.6724917888641357
2.68497633934021
2.6976847648620605
2.710387945175171
2.723176956176758
2.735827922821045
2.7481930255889893
2.7606348991394043
2.7745680809020996
2.7906088829040527
2.8044140338897705
2.8171145915985107
2.8294167518615723
2.8438057899475098
2.8591229915618896
2.8720741271972656
2.885132074356079
2.89809250831604
2.911790609359741
2.9249722957611084
2.93748140335083
2.949772357940674
2.9616739749908447
2.9744551181793213
2.987062692642212
2.9998061656951904
3.0126638412475586
3.025552988052368
3.038527250289917
3.0513408184051514
3.064100503921509
3.077407121658325
3.0903141498565674
3.1031718254089355
3.115400791168213
3.1281466484069824
3.1432876586914062
3.169309377670288
3.182840585708618
3.1956634521484375
3.2084426879882812
3.2213406562805176
3.2337534427642822
3.246161699295044
3.2590274810791016
3.272507667541504
3.2866597175598145
3.2993736267089844
3.31262469291687
3.325397253036499
3.3401052951812744
3.352956533432007
3.3656868934631348
3.379138946533203
3.392225503921509
3.4079599380493164
3.424027919769287
3.4369325637817383
3.449305534362793
3.4615511894226074
3.4744277000427246
3.4872701168060303
3.499831438064575
3.51273512840271
3.5257678031921387
3.539015054702759
3.551863670349121
3.5647289752960205
3.579244613647461
3.5914037227630615
3.603632688522339
3.615643262863159
3.629558563232422
3.6545815467834473
3.6680471897125244
3.680838108062744
3.6930184364318848
3.7055716514587402
3.718087673187256
3.730167865753174
3.742743492126465
3.7561168670654297
3.7713003158569336
3.7840540409088135
3.7968294620513916
3.8091065883636475
3.8227109909057617
3.835127353668213
3.847302198410034
3.8595051765441895
3.872562885284424
3.8871219158172607
3.8997323513031006
3.912391424179077
3.925067663192749
3.9380621910095215
3.9499945640563965
3.962083578109741
3.9751291275024414
3.9889278411865234
4.002971172332764
4.027199745178223
4.039637327194214
4.051917314529419
4.0646796226501465
4.077154159545898
4.089715242385864
4.102750301361084
4.115588903427124
4.1347150802612305
4.1490607261657715
4.161036014556885
4.173028469085693
4.18595027923584
4.198747634887695
4.211677312850952
4.224523305892944
4.237361192703247
4.250151634216309
4.263046979904175
4.275784254074097
4.289301156997681
4.301410436630249
4.313375949859619
4.325627326965332
4.33787727355957
4.350863218307495
4.363889455795288
4.376709938049316
4.389091968536377
4.401791334152222
4.414503812789917
4.42673397064209
4.439105749130249
4.451639890670776
4.464127779006958
4.476212501525879
4.488957405090332
4.501452445983887
4.513875722885132
4.526255369186401
4.5396974086761475
4.552462577819824
4.565331935882568
4.5780112743377686
4.591245174407959
4.60434365272522
4.617035388946533
4.629515647888184
4.642204761505127
4.65503716468811
4.6681296825408936
4.680798292160034
4.694140911102295
4.707357406616211
4.720739364624023
4.73328423500061
4.745826244354248
4.758508920669556
4.772032737731934
4.784873008728027
4.797152280807495
4.808956861495972
4.821750164031982
4.847768545150757
4.862313985824585
4.874882936477661
4.887833833694458
4.9006431102752686
4.9129180908203125
4.925008773803711
4.937171459197998
4.950701475143433
4.964266538619995
4.976941823959351
4.989658355712891
5.002551794052124
5.015199184417725
5.027157783508301
5.0392162799835205
5.051153898239136
5.063892602920532
5.077337980270386
5.090561389923096
5.103315353393555
5.115783214569092
5.127887487411499
5.140538692474365
5.153030633926392
5.1652281284332275
5.177648067474365
5.190937757492065
5.2037529945373535
5.215917110443115
5.227962255477905
5.240200042724609
5.2531890869140625
5.266198396682739
5.278872966766357
5.291795492172241
5.30429220199585
5.317614316940308
5.330975770950317
5.3435704708099365
5.356067657470703
5.368520736694336
5.380807638168335
5.393106698989868
5.4051525592803955
5.417742729187012
5.432855844497681
5.448035478591919
5.460649013519287
5.47308874130249
5.488260507583618
5.500760316848755
5.513546943664551
5.526132583618164
5.539015769958496
5.5525853633880615
5.566483974456787
5.57926607131958
5.5921876430511475
5.604726791381836
5.616902589797974
5.629044532775879
5.641246318817139
5.654397964477539
5.668924808502197
5.683954954147339
5.696434736251831
5.708316802978516
5.720641851425171
5.734061241149902
5.746365308761597
5.758433103561401
5.770814657211304
5.786645412445068
5.800956726074219
5.8138391971588135
5.826324224472046
5.839062690734863
5.851880311965942
5.864715337753296
5.8773510456085205
5.890317916870117
5.90270471572876
5.917679071426392
5.933761119842529
5.946500062942505
5.958855152130127
5.971674680709839
5.98401141166687
5.9959492683410645
6.007826566696167
6.020135164260864
6.035693407058716
6.0522167682647705
6.064415216445923
6.076845645904541
6.0897297859191895
6.102720260620117
6.1148669719696045
6.127369165420532
6.1392974853515625
6.151544094085693
6.168680906295776
6.182624816894531
6.195122718811035
6.208008527755737
6.2208147048950195
6.233441591262817
6.246970176696777
6.259220361709595
6.2711265087127686
6.2829976081848145
6.295036792755127
6.314211130142212
6.3267621994018555
6.3388001918792725
6.351146936416626
6.3633131980896
6.377203941345215
6.389723539352417
6.402470111846924
6.415071249008179
6.428957939147949
6.444461107254028
6.45807957649231
6.470390796661377
6.4825520515441895
6.495082855224609
6.5089356899261475
6.521714210510254
6.534761190414429
6.547506332397461
6.5662312507629395
6.580769062042236
6.593640089035034
6.606573820114136
6.61923885345459
6.631369352340698
6.643527030944824
6.655580043792725
6.66925311088562
6.685736894607544
6.699814558029175
6.7117919921875
6.723766565322876
6.735798597335815
6.748300790786743
6.760849237442017
6.773322820663452
6.785643577575684
6.807330131530762
6.823011636734009
6.83488392829895
6.846680402755737
6.858574628829956
6.8714704513549805
6.8840601444244385
6.896625280380249
6.909976959228516
6.9228479862213135
6.937758684158325
6.95142126083374
6.964541912078857
6.97683048248291
6.989425420761108
7.0027196407318115
7.014806747436523
7.027260065078735
7.0403831005096436
7.054458856582642
7.075232028961182
7.091770648956299
7.1053688526153564
7.118546724319458
7.132068157196045
7.144718647003174
7.157171010971069
7.172167062759399
7.18657660484314
7.204216003417969
7.220037460327148
7.234306573867798
7.247658014297485
7.260754585266113
7.2734692096710205
7.285870313644409
7.298647165298462
7.311142444610596
7.323755741119385
7.339893817901611
7.354324579238892
7.367034196853638
7.379632234573364
7.3930535316467285
7.405888080596924
7.418769598007202
7.431421995162964
7.444364070892334
7.458975553512573
7.480265378952026
7.4946794509887695
7.5072572231292725
7.519752740859985
7.532262802124023
7.544631004333496
7.55718994140625
7.571884632110596
7.587392807006836
7.600096225738525
7.626574754714966
7.640469074249268
7.6540117263793945
7.666937828063965
7.680096626281738
7.693174362182617
7.706272602081299
7.718721151351929
7.7316272258758545
7.744450807571411
7.757405519485474
7.76982855796814
7.78194785118103
7.7981109619140625
7.814660310745239
7.82881498336792
7.841664791107178
7.854835271835327
7.880778074264526
7.893184661865234
7.905379295349121
7.91783332824707
7.93073034286499
7.943255424499512
7.956205129623413
7.968935489654541
7.982861280441284
7.997042655944824
8.009350776672363
8.021993160247803
8.034195899963379
8.047063827514648
8.059849262237549
8.072219133377075
8.084213256835938
8.098346471786499
8.12570071220398
8.14218258857727
8.154950857162476
8.16778302192688
8.18102741241455
8.193606853485107
8.20663046836853
8.219238758087158
8.231892347335815
8.247325897216797
8.266955852508545
8.279712915420532
8.292644262313843
8.305338382720947
8.317880868911743
8.330667495727539
8.343491315841675
8.355584383010864
8.36846113204956
8.380897283554077
8.393856048583984
8.40780234336853
8.420025110244751
8.432616710662842
8.445063829421997
8.45815634727478
8.471657514572144
8.484833002090454
8.498109340667725
8.511505365371704
8.524749517440796
8.537216901779175
8.549772024154663
8.562019348144531
8.574917078018188
8.587716817855835
8.600446939468384
8.613340616226196
8.627573490142822
8.65362000465393
8.666218042373657
8.678932666778564
8.69145393371582
8.704005718231201
8.716627836227417
8.728939533233643
8.741911172866821
8.757676362991333
8.772372007369995
8.7852783203125
8.798434019088745
8.811388731002808
8.824903726577759
8.838348388671875
8.852930307388306
8.865959644317627
8.880615949630737
8.898501873016357
8.91316270828247
8.925648927688599
8.93874454498291
8.952076435089111
8.964970350265503
8.97718334197998
8.990262746810913
9.003068923950195
9.015888452529907
9.02957820892334
9.048644065856934
9.073807954788208
9.08672833442688
9.099931001663208
9.112542867660522
9.124897003173828
9.137907981872559
9.151843070983887
9.167384386062622
9.182340145111084
9.2077054977417
9.220454454421997
9.233374834060669
9.246703624725342
9.260220766067505
9.273422479629517
9.286274433135986
9.298696041107178
9.314103841781616
9.33958649635315
9.352563858032227
9.38907504081726
9.402656555175781
9.416226863861084
9.429058074951172
9.441694736480713
9.454984903335571
9.467967748641968
9.48132586479187
9.494230270385742
9.507598400115967
9.520600080490112
9.53361964225769
9.546593427658081
9.559041976928711
9.574230432510376
9.592722654342651
9.607308864593506
9.619907140731812
9.632561922073364
9.646026372909546
9.658539772033691
9.670324802398682
9.683282136917114
9.695957899093628
9.70875334739685
9.722225189208984
9.735458374023438
9.747985601425171
9.760710000991821
9.77345609664917
9.786013841629028
9.79797887802124
9.809975624084473
9.822056293487549
9.83452582359314
9.84750771522522
9.860731601715088
9.873685598373413
9.885804891586304
9.89793848991394
9.911088466644287
9.924184799194336
9.93644118309021
9.949192762374878
9.962049007415771
9.975208520889282
9.988645076751709
10.001819133758545
10.014439821243286
10.027010202407837
10.044454097747803
10.059027194976807
10.072099685668945
10.084574937820435
10.097292184829712
10.114187479019165
10.12831163406372
10.141072273254395
10.15361213684082
10.166076183319092
10.17910623550415
10.191919326782227
10.20409107208252
10.216223239898682
10.229037046432495
10.242373704910278
10.255438327789307
10.267958164215088
10.279862403869629
10.2920560836792
10.304363489151001
10.316887140274048
10.329298496246338
10.342067241668701
10.354893207550049
10.378865957260132
10.394307136535645
10.40856409072876
10.424623966217041
10.44061017036438
10.453625917434692
10.466304540634155
10.478697299957275
10.491357564926147
10.50406527519226
10.516775369644165
10.52909255027771
10.541289567947388
10.553452014923096
10.566077947616577
10.578756093978882
10.592060089111328
10.60638427734375
10.624135494232178
10.642722845077515
10.656918287277222
10.669762372970581
10.682507991790771
10.695339918136597
10.707657098770142
10.720064878463745
10.732869148254395
10.74880576133728
10.763766527175903
10.777735710144043
10.78985333442688
10.802081823348999
10.814532995223999
10.826984405517578
10.83957314491272
10.852318525314331
10.870554208755493
10.884329080581665
10.896971940994263
10.909318923950195
10.921608924865723
10.933512926101685
10.945595026016235
10.95747709274292
10.970308542251587
10.983421087265015
10.996580362319946
11.009555101394653
11.023799657821655
11.036240339279175
11.048560857772827
11.060645818710327
11.073514461517334
11.089558362960815
11.104026556015015
11.11670732498169
11.129498481750488
11.141836404800415
11.154029369354248
11.166455745697021
11.178529739379883
11.191070556640625
11.204301834106445
11.22932481765747
11.241958856582642
11.254652261734009
11.267730236053467
11.281734943389893
11.294093132019043
11.306494951248169
11.319096565246582
11.334141254425049
11.350342273712158
11.36680817604065
11.379505395889282
11.39152979850769
11.40354871749878
11.415719985961914
11.428619146347046
11.441165685653687
11.453866243362427
11.470077514648438
11.487782955169678
11.502266883850098
11.514861345291138
11.527570724487305
11.540477275848389
11.553027629852295
11.565123081207275
11.577481031417847
11.594989538192749
11.609957933425903
11.622998476028442
11.636188983917236
11.649460554122925
11.66227412223816
11.6749427318573
11.68768858909607
11.700505018234253
11.714245080947876
11.739145040512085
11.752603769302368
11.764756441116333
11.777107000350952
11.789525508880615
11.802229642868042
11.8147451877594
11.827245712280273
11.839667558670044
11.863145112991333
11.87511944770813
11.886965274810791
11.90090274810791
11.913816928863525
11.926373720169067
11.938843965530396
11.95086407661438
11.968239545822144
11.99321961402893
12.005349159240723
12.01753568649292
12.030797719955444
12.04344916343689
12.056161403656006
12.06925630569458
12.082142353057861
12.09902024269104
12.123610019683838
12.136290073394775
12.148505210876465
12.160743951797485
12.173596858978271
12.185707092285156
12.198415517807007
12.211471319198608
12.224198818206787
12.237468242645264
12.25001311302185
12.26283073425293
12.276012897491455
12.288906812667847
12.301870107650757
12.314635276794434
12.32737398147583
12.340105533599854
12.352745294570923
12.365067720413208
12.392290592193604
12.405032634735107
12.417426109313965
12.432310342788696
12.445097923278809
12.45777153968811
12.470341682434082
12.482985973358154
12.5097336769104
12.523523092269897
12.535953044891357
12.548072338104248
12.560146570205688
12.572422742843628
12.584646224975586
12.596874952316284
12.609241485595703
12.62172245979309
12.634824991226196
12.647828102111816
12.661174535751343
12.67411184310913
12.687965631484985
12.702223062515259
12.716196298599243
12.728803157806396
12.741559267044067
12.754393815994263
12.767497062683105
12.781550407409668
12.794206142425537
12.807321786880493
12.82023024559021
12.833484172821045
12.846519708633423
12.859752893447876
12.872726678848267
12.889008522033691
12.91506576538086
12.929139614105225
12.943472385406494
12.959755420684814
12.974929809570312
12.988934993743896
13.00100564956665
13.013039588928223
13.027989387512207
13.04533338546753
13.05841064453125
13.070868015289307
13.083247900009155
13.095513582229614
13.108114242553711
13.121212482452393
13.133939743041992
13.14609670639038
13.15887451171875
13.173339605331421
13.18713903427124
13.199490547180176
13.211827516555786
13.224900722503662
13.237413883209229
13.249907970428467
13.262533903121948
13.275998830795288
13.29142141342163
13.305507183074951
13.31857705116272
13.331520557403564
13.344872951507568
13.357768774032593
13.37039828300476
13.382943630218506
13.395713806152344
13.40999960899353
13.424105405807495
13.436770915985107
13.448665142059326
13.461257457733154
13.474036455154419
13.486004114151001
13.497905254364014
13.509884357452393
13.521633386611938
13.533833503723145
13.546024799346924
13.558244705200195
13.570250988006592
13.58293890953064
13.595079183578491
13.60772967338562
13.620038986206055
13.632843255996704
13.644984722137451
13.6585693359375
13.672483921051025
13.6856050491333
13.698590993881226
13.711508750915527
13.724249362945557
13.73681378364563
13.749232292175293
13.761468172073364
13.776715517044067
13.792607069015503
13.806516170501709
13.818734645843506
13.830864429473877
13.843088150024414
13.855895519256592
13.868144035339355
13.88021183013916
13.892831802368164
13.906226873397827
13.92063856124878
13.934177160263062
13.946887731552124
13.959712028503418
13.974258661270142
13.987133741378784
13.999773025512695
14.012468338012695
14.024902820587158
14.037974834442139
14.053517818450928
14.067285060882568
14.079944133758545
14.092602729797363
14.105238914489746
14.1176118850708
14.129910469055176
14.14219069480896
14.155959367752075
14.170000791549683
14.182409048080444
14.194679498672485
14.207129955291748
14.220057249069214
14.232889175415039
14.245326042175293
14.257887363433838
14.270205020904541
14.295382976531982
14.309340715408325
14.321544170379639
14.333791494369507
14.345922946929932
14.358644247055054
14.395085573196411
14.409188747406006
14.436086654663086
14.450544595718384
14.462802648544312
14.475539207458496
14.4876868724823
14.499778032302856
14.511669874191284
14.523876667022705
14.535948991775513
14.548269271850586
14.563546895980835
14.579628944396973
14.592392683029175
14.604472875595093
14.61684799194336
14.628986835479736
14.641504049301147
14.654351711273193
14.666706085205078
14.679195642471313
14.692228317260742
14.705574035644531
14.718218564987183
14.731526374816895
14.746226787567139
14.758426666259766
14.770397663116455
14.782331705093384
14.794613122940063
14.808197021484375
14.821834802627563
14.834160327911377
14.84647274017334
14.860539674758911
14.873135089874268
14.885528802871704
14.89835500717163
14.911081314086914
14.92483139038086
14.939132928848267
14.951680660247803
14.964407682418823
14.977298974990845
14.990286350250244
15.002568483352661
15.014722108840942
15.026920318603516
15.039225339889526
15.056785821914673
15.069676160812378
15.081911325454712
15.094106435775757
15.107097148895264
15.119266271591187
15.131301879882812
15.143752336502075
15.157011270523071
15.17128300666809
15.189685344696045
15.20215916633606
15.214810609817505
15.22754693031311
15.240400791168213
15.25274658203125
15.264952182769775
15.276855230331421
15.290590047836304
15.31204342842102
15.327419996261597
15.33994460105896
15.352954626083374
15.366227865219116
15.380087614059448
15.393089056015015
15.405941486358643
15.419124126434326
15.433355331420898
15.446963548660278
15.461027383804321
15.47393274307251
15.4867422580719
15.500630855560303
15.514073610305786
15.526876211166382
15.539566040039062
15.55245566368103
15.566542148590088
15.579469442367554
15.591920137405396
15.604355573654175
15.619165658950806
15.631839036941528
15.644392013549805
15.656633138656616
15.669225454330444
15.693185329437256
15.70773458480835
15.720437049865723
15.732763767242432
15.745431661605835
15.758163690567017
15.771069765090942
15.783757448196411
15.79639220237732
15.808712720870972
15.838587999343872
15.85301923751831
15.865837574005127
15.87836217880249
15.890793800354004
15.903160095214844
15.91568374633789
15.927896976470947
15.93998646736145
15.952139139175415
15.965159893035889
15.978343725204468
15.9903564453125
16.002604484558105
16.016642332077026
16.02895951271057
16.04099702835083
16.053205490112305
16.06588888168335
16.078192234039307
16.089797019958496
16.10251784324646
16.116317987442017
16.129239082336426
16.14216160774231
16.15500783920288
16.167907238006592
16.180091857910156
16.192570447921753
16.205649852752686
16.219034671783447
16.23328685760498
16.245946645736694
16.26097559928894
16.274611473083496
16.29088568687439
16.304970026016235
16.31747078895569
16.329622983932495
16.342538595199585
16.355177402496338
16.367924690246582
16.380435466766357
16.393248558044434
16.405932188034058
16.419164896011353
16.431584358215332
16.443939208984375
16.456001043319702
16.469959497451782
16.495131492614746
16.50769567489624
16.520228147506714
16.53247880935669
16.545225858688354
16.558361291885376
16.57123374938965
16.584063291549683
16.597082138061523
16.61007833480835
16.624083757400513
16.638487815856934
16.650760650634766
16.66348171234131
16.676588773727417
16.690300703048706
16.702531576156616
16.714614391326904
16.72698664665222
16.7397563457489
16.752166032791138
16.76564908027649
16.778937101364136
16.791227102279663
16.80376887321472
16.81678009033203
16.8292293548584
16.84135913848877
16.85387349128723
16.866822481155396
16.880248308181763
16.893333911895752
16.90594482421875
16.91821026802063
16.93080186843872
16.943953275680542
16.95672631263733
16.96943950653076
16.982125759124756
16.996166467666626
17.00909733772278
17.021756887435913
17.03494143486023
17.04773211479187
17.060374975204468
17.07269287109375
17.085015058517456
17.097318172454834
17.110888957977295
17.12513542175293
17.138674020767212
17.151397943496704
17.16373562812805
17.176301956176758
17.18901491165161
17.20175576210022
17.214629888534546
17.227714776992798
17.241502046585083
17.256702184677124
17.269076108932495
17.281113386154175
17.293394565582275
17.305629014968872
17.31807565689087
17.330811023712158
17.343261241912842
17.355682611465454
17.369913578033447
17.39699411392212
17.41052794456482
17.422868490219116
17.43517780303955
17.448120594024658
17.46095061302185
17.473690271377563
17.486705780029297
17.50007176399231
17.516632795333862
17.530190467834473
17.542322874069214
17.554125785827637
17.566622018814087
17.58018660545349
17.593008756637573
17.605364322662354
17.61803126335144
17.631818056106567
17.652461290359497
17.6662814617157
17.67845606803894
17.691733837127686
17.704729318618774
17.717260599136353
17.72941017150879
17.74130630493164
17.75349998474121
17.76843786239624
17.78242540359497
17.79553771018982
17.807730674743652
17.820825815200806
17.834893465042114
17.84781241416931
17.86041498184204
17.873119592666626
17.885835647583008
17.90313696861267
17.928253650665283
17.940516233444214
17.95323657989502
17.965521812438965
17.978346586227417
17.991145610809326
18.004106521606445
18.017792463302612
18.031442880630493
18.045300245285034
18.05927848815918
18.071608066558838
18.085957765579224
18.09841227531433
18.11124324798584
18.12442898750305
18.13779354095459
18.152196645736694
18.170547485351562
18.185551404953003
18.198277473449707
18.210712432861328
18.222909450531006
18.235284090042114
18.2477707862854
18.2607319355011
18.27349090576172
18.299601316452026
18.314484357833862
18.327200889587402
18.340008974075317
18.353581428527832
18.366525411605835
18.379105806350708
18.39193034172058
18.404842853546143
18.425936937332153
18.440990686416626
18.45374369621277
18.466679096221924
18.47927951812744
18.4919273853302
18.504133224487305
18.51675820350647
18.52936315536499
18.543710947036743
18.559181690216064
18.573383808135986
18.585369348526
18.597256660461426
18.61168336868286
18.624812841415405
18.63696050643921
18.648911237716675
18.66146492958069
18.674704790115356
18.693994998931885
18.7068350315094
18.719550848007202
18.732571363449097
18.746165990829468
18.76064395904541
18.773366928100586
18.786197900772095
18.79857850074768
18.81087064743042
18.823328018188477
18.83585238456726
18.848445653915405
18.86198616027832
18.874542236328125
18.886937379837036
18.899242401123047
18.91391682624817
18.938077449798584
18.951568365097046
18.9646737575531
18.978114366531372
18.990413904190063
19.002345085144043
19.014556407928467
19.02749466896057
19.040351390838623
19.05522871017456
19.070836544036865
19.08452320098877
19.096586227416992
19.10855770111084
19.12065029144287
19.13395881652832
19.146734952926636
19.159565448760986
19.172749042510986
19.1854248046875
19.197927474975586
19.210397005081177
19.224177598953247
19.236663103103638
19.24902892112732
19.261539936065674
19.275002002716064
19.291186571121216
19.315104484558105
19.32693314552307
19.339200258255005
19.352115869522095
19.36700963973999
19.39478039741516
19.407524585723877
19.420011520385742
19.436408519744873
19.449413537979126
19.462190628051758
19.47506070137024
19.48807454109192
19.501299619674683
19.51413345336914
19.526994943618774
19.54029417037964
19.56221318244934
19.57499098777771
19.58760905265808
19.599634408950806
19.612187147140503
19.626189947128296
19.638696432113647
19.65179967880249
19.664652109146118
19.67751169204712
19.695512533187866
19.710071802139282
19.722698211669922
19.735175371170044
19.74822688102722
19.76088047027588
19.773532390594482
19.786184549331665
19.79953956604004
19.81403398513794
19.82800269126892
19.84065866470337
19.853361129760742
19.86606502532959
19.881027221679688
19.893208980560303
19.905113220214844
19.916822910308838
19.92904829978943
19.943932056427002
19.959375619888306
19.97300910949707
19.985077381134033
19.99755072593689
20.011040449142456
