-0.00011657312152343252
-0.0006556109124799916
0.0009016876868395946
-5.878387206868822e-05
0.002441161323664663
0.0046010894030260475
0.0048792110292432125
0.006159787461078138
0.013037881339866495
0.012423730432288345
0.02191100409016264
0.03351346219795625
0.035589063903197035
0.03973198171383069
0.05035480964495757
0.05850497909812639
0.0587789958238545
0.06361381204568586
0.06867269624611225
0.07612996225336698
0.07712981950767459
0.08770547204392046
0.09659599539674835
0.09884313274198203
0.10185916243051212
0.1103459080268503
0.11844231482973294
0.11574158785160185
0.12204972976268005
0.13638792853197612
0.14185432082543065
0.14541405560790296
0.1475631150588801
0.15069590651532624
0.15521345885201354
0.16104749086047604
0.16106048378654136
0.15929323778059584
0.16909855947302713
0.17337694668719847
0.17452038009794565
0.1777776817758475
0.18256885375506854
0.18260044082302734
0.1876961711448638
0.19369327384712115
0.1947118426064701
0.19919536263423362
0.20251103294085124
0.20436705559673193
0.20850610370114647
0.21256296498568059
0.21337132587062618
0.2173700875727307
0.2225802762651815
0.22245960782092516
0.22698808623910585
0.23207626007630966
0.23091506176567894
0.23670262886013693
0.24150634699236298
0.24067977975391763
0.24582179642895463
0.2514791895222828
0.2508454435389291
0.2573835198614173
0.2620086609520141
0.2677009929555016
0.26632926971874077
0.2722447104970489
0.27866407128828197
0.2769813754364036
0.28477062025522204
0.28982615718017235
0.29543836830381914
0.2942983659771711
0.30162938994476735
0.30954325023819984
0.30671214380044315
0.31486055399474133
0.32289009603243596
0.33031151235468603
0.3280335654606546
0.34066261892040545
0.33694092427159794
0.34838648173244746
0.3584279150696362
0.3526696968020909
0.36503215667479194
0.37547404876171714
0.3864014074472636
0.383111528616006
0.3622454480918646
0.3913315536576272
0.4056482083695295
0.3953555456156319
0.40967702795404254
0.4249152810039423
0.4241048357397563
0.4361018016196676
0.4472071586371115
0.4504356425912058
0.467856584989597
0.47268932468401376
0.4782811828150806
0.48703825084935254
0.4982987513690991
0.5080196713038436
0.5106281291060192
0.5190362420370136
0.528815289891385
0.538288545891245
0.5360516619479735
0.5404058307537859
0.5284542245471889
0.5281955922023714
0.5181647594739593
0.5085383734189259
0.5120707723183665
0.5015635146974537
0.48985613631904007
0.49499350747504856
0.4863451814454634
0.47415432447817724
0.46292584824372474
0.4693903139533003
0.4583503302162166
0.4461998777053412
0.4352250551745935
0.4412501318648586
0.4458165459613884
0.4258254066978873
0.4153944584553427
0.4087946305584452
0.40925897159416647
0.4025634507266002
0.3975716323306198
0.39868158421737215
0.39560704257643614
0.38658720436479704
0.3923435436157784
0.3843432919889307
0.37757602668544826
0.383558179089197
0.37623419272469333
0.3692699693738258
0.36532560072749404
0.36680480247181113
0.3629434616999365
0.35866185901330394
0.3607265153459476
0.3573683647929703
0.3538664731101617
0.35058341886613487
0.3521659661142217
0.34963433000235933
0.34539221624100674
0.34694989504515367
0.34295148259174496
0.3399097857836246
0.33984802605865955
0.33744422533979507
0.33661350297509207
0.33624086731804986
0.3359286254850111
0.33464444826536294
0.3355070741434494
0.3333522222760583
0.33254666511301906
0.3314505308929333
0.3315088118859266
0.3326890846082654
0.331254195908491
0.3321908853563707
0.3349415930560251
0.33292527222326385
0.3357851594989121
0.33729913587136845
0.34006207340408945
0.33888267119231996
0.3417531297339001
0.3448546052472722
0.3426764836114504
0.34618876361495304
0.35043295709144695
0.34644991252299806
0.35314177809559866
0.3572420808044487
0.3623766394484377
0.35851910290445266
0.36477637279042935
0.3719937970427059
0.36672025228474686
0.37415467852648504
0.38220885456383374
0.3759403807684795
0.384933380524757
0.3940377821675708
0.40305438387665105
0.3971818109994576
0.40758584637726936
0.41749121912435516
0.4101057909216516
0.4217425004289099
0.4338209771964468
0.4245154300147079
0.4361101803233347
0.4180422590274321
0.44636986395822825
0.4283556333490132
0.4368682174468696
0.46912373556450565
0.46743997861689385
0.4833660683564974
0.4933370742321064
0.5013551733537862
0.5109945680922775
0.5167000700641861
0.525656177543369
0.5283941450141937
0.541835699732267
0.5531681253330164
0.5540914160038192
0.5608627032170396
0.5485401925746319
0.5348478502777966
0.5406100422058013
0.5268359293820634
0.5182752356655647
0.524327563277351
0.5060197609144305
0.49416732139202274
0.4985215576646802
0.4872883947339898
0.47641684909343807
0.4795173622579844
0.47082177400190584
0.46160409698004595
0.4668411646284572
0.455706337919576
0.44222448344453813
0.4496294632189851
0.4398094228280747
0.42923469096294936
0.4347111874224344
0.4250255518341896
0.417088765638438
0.42197782594897976
0.41210812785637024
0.4049954683246268
0.4093347249661919
0.40229345321172105
0.39553555631600623
0.38998078028426214
0.39358254581672975
0.3879618035710286
0.3822053441061543
0.3848260379426733
0.38053152602271945
0.3743004763014446
0.3765135639751413
0.3721063634588995
0.36793072458932
0.36417634864561366
0.3666959476092315
0.3625341343865366
0.3578152243430378
0.3571120653174344
0.3568881889151013
0.35218075106337443
0.35243524528156667
0.348664477881667
0.34721456027632136
0.34662940598912817
0.345289302964174
0.3449048783589743
0.34438092228461165
0.3444521733232297
0.3432489686435287
0.3420604582548204
0.34329910400369806
0.34209427554704325
0.3415746796350466
0.34259707604404893
0.3410976936667973
0.3419102895706199
0.3404190432192473
0.3409558462618514
0.34264894828716336
0.3452960431399708
0.342743525802895
0.34618169192896325
0.35035265406671917
0.3527183534812754
0.35150184252878935
0.3544105086028314
0.3586576376932887
0.35566436069441726
0.3609502521701176
0.36592733596083843
0.36109886882322306
0.3670364576202933
0.3725627247502834
0.37973849342856325
0.3826202002849767
0.3774814173069897
0.3850389705430089
0.39280158687599437
0.38752898491336546
0.39761511690057655
0.4068851089178341
0.40180150913244733
0.41159331702861146
0.391277859780591
0.4264724922062664
0.4377594617276669
0.4329349907935171
0.44571835333728266
0.45431958654241456
0.41690582218014
0.44266068550739746
0.45903697390354414
0.4467620805742801
0.4816652647196257
0.47687604422453006
0.4947937933691223
0.5051784696093653
0.5163841226529997
0.5229110622666828
0.5302006414627872
0.5364230251261338
0.544758536294562
0.5554798074010977
0.5475394809941527
0.5886863323394972
0.5886995841520959
0.5804827417570168
0.5842980896434394
0.5861942563303759
0.574877141703763
0.5630652406258773
0.5506444626665332
0.5599103038086028
0.5417747232964237
0.5466258216722715
0.5262758613450809
0.5153352151106224
0.5216292437338752
0.50960040017562
0.5005668060077367
0.49251672435143906
0.49647444634216936
0.4830474854756569
0.488561311192497
0.47469292047132255
0.4651195732443362
0.45613886628062206
0.4593777750646497
0.4508327752028535
0.4554286833748319
0.45102855412558507
0.43490109554326084
0.43812120277425987
0.4296048021186509
0.4208039353134649
0.42639235433985695
0.4173370496424746
0.40901509353060866
0.4140934084880538
0.40640711491936704
0.4038095471544464
0.39379097116707007
0.39656748120572366
0.3875934101161823
0.381775814999722
0.3826173250954748
0.3781497030949556
0.37381972867225116
0.375882643944863
0.3712278709415873
0.3674653701220221
0.3623545925523222
0.36475423553421127
0.3599637379859641
0.3560764971940537
0.3580061765578689
0.3537222051384335
0.3517714228526082
0.34967207324121263
0.35072552954144925
0.34812145231184544
0.34539856643654643
0.34425536563529713
0.3432548029146209
0.34246723902502624
0.34307657218167203
0.34145670774339876
0.34186569906225567
0.34267513066750016
0.3435216292112604
0.34764983576057684
0.34707446371516376
0.3489265412563892
0.35083350912857447
0.3508486769908957
0.35217568285543227
0.35472215809765567
0.3529794529282926
0.35517616908754607
0.3599068768564282
0.3665593875259302
0.36329175858302626
0.3684340734200769
0.3763337058684498
0.37092972676207536
0.3778428549002479
0.38456908097982156
0.39397277579739837
0.38862588497329636
0.39702152908373867
0.41100997748645063
0.4061689446075942
0.4142648773170871
0.42529626461739006
0.41941768693968073
0.4325424929143852
0.4421264959943827
0.4531142655660495
0.4627367309409105
0.45308169547086724
0.45373767930705583
0.4746818276508666
0.46159430179939576
0.4794414626860536
0.49984272462141693
0.49803321750842505
0.5135750589731298
0.5254262973905959
0.5332253443827772
0.5390320524299189
0.5509299774526454
0.5528687621186176
0.5632559105292105
0.5772876909006567
0.5911395621248555
0.5951028560132408
0.5858239662942505
0.5674748313900563
0.5538462030154925
0.5577493375067527
0.5471679416760529
0.5344190621191511
0.5389824942202451
0.5282620111727312
0.5168468966691384
0.5078992787884888
0.5129897104561959
0.5013011479595895
0.4915638587430165
0.4979996234017874
0.48655637783286954
0.47729697199410787
0.4677652027743881
0.47304428222611533
0.46330099335704783
0.4520727616767118
0.46515420029481275
0.44500948242077665
0.4365723492486423
0.440007285306328
0.43259730649930095
0.4251044413243261
0.4282260666264684
0.4205207116529524
0.41405967322996073
0.41813404258420167
0.40849499987994736
0.39973918698103983
0.4043531182275095
0.39585930628172245
0.3881117678914659
0.38311671216181475
0.3838812057456883
0.38044168607231926
0.3752875687902759
0.37557566155414296
0.3704458655482541
0.3716677498392769
0.3671002648744483
0.36298308643415966
0.3635460000790517
0.36067467696818384
0.35794056359977877
0.35529619487729197
0.35621908892827125
0.35333910696314713
0.35460711929848177
0.35127353816211604
0.35013843241175074
0.3490118461278278
0.34927739759735615
0.34768016143395136
0.3478778832166289
0.34807407240605587
0.34816830855601544
0.3473715665238631
0.3477136523539647
0.3491906621752754
0.346628949463094
0.34915265523166733
0.3512661211627227
0.3533171687618523
0.3536658681153388
0.3516876130454942
0.3537316311650692
0.35713527110218124
0.3617695102901216
0.3570080701371956
0.3628905355686972
0.36823449666130786
0.36364126319435497
0.3776237268537493
0.3772728531764661
0.3834250904288168
0.37734719102090025
0.3847890628463074
0.39518770044656926
0.3858607899576287
0.3979042533344363
0.4078954773323945
0.4168334037545583
0.4131143125389935
0.4205506322363975
0.4330974019990698
0.4460126743185169
0.43859474957297
0.44469541680377866
0.4584687675304535
0.41989099080375997
0.4468390674924744
0.4621296133335191
0.4800369280790787
0.47901782802573906
0.5146583910274352
0.5129552903854501
0.5208156668563213
0.531659019132404
0.5389395301104623
0.5487077763009367
0.546875670600208
0.5617712702974694
0.5728739260666906
0.5728064060409199
0.5616699367532793
0.5413511453085404
0.546975957737356
0.5371512155596286
0.5239727583876681
0.5295521271037895
0.523187060086538
0.504656486461462
0.5109075633335557
0.4996895694592325
0.4912102796942329
0.4798938097403718
0.48539341381996803
0.47508821580882254
0.4673049368308469
0.4564518112179555
0.4609130462869561
0.44773069198913673
0.45267012736684653
0.4437088625744606
0.43410082118273186
0.4384168306378799
0.43001476259432336
0.42146525188051037
0.41452232246273774
0.42318799003573687
0.41196898147026123
0.40270018014994435
0.40704015281091455
0.40011415664848765
0.39464621226363367
0.39861757970795625
0.3922024137723569
0.3845270966535723
0.37972495855505956
0.38248519997702657
0.3779381115605231
0.3779340888536591
0.37231879745368274
0.3675800099824552
0.3684287667110138
0.36369028004584025
0.3606064901156747
0.3580041500586248
0.3580622467303639
0.35563969074618135
0.35625652295319316
0.3534019818894634
0.3505531587373986
0.351713871015104
0.34963834551665374
0.347062846945844
0.34397419250582795
0.3446033633311616
0.3438889893397173
0.3441110358849347
0.34454603451591587
0.3437563103820511
0.34503064995990707
0.34389292535721233
0.3456260802547879
0.3468547521869174
0.34890869222046356
0.3480297888562589
0.3494222488300705
0.35152242447212156
0.35033849910065773
0.35437766336022236
0.3592881754869096
0.35591350504845337
0.36108089520511144
0.3672130311560869
0.3630183097331991
0.36866842520682125
0.3750993301829873
0.3790958743803402
0.3856766887493053
0.38107032942986163
0.38665769689432106
0.3929945522510616
0.40155054514095856
0.39574152738895757
0.4060107664388635
0.41653856178324317
0.42559541063547535
0.422454546359339
0.431235444646142
0.44321927561925556
0.438706110758283
0.4512427211082726
0.46108679478130793
0.44290553002873934
0.4502880181321564
0.45393804082996775
0.4784826022665194
0.4670023822164355
0.4948234179757711
0.5076614961788178
0.5114021391548478
0.5217500860713242
0.530670805262656
0.5338776902421749
0.5445201336651111
0.5459821310145135
0.5618094730121093
0.5598123524105101
0.5748700043573546
0.5888187052175688
0.5756147028087046
0.5801527661369058
0.5666782837105215
0.5545035369511766
0.5457592299572703
0.5501432665474547
0.5355686795609745
0.5243502575319962
0.5312151355273379
0.5178928412187772
0.5061518483480794
0.5113495055969316
0.5009254014174918
0.48847084139862545
0.4957612521817906
0.48638832244905883
0.4772910215313251
0.46739104741351334
0.4728288734866989
0.46159222151935564
0.4543762655095272
0.44434986130393755
0.4478600812151146
0.43791171548358765
0.44475340550355247
0.4345073733812571
0.42617006163855886
0.4296504495419927
0.42225415890753104
0.41550661672162675
0.40978542546656777
0.4140172330344292
0.4066963273962721
0.400629165700148
0.39772422970969873
0.4009559285256732
0.3932660271076279
0.38737685430682023
0.3832640239249464
0.38451340850419774
0.3784998792799773
0.3809064524663857
0.3723187792066342
0.36886042823401954
0.36739787384841327
0.3657189831786889
0.3622720323991554
0.3609097614373826
0.3605283285821636
0.35854541939998685
0.36077302677009704
0.35461496095554124
0.355835860756136
0.351559558085101
0.3499534795103524
0.34713218515872096
0.3481715647372292
0.3501680348100633
0.35105469666051353
0.34850144509596304
0.3521356906512828
0.35325632074295527
0.35477635289239734
0.35426237318046044
0.35523854157087303
0.3575096599361602
0.35708117186825283
0.35824135331144635
0.3675015186881288
0.36582882643644865
0.36218607531600067
0.3663599547081059
0.3723434253450815
0.3680176703487836
0.37250636325619985
0.3797773998664124
0.38717730200269834
0.38631281384052274
0.3885195621668393
0.3971179825212396
0.40402148176951963
0.39893252189117706
0.408788337988532
0.4175517827497194
0.412082945575142
0.41747147217765934
0.4382088145325144
0.43158842076572845
0.44329242276975583
0.45651500532207284
0.46623577273434447
0.45744746476910436
0.4700804425574485
0.4529884681207038
0.49187389251747404
0.46488696901588783
0.49617786476601866
0.5132554525856624
0.5166516481062441
0.5299099825472375
0.5370675389600991
0.5481108516299407
0.5551601399413223
0.5616889426273
0.5721031646164874
0.5701835937885315
0.5918706710167259
0.5895780849542227
0.5947787633031951
0.5835488300182573
0.5709532779030677
0.5754600170594862
0.5643714543343091
0.5508768565292848
0.539472912739157
0.5513344051794369
0.5296177701059313
0.5179492717741276
0.5234125234756285
0.5133895789902034
0.504080465940941
0.5080558163184704
0.49603710061225864
0.48138788896287693
0.48546452220593916
0.4741649810461832
0.46602626726700613
0.4680524840082682
0.4627504104047011
0.4536699673818113
0.45789394789925203
0.4501913282522891
0.44124990872241077
0.43383366182663513
0.43564998795087795
0.42781934814236705
0.432772682559828
0.4235989382095304
0.4161578498518716
0.42014125257511403
0.4126486545395066
0.40700747033094786
0.40186604259429104
0.4027953098185765
0.3951759952604333
0.39130292896203533
0.3943089972522007
0.3878837454280127
0.38327759732543193
0.3786012563710671
0.37973114672452496
0.3765244660392036
0.36870806211197776
0.371349899944903
0.36620284124232283
0.36367868346248966
0.36256718523848896
0.363013892039493
0.35839519839055534
0.35635899424135387
0.3561627522165488
0.3535923680660635
0.35363118724090803
0.35342923467124754
0.3526675464551993
0.35283051265910514
0.3534831480117577
0.35402556427896315
0.3536491565483388
0.3542667496847029
0.35609888300199977
0.3548581960815807
0.3570305621539988
0.35230908626940877
0.358248809600164
0.3611745433127406
0.3642292901307327
0.36002490513853785
0.3667026623153718
0.37172358532427613
0.37556220399785345
0.3702580363414138
0.37998999687295815
0.3855339853060892
0.3802138282570262
0.38618639782837133
0.3942991531432603
0.3888856166666359
0.3954850747358529
0.4009062553585593
0.4196832000412411
0.4155801618010455
0.4252672703046792
0.4182433930774829
0.4299715446581003
0.4439228805307424
0.43389548584313886
0.448936940540351
0.4545828691295916
0.44641382769055266
0.44216133248412526
0.4668471945197588
0.45618496059613795
0.474004631375281
0.48988036672071666
0.5005768238022198
0.5016401491105961
0.5142732424124516
0.5257486518388859
0.5266772098389441
0.5384963097948228
0.5096122685479111
0.557222393385525
0.5683174822847192
0.5801404688766496
0.5818452919572203
0.5819516931636202
0.5706549143760872
0.5760203185632907
0.5647175634625893
0.5432892811170559
0.5472743067293465
0.5335019317400014
0.540833603228376
0.528219996809797
0.5149343050779613
0.5211940022807796
0.5093414279051565
0.4992686457538099
0.5052678779740636
0.4973522792324294
0.5052144878196538
0.4851308810317399
0.47448036663389626
0.4628189246296268
0.47172827360553604
0.46126535918234685
0.45069847867411317
0.4584194389019079
0.44768567558562056
0.43192674417544374
0.4383571429400807
0.42908645461971556
0.4195654112560645
0.42584898744114275
0.41559095736974494
0.4079018469712165
0.4023162436129144
0.40492265433178687
0.3953797397006224
0.4013143349599007
0.3917019309372112
0.38679738648635675
0.3895603935573799
0.3821672261320546
0.3772018179175814
0.381415151872249
0.3758636170877537
0.3722005538542608
0.36791770523461476
0.3697219615860833
0.3651099586983303
0.3626001544392196
0.3669698208649222
0.35699461150179157
0.356214605317918
0.3497995268228567
0.3498724608608209
0.35392348202712215
0.3509560181300115
0.3502500783142484
0.34776431439534344
0.3483764870828689
0.34453967385789674
0.3472645084956604
0.3463869644724169
0.35093934554947415
0.35052770140509254
0.35110489066766737
0.3521390355922579
0.34945548318707065
0.3524094990686719
0.3557015662136525
0.3543411704363356
0.3567685495684877
0.36061231405969396
0.35955798263703226
0.3641199384182585
0.36699894857170823
0.3718561825614249
0.36931199936641607
0.37405807394567403
0.3797147923967453
0.3755301487269538
0.3824637816687011
0.39012010963980537
0.3865795536980621
0.39566227314848185
0.38956538957650005
0.39627207059799635
0.40670574603136495
0.4155393492752626
0.4096479098788489
0.41835897922892656
0.42685849471368725
0.4389472359260457
0.4323876581895163
0.44359294049995446
0.45374048608537826
0.46340227668719775
0.4547342214009657
0.46950000824665855
0.4698800454291256
0.4358520293694913
0.4692843185105725
0.49465401852924423
0.4969111944435825
0.513262831052591
0.519099854513861
0.5343117805061461
0.5390348166595337
0.5413642093785161
0.5511666621400585
0.5556063360719559
0.5668979657850794
0.5814037190980618
0.5785449301413067
0.5785405909220612
0.5652907570055491
0.5559745175726477
0.5582994211591193
0.5471929131516328
0.5349222992537279
0.5422802063936629
0.5221225297252172
0.5266167143224724
0.5186088994838914
0.5074606204360164
0.5122580912157345
0.49923425510503966
0.48903242227927546
0.4803784480568056
0.4841079655990936
0.4767706061144139
0.48420036074162875
0.4694077702201827
0.46043923180906215
0.45143985635359796
0.458703449856684
0.4478812076304497
0.43894197959380926
0.4321038952294789
0.4367472565471102
0.4273768645776322
0.41963663434428766
0.42346220834111054
0.41621236599340106
0.40748729138551
0.4034606905106082
0.4059935720980422
0.4000134063333233
0.4021083734205142
0.387016494888918
0.38694347900773407
0.3822850765737492
0.3843892759944674
0.37685585418114814
0.37819233696683174
0.37369723732052296
0.3700981536363559
0.3668331778100094
0.3754533498795424
0.35832070565447366
0.35971991057723746
0.35611214335026764
0.35275202522563714
0.3535991554886545
0.3510137795693633
0.3488496646980924
0.34867750267019876
0.34726934303730644
0.34696166725856625
0.34712297445652357
0.34647216266187253
0.34632426804656324
0.34734172018227105
0.34690651438947456
0.34741500754049354
0.34829237411115227
0.34876821380275563
0.3493633279340375
0.35065070226810635
0.3498424208081427
0.35249482299548424
0.35028124259618765
0.35324255909765756
0.3560318947837556
0.3603692310673695
0.3573466789849649
0.36143025178757265
0.36632699605917923
0.37270620373929325
0.3695064507853379
0.37244436413869375
0.36373212317188547
0.37676037602718315
0.3811215602475963
0.39042237358883125
0.3840894728953181
0.3931623789141215
0.40220397083005105
0.41255264911669626
0.4063191015804797
0.41630985964818285
0.4269459464487639
0.4178261465752801
0.4318328505851717
0.4440050396254473
0.43731552569259974
0.4349033855793817
0.44775993922551915
0.45587648120462226
0.4706662736338935
0.46504833194337275
0.48310278151751196
0.495756715943178
0.49703280041445524
0.5076548650791531
0.5196307843215174
0.5304495362981191
0.5318124792132233
0.5454216418512489
0.5558354595549332
0.5556079242837081
0.5726916623283933
0.5645983937296537
0.5679704206863271
0.5569705000459415
0.5452670219662222
0.5326519554901206
0.5366763128893172
0.5236629013375557
0.528004874345463
0.516152779853055
0.5065542017838148
0.49559018099237456
0.5001915149103558
0.4881272915574427
0.47797199418505254
0.48454165201715993
0.4718519048911032
0.46217783290616193
0.4692693304852312
0.4558727863018599
0.44419547932243575
0.4500038846338202
0.4389930625156444
0.43061977840507326
0.43439886139665235
0.42600170600220927
0.417314233485474
0.4218552601921748
0.4126582258168107
0.4059193304247481
0.41191552196890335
0.4037001404220032
0.3969202485628781
0.40214470369865574
0.3942687811204141
0.3883278214915045
0.39279233642214734
0.38167926577786876
0.3840558215363502
0.3792922082965269
0.3746338792655079
0.37051258880343924
0.3696518550762383
0.36725092271098697
0.36539299287304794
0.36574093036097505
0.3671565978011772
0.36029864414997365
0.3609234340947963
0.3581228418732028
0.35635867517082603
0.3543883209555345
0.35586076769090486
0.3533951895577539
0.35189614380722134
0.3506726306083226
0.3506713087057972
0.3492131601658073
0.3495949863896651
0.3473135134126344
0.34851440147148227
0.3492434045899245
0.3471712135510158
0.3486487482591118
0.3496530009709636
0.35236535431683014
0.3525345363048765
0.3534020735725191
0.3544510883097603
0.3521931387510117
0.35553541081792245
0.3589317003175579
0.3560026576706043
0.3591550798629993
0.36147421453712375
0.3622380530525482
0.3645932698610988
0.3678976918224998
0.3763345237753513
0.3682074120803242
0.37770890717919414
0.3851374009033509
0.3818280826489278
0.38899435198230725
0.39578035622183827
0.39063528982281803
0.40332738632164633
0.40996949094430246
0.4034472769284839
0.4108462957030541
0.42459524563909656
0.41563179816550383
0.42871999156193136
0.44131099991350586
0.450005779421954
0.4377009679349867
0.42624730840172637
0.45657026596300104
0.4702355242033902
0.4621797951894371
0.4821319779475625
0.4948249281832359
0.5063257094006957
0.5082914772605867
0.5174569015080054
0.534042351517886
0.5305635563059363
0.5355546905525652
0.5489191813902218
0.5380181947291188
0.5511023295755362
0.5733402324447866
0.561532772599652
0.5663304083708547
0.5472576051510737
0.5353492522698376
0.5245135514995999
0.5288872168365101
0.5159106109853202
0.505587954849121
0.5100602638378413
0.5001217502414771
0.4930890085220361
0.48284637745090486
0.47492579093298903
0.4820449391534036
0.4726953954382333
0.4634093593074818
0.453126685689289
0.4577567219301628
0.4498298979992136
0.4438504756799001
0.4338614359253251
0.42602143599864023
0.4300948158637831
0.42133715379437153
0.4138884022856697
0.41761184780382804
0.41115154945189053
0.4052667749517321
0.4002116770286187
0.40590828050464645
0.394041313037265
0.3857505000275547
0.38955098206493605
0.3832822855642385
0.37621054908112883
0.378074930051039
0.3736723422732552
0.3694865283075916
0.3657971768885084
0.3631751406218147
0.36438703892895774
0.36135000739561696
0.3576417255525493
0.354852331325537
0.35648201239605126
0.3533262266937611
0.350738137669016
0.3521383064644135
0.3498033780161632
0.34697654922167404
0.34710052161657856
0.345993651660828
0.34529153311172756
0.3451983491421375
0.34432501570662083
0.3443574884693496
0.3442553834347886
0.342749836096483
0.34372440984642766
0.34460372948807805
0.34578668408385277
0.34421449514413044
0.3465184929071115
0.3484560457043498
0.346620423849873
0.34923401880340754
0.35266065182639494
0.3482991655197025
0.35644820108099845
0.35394368901444495
0.35674996365296
0.36157042579070325
0.3665372911538556
0.3596498908290151
0.3678208880704424
0.3649950075280639
0.37453639196058236
0.3821132239421242
0.37737785868391543
0.3844774516418281
0.39331964539797426
0.4023562891915536
0.39641965803477974
0.4029290187518441
0.41534765799414847
0.4063996632052734
0.42080127139081014
0.43276118495880667
0.4444168277955438
0.43711890220724187
0.4420757710004631
0.4558382675352936
0.44720484941795535
0.46271561629564717
0.48300465972993345
0.4844167374910598
0.49694210447691717
0.508553433200639
0.5194922629586914
0.5213589037370214
0.5323943032090409
0.5443141946497523
0.5519747166052423
0.5517002583924833
0.5748039632854393
0.5556536212641959
0.5599753086559643
0.5469446754705766
0.5348723117932641
0.5248020573866319
0.5280267678854313
0.5165827082840542
0.5068512801966751
0.510031763347117
0.5019665076673793
0.4908987218375465
0.47961597749113327
0.48842903325870995
0.4755212400670225
0.4651988149092148
0.4587824697792715
0.46352023058536895
0.45278969954933085
0.44233988084551223
0.4343235932043923
0.4406252346664887
0.43084536185398453
0.4216041981702844
0.42654102124313575
0.4186440507520036
0.4112518464907842
0.4177502157663276
0.40958575408413894
0.4149598596572073
0.4024693053742239
0.39576304755627284
