1.914644479751587
1.9270954132080078
1.9397239685058594
1.9521310329437256
1.964733600616455
1.977475643157959
1.9941015243530273
2.0096216201782227
2.0220935344696045
2.0344226360321045
2.0464162826538086
2.0581910610198975
2.071532726287842
2.084379196166992
2.0970237255096436
2.109309673309326
2.121990919113159
2.1364974975585938
2.1519277095794678
2.1651864051818848
2.1780927181243896
2.191006660461426
2.2043051719665527
2.217060089111328
2.229475736618042
2.241694450378418
2.2551746368408203
2.2715189456939697
2.2848756313323975
2.2974445819854736
2.3096237182617188
2.3227157592773438
2.337536096572876
2.3502862453460693
2.362894296646118
2.3756096363067627
2.3881733417510986
2.4102370738983154
2.4245119094848633
2.4367456436157227
2.4491190910339355
2.4611759185791016
2.474011182785034
2.486497640609741
2.499284267425537
2.512711763381958
2.5283477306365967
2.5516669750213623
2.5673985481262207
2.579322576522827
2.5910825729370117
2.6033239364624023
2.6171724796295166
2.629687786102295
2.642190933227539
2.654404401779175
2.6707916259765625
2.695019483566284
2.707719087600708
2.720372200012207
2.7333028316497803
2.7459170818328857
2.7585396766662598
2.770906925201416
2.784435749053955
2.797795057296753
2.810767650604248
2.8229849338531494
2.8355469703674316
2.848649740219116
2.8613126277923584
2.8743791580200195
2.8869967460632324
2.9001896381378174
2.915673017501831
2.933713674545288
2.9520514011383057
2.9656100273132324
2.9776060581207275
2.9901275634765625
3.002347707748413
3.0145633220672607
3.026400327682495
3.038323163986206
3.0509121417999268
3.0659663677215576
3.0925655364990234
3.116128444671631
3.128127098083496
3.139993667602539
3.1520028114318848
3.163742780685425
3.1759331226348877
3.1884636878967285
3.2013533115386963
3.2245376110076904
3.237508535385132
3.2499020099639893
3.2634756565093994
3.276108741760254
3.2889246940612793
3.301156759262085
3.3135547637939453
3.326789379119873
3.3413000106811523
3.355337619781494
3.367677688598633
3.3799726963043213
3.392580270767212
3.404862403869629
3.4170596599578857
3.4291093349456787
3.441685676574707
3.458667516708374
3.482990026473999
3.495148181915283
3.5073182582855225
3.5194311141967773
3.5313451290130615
3.543731451034546
3.5564587116241455
3.5696029663085938
3.5839908123016357
3.6069438457489014
3.622473955154419
3.635045289993286
3.6475441455841064
3.66033935546875
3.672619342803955
3.684791326522827
3.6973326206207275
3.7099483013153076
3.7231297492980957
3.7362465858459473
3.748328924179077
3.7612619400024414
3.7742762565612793
3.788680076599121
3.801417827606201
3.8141965866088867
3.826719045639038
3.8396942615509033
3.8526179790496826
3.8654308319091797
3.877950668334961
3.889596462249756
3.903158187866211
3.9171841144561768
3.9294381141662598
3.94138503074646
3.953195333480835
3.9655323028564453
3.9783191680908203
3.9912829399108887
4.003524541854858
4.015743017196655
4.029798984527588
4.04493522644043
4.058142900466919
4.070369243621826
4.082345724105835
4.104552507400513
4.118812322616577
4.131509065628052
4.144152402877808
4.157137393951416
4.169995546340942
4.182742357254028
4.19478964805603
4.206793546676636
4.226679563522339
4.240619421005249
4.252516984939575
4.264385938644409
4.278157711029053
4.290512800216675
4.302875280380249
4.315065860748291
4.327555418014526
4.341557741165161
4.359637022018433
4.375985383987427
4.388607978820801
4.401101112365723
4.413745164871216
4.42572283744812
4.438383340835571
4.4510369300842285
4.463544130325317
4.477407217025757
4.491227865219116
4.50364089012146
4.516334772109985
4.529057741165161
4.5418524742126465
4.554664373397827
4.567389965057373
4.579892158508301
4.592566013336182
4.61179256439209
4.633603811264038
4.646787166595459
4.658513784408569
4.670867443084717
4.683508396148682
4.6959474086761475
4.708589315414429
4.721334218978882
4.734273910522461
4.757026195526123
4.769582748413086
4.782151937484741
4.796545743942261
4.8104681968688965
4.822603225708008
4.835423469543457
4.847974061965942
4.860879182815552
4.8874218463897705
4.903539657592773
4.915494203567505
4.927281141281128
4.93916916847229
4.951445817947388
4.9633402824401855
4.975219249725342
4.987064361572266
4.998996257781982
5.011535167694092
5.026324033737183
5.040510177612305
5.052353143692017
5.064082622528076
5.0763044357299805
5.089417457580566
5.101454257965088
5.113297939300537
5.125060081481934
5.137614965438843
5.151176452636719
5.164652109146118
5.17741584777832
5.189833641052246
5.2040252685546875
5.217748641967773
5.229789733886719
5.241585731506348
5.253511190414429
5.266259431838989
5.280091285705566
5.29337215423584
5.3057496547698975
5.318829536437988
5.3313047885894775
5.34477424621582
5.3567795753479
5.369451284408569
5.382262706756592
5.395389556884766
5.407850980758667
5.420357704162598
5.432228326797485
5.443996429443359
5.456146717071533
5.468461513519287
5.481001615524292
5.493160009384155
5.505950927734375
5.519540548324585
5.532262086868286
5.54427433013916
5.556762933731079
5.569215297698975
5.58156681060791
5.593319416046143
5.605396747589111
5.61756706237793
5.632015705108643
5.657801389694214
5.671231269836426
5.683464765548706
5.6955037117004395
5.707719087600708
5.72040057182312
5.732379913330078
5.744210243225098
5.756798267364502
5.770402669906616
5.790203332901001
5.802797794342041
5.815253496170044
5.827941656112671
5.840176820755005
5.852129697799683
5.864422559738159
5.877032279968262
5.88958740234375
5.9145283699035645
5.927804470062256
5.9396679401397705
5.951564311981201
5.9635701179504395
5.976936340332031
5.98934531211853
6.0017077922821045
6.014204740524292
6.027472972869873
6.048722505569458
6.065308332443237
6.077881813049316
6.090579509735107
6.103330135345459
6.11548924446106
6.127586364746094
6.139570474624634
6.151654958724976
6.166560173034668
6.191098213195801
6.203429698944092
6.215622663497925
6.2277445793151855
6.239716053009033
6.2517991065979
6.263861179351807
6.276261568069458
6.291250944137573
6.32079553604126
6.333169221878052
6.34512996673584
6.357097625732422
6.3695666790008545
6.381658315658569
6.3939149379730225
6.406302452087402
6.418524265289307
6.433110237121582
6.447755813598633
6.4599289894104
6.471938848495483
6.484104871749878
6.4966442584991455
6.50921893119812
6.521708250045776
6.533986568450928
6.546674966812134
6.560370445251465
6.57781982421875
6.5901806354522705
6.602323770523071
6.61552882194519
6.627826690673828
6.639896631240845
6.6520068645477295
6.6646459102630615
6.679652452468872
6.693362712860107
6.706852197647095
6.7192041873931885
6.7314839363098145
6.744255304336548
6.756826400756836
6.769336938858032
6.782050371170044
6.7948572635650635
6.808833837509155
6.832944869995117
6.8453614711761475
6.85737681388855
6.870067596435547
6.882489204406738
6.894584894180298
6.90670371055603
6.918914318084717
6.933412551879883
6.9583210945129395
6.971765756607056
6.983629941940308
6.995567321777344
7.007594347000122
7.020362854003906
7.032596826553345
7.04439902305603
7.056280851364136
7.068169832229614
7.0804383754730225
7.095595359802246
7.122111797332764
7.134512662887573
7.1465983390808105
7.158713340759277
7.171061992645264
7.183595418930054
7.19638991355896
7.209159851074219
7.221085786819458
7.234206438064575
7.257657527923584
7.269700527191162
7.281548976898193
7.295246601104736
7.308087348937988
7.320714473724365
7.333040714263916
7.345053195953369
7.363898515701294
7.377414226531982
7.3904337882995605
7.402836799621582
7.415465593338013
7.428228855133057
7.440488815307617
7.452996015548706
7.465348720550537
7.482390880584717
7.50913667678833
7.521408319473267
7.53353214263916
7.545874834060669
7.558162212371826
7.57073712348938
7.582567930221558
7.594405651092529
7.612776517868042
7.630788087844849
7.644517421722412
7.657064199447632
7.669114828109741
7.681441307067871
7.693406105041504
7.705526351928711
7.717289686203003
7.729984283447266
7.742250919342041
7.756351947784424
7.771857261657715
7.785491704940796
7.79835057258606
7.8104588985443115
7.823547601699829
7.836675405502319
7.849046945571899
7.861804008483887
7.874577760696411
7.887811899185181
7.900669097900391
7.91250467300415
7.924360752105713
7.936549425125122
7.948383331298828
7.960263729095459
7.972159147262573
7.984145879745483
7.996660470962524
8.021410465240479
8.035200119018555
8.047110557556152
8.059249877929688
8.072176694869995
8.084805965423584
8.096983909606934
8.109165668487549
8.121418237686157
8.135348796844482
8.149481534957886
8.16273808479309
8.17535924911499
8.189606189727783
8.201680898666382
8.213597297668457
8.22538685798645
8.237167835235596
8.2501220703125
8.264241695404053
8.277361392974854
8.290196418762207
8.303373575210571
8.317250728607178
8.330054521560669
8.343547105789185
8.35761547088623
8.370855569839478
8.383049964904785
8.396431922912598
8.420697927474976
8.433307647705078
8.446111679077148
8.460298776626587
8.472723245620728
8.485164880752563
8.497366905212402
8.509230613708496
8.521889448165894
8.550463914871216
8.56366753578186
8.576382160186768
8.589083671569824
8.601999759674072
8.614625453948975
8.627332925796509
8.639780044555664
8.652155637741089
8.675819635391235
8.687807559967041
8.700059175491333
8.712548971176147
8.725476264953613
8.737780570983887
8.75014591217041
8.762578964233398
8.775352716445923
8.793888807296753
8.806889533996582
8.819114923477173
8.831645965576172
8.845019578933716
8.857807874679565
8.870473384857178
8.883251667022705
8.896048545837402
8.91867971420288
8.933943271636963
8.946672677993774
8.958696603775024
8.9707612991333
8.9830162525177
8.994971752166748
9.007135152816772
9.019573450088501
9.032484292984009
9.05072546005249
9.0643310546875
9.076858520507812
9.08921194076538
9.102481603622437
9.115647315979004
9.128360509872437
9.140903234481812
9.153452396392822
9.166388273239136
9.189435243606567
9.201555728912354
9.2133629322052
9.22633671760559
9.23854684829712
9.250581502914429
9.263041019439697
9.27583646774292
9.288632154464722
9.302030801773071
9.314589500427246
9.327382564544678
9.340038776397705
9.352714776992798
9.36552119255066
9.377351760864258
9.389289379119873
9.401427268981934
9.413692712783813
9.426827192306519
9.440042734146118
9.452645301818848
9.46462368965149
9.476892232894897
9.489455938339233
9.501660585403442
9.51390552520752
9.526348114013672
9.539159774780273
9.55457854270935
9.56869387626648
9.58122730255127
9.593581914901733
9.60581088066101
9.617891311645508
9.630113124847412
9.642696380615234
9.655476331710815
9.668346643447876
9.68379521369934
9.708744287490845
9.721373081207275
9.7339608669281
9.748961210250854
9.761325597763062
9.77362585067749
9.785391807556152
9.797236442565918
9.811975479125977
9.82784628868103
9.840248107910156
9.85230565071106
9.86429500579834
9.877456665039062
9.88966679573059
9.901803493499756
9.913841009140015
9.926234483718872
9.950631618499756
9.964475154876709
9.976788520812988
9.98884892463684
10.0042245388031
10.017485618591309
10.029199123382568
10.041072368621826
10.053401708602905
10.06718635559082
10.081035375595093
10.104010820388794
10.115936040878296
10.127906084060669
10.139876127243042
10.15369963645935
10.165846586227417
10.177775859832764
10.190635681152344
10.204014778137207
10.229457139968872
10.244378089904785
10.256914854049683
10.270411252975464
10.283175468444824
10.297279119491577
10.310969352722168
10.322983980178833
10.335002899169922
10.346781492233276
10.359359502792358
10.37198519706726
10.384675025939941
10.397264242172241
10.40976619720459
10.422622680664062
10.434783220291138
10.446776390075684
10.459388256072998
10.472029209136963
10.493333101272583
10.507506132125854
10.520412921905518
10.533458232879639
10.546767950057983
10.559054613113403
10.57096004486084
10.583160877227783
10.596072673797607
10.608797550201416
10.622380495071411
10.634828090667725
10.646823167800903
10.658753633499146
10.670609474182129
10.682850360870361
10.695279836654663
1.9302160739898682
1.9426519870758057
1.9561107158660889
1.9709081649780273
1.9851799011230469
1.9983627796173096
2.0113320350646973
2.0244498252868652
2.0369949340820312
2.0496633052825928
2.061932325363159
2.0741326808929443
2.090944766998291
2.1107892990112305
2.1252968311309814
2.1381216049194336
2.1505990028381348
2.162592649459839
2.174611806869507
2.1864511966705322
2.1981234550476074
2.210191488265991
2.2232911586761475
2.246751070022583
2.259453296661377
2.271850347518921
2.284524440765381
2.297375202178955
2.3103537559509277
2.3229947090148926
2.336115598678589
2.362287998199463
2.3750574588775635
2.3871910572052
2.398970365524292
2.4108195304870605
2.4229319095611572
2.4353995323181152
2.4474234580993652
2.4600467681884766
2.4734811782836914
2.4861838817596436
2.4996893405914307
2.512402296066284
2.5251479148864746
2.537785530090332
2.5503950119018555
2.563192367553711
2.586496591567993
2.6014864444732666
2.614014148712158
2.626326322555542
2.6385698318481445
2.6513209342956543
2.6639811992645264
2.6767842769622803
2.6903297901153564
2.71288800239563
2.7254796028137207
2.738494634628296
2.7509796619415283
2.7631304264068604
2.7753520011901855
2.7873036861419678
2.7994167804718018
2.812394380569458
2.826479196548462
2.839066505432129
2.851351261138916
2.8634378910064697
2.8757541179656982
2.887955665588379
2.900090217590332
2.9121475219726562
2.9257590770721436
2.940894365310669
2.9547035694122314
2.9683918952941895
2.982004165649414
2.9941279888153076
3.0059518814086914
3.017972469329834
3.030534505844116
3.0430586338043213
3.0569286346435547
3.071093797683716
3.084489583969116
3.097916841506958
3.11053204536438
3.1229727268218994
3.135667324066162
3.1480600833892822
3.160249948501587
3.173053503036499
3.1859447956085205
3.1986584663391113
3.2110745906829834
3.2236380577087402
3.235936164855957
3.2477667331695557
3.2600879669189453
3.2732348442077637
3.2877249717712402
3.310499668121338
3.3258934020996094
3.3410537242889404
3.3534812927246094
3.366166830062866
3.3785016536712646
3.391116142272949
3.4032461643218994
3.415452718734741
3.4288625717163086
3.4420032501220703
3.454535961151123
3.4671058654785156
3.4793343544006348
3.491929769515991
3.504093885421753
3.516078472137451
3.5304577350616455
3.5485334396362305
3.562845468521118
3.575151205062866
3.58748722076416
3.599517345428467
3.6117498874664307
3.623680830001831
3.6357407569885254
3.6479313373565674
3.6607017517089844
3.6741127967834473
3.687086343765259
3.7000980377197266
3.712712526321411
3.7251648902893066
3.737729787826538
3.7501931190490723
3.7629072666168213
3.7764148712158203
3.789593458175659
3.802572727203369
3.8152825832366943
3.8277969360351562
3.8403820991516113
3.8530092239379883
3.8656439781188965
3.8787407875061035
3.8923864364624023
3.9055416584014893
3.918292999267578
3.9310154914855957
3.9435129165649414
3.9563567638397217
3.9692487716674805
3.981689214706421
3.9942917823791504
4.021329402923584
4.036112308502197
4.048711538314819
4.061012268066406
4.073213338851929
4.084927797317505
4.096736431121826
4.108901023864746
4.121485948562622
4.144548177719116
4.157228469848633
4.169543027877808
4.181900501251221
4.194208860397339
4.2061731815338135
4.218836307525635
4.233416557312012
4.248194932937622
4.2607643604278564
4.272898435592651
4.285381555557251
4.2975075244903564
4.309399604797363
4.321496486663818
4.334187030792236
4.347054481506348
4.3714330196380615
4.384164810180664
4.397112846374512
4.409740924835205
4.422269582748413
4.435008764266968
4.447877883911133
4.4608073234558105
4.475039482116699
4.496001720428467
4.51093053817749
4.523432016372681
4.535782098770142
4.548018455505371
4.56020975112915
4.572396278381348
4.58462381362915
4.597563743591309
4.612179279327393
4.625746726989746
4.638494253158569
4.651101350784302
4.663191080093384
4.674997091293335
4.687392950057983
4.69963526725769
4.711947202682495
4.734663486480713
4.747527360916138
4.760008335113525
4.772672414779663
4.785606145858765
4.798235177993774
4.811148405075073
4.824111223220825
4.837854623794556
4.852287292480469
4.865579128265381
4.878229141235352
4.890543222427368
4.902568340301514
4.914538860321045
4.926826000213623
4.939545392990112
4.954509019851685
4.9690330028533936
4.981415271759033
4.993777275085449
5.005657434463501
5.017700433731079
5.030284643173218
5.042065143585205
5.053958415985107
5.069289922714233
5.095155477523804
5.107892990112305
5.120628833770752
5.132344484329224
5.144485950469971
5.156868934631348
5.169551372528076
5.181939601898193
5.194727420806885
5.21338677406311
5.225836277008057
5.238135099411011
5.250445127487183
5.262863874435425
5.275588274002075
5.2883360385894775
5.3008434772491455
5.319453001022339
5.3418943881988525
5.357060194015503
5.3710410594940186
5.383692502975464
5.396255970001221
5.408646583557129
5.420809984207153
5.4329445362091064
5.445719480514526
5.459705591201782
5.471962213516235
5.484341621398926
5.496530055999756
5.508720397949219
5.521056413650513
5.534170627593994
5.546586036682129
5.5594000816345215
5.58451509475708
5.598341941833496
5.611153602600098
5.623523712158203
5.635701894760132
5.648019075393677
5.659831762313843
5.672101020812988
5.684749603271484
5.697650194168091
5.710255861282349
5.722925424575806
5.735890626907349
5.748385190963745
5.760563373565674
5.772546768188477
5.785460948944092
5.799029588699341
5.813159465789795
5.826882839202881
5.839416027069092
5.852041244506836
5.864045858383179
5.87653660774231
5.889524936676025
5.9026360511779785
5.915514707565308
5.928378105163574
5.941284418106079
5.954122543334961
5.966826677322388
5.978895902633667
5.99070405960083
6.003209352493286
6.020878791809082
6.034805536270142
6.047420263290405
6.059782266616821
6.071823835372925
6.083798170089722
6.09587550163269
6.108461856842041
6.120646715164185
6.134625434875488
6.150356292724609
6.1629273891448975
6.175529718399048
6.1883463859558105
6.201107025146484
6.213341236114502
6.2252466678619385
6.237261533737183
6.2536938190460205
6.2787041664123535
6.2911975383758545
6.303737640380859
6.3159096240997314
6.327759504318237
6.340138912200928
6.352313995361328
6.364656925201416
6.3888468742370605
6.401836395263672
6.414550304412842
6.426972150802612
6.439314365386963
6.451584577560425
6.4642860889434814
6.4774253368377686
6.492252588272095
6.50935173034668
6.538746356964111
6.553423881530762
6.565572023391724
6.577467203140259
6.589756488800049
6.601756811141968
6.613834857940674
6.625869274139404
6.637978792190552
6.650528192520142
6.66379451751709
6.676385164260864
6.68864631652832
6.701460123062134
6.713973760604858
6.726321458816528
6.738597631454468
6.758833408355713
6.772067546844482
6.785231351852417
6.797107934951782
6.808869123458862
6.820857763290405
6.832714080810547
6.844891786575317
6.856942415237427
6.872049808502197
6.884840250015259
6.897211313247681
6.909347772598267
6.922193288803101
6.934787034988403
6.94704008102417
6.958885192871094
6.972381114959717
6.996196985244751
7.0085532665252686
7.020308256149292
7.032208204269409
7.04387903213501
7.055497646331787
7.06779932975769
7.08039927482605
7.092860460281372
7.105422019958496
7.118139982223511
7.130719900131226
7.142833948135376
7.155189275741577
7.167442798614502
7.179872274398804
7.192060470581055
7.204404354095459
7.216407060623169
7.228632688522339
7.241433143615723
7.25439977645874
7.266265869140625
7.278183460235596
7.290073871612549
7.302236318588257
7.315145015716553
7.3286519050598145
7.341569900512695
7.353859901428223
7.366531848907471
7.379972457885742
7.393334627151489
7.40556001663208
7.418295621871948
7.430516481399536
7.44646954536438
7.465422630310059
7.477932929992676
7.490576267242432
7.503191709518433
7.516216993331909
7.529057502746582
7.541471481323242
7.553787469863892
7.5666937828063965
7.579977512359619
7.593133926391602
7.6073081493377686
7.622453212738037
7.6353490352630615
7.647791862487793
7.660515069961548
7.672945737838745
7.686240911483765
7.7002339363098145
7.712988376617432
7.727035045623779
7.739912271499634
7.7526021003723145
7.766086578369141
7.779003858566284
7.792207956314087
7.805815935134888
7.818633317947388
7.8324525356292725
7.846455335617065
7.859598159790039
7.874972343444824
7.888511419296265
1.9484219551086426
1.961456298828125
1.9741268157958984
1.986661672592163
1.999678373336792
2.012225866317749
2.0247318744659424
2.037435293197632
2.049656391143799
2.0616984367370605
2.0737905502319336
2.085940361022949
2.1046552658081055
2.1321051120758057
2.1446573734283447
2.1569483280181885
2.1699328422546387
2.182461738586426
2.1947412490844727
2.2070670127868652
2.21886944770813
2.2340991497039795
2.260270595550537
2.272615671157837
2.2849650382995605
2.2979023456573486
2.3105790615081787
2.3231468200683594
2.3359010219573975
2.353442907333374
2.369009494781494
2.381744861602783
2.394150972366333
2.4080023765563965
2.4208695888519287
2.432894706726074
2.4451956748962402
2.4575459957122803
2.4725239276885986
2.48567533493042
2.498516798019409
2.5116047859191895
2.523796558380127
2.53580379486084
2.5477588176727295
2.559540033340454
2.571629524230957
2.595763921737671
2.6093385219573975
2.621624231338501
2.635312557220459
2.647357702255249
2.659248113632202
2.670952081680298
2.6829512119293213
2.697324514389038
2.715693712234497
2.730562925338745
2.7431254386901855
2.7550947666168213
2.7673892974853516
2.7793593406677246
2.791484832763672
2.803434371948242
2.8161284923553467
2.829117774963379
2.8437411785125732
2.8564999103546143
2.869044065475464
2.8817379474639893
2.8938684463500977
2.9055941104888916
2.917689561843872
2.9295122623443604
2.941939115524292
2.9559426307678223
2.9720146656036377
2.9863927364349365
2.998480796813965
3.0106215476989746
3.024578094482422
3.0376386642456055
3.049860715866089
3.0622782707214355
3.0759706497192383
3.090101480484009
3.1176440715789795
3.1321611404418945
3.145256519317627
3.157853841781616
3.1715738773345947
3.1835060119628906
3.195444107055664
3.2072949409484863
3.2198634147644043
3.2472550868988037
3.2621030807495117
3.274580955505371
3.286781072616577
3.2992186546325684
3.3117611408233643
3.3238778114318848
3.3362720012664795
3.348947048187256
3.369511604309082
3.3855068683624268
3.397472858428955
3.409456729888916
3.422722816467285
3.4370334148406982
3.4503729343414307
3.4632372856140137
3.475848913192749
3.4901552200317383
3.5052170753479004
3.519716501235962
3.5325162410736084
3.5450387001037598
3.5584630966186523
3.570505142211914
3.5824239253997803
3.5944161415100098
3.6067914962768555
3.6348931789398193
3.6481425762176514
3.660364866256714
3.6724483966827393
3.684633731842041
3.697559118270874
3.7102818489074707
3.7232542037963867
3.7355740070343018
3.750678062438965
3.778810977935791
3.7915170192718506
3.804830551147461
3.819566488265991
3.832439661026001
3.8449833393096924
3.8577189445495605
3.8704724311828613
3.8841865062713623
3.897031784057617
3.909205913543701
3.9217612743377686
3.9339663982391357
3.946328639984131
3.958818197250366
3.9709951877593994
3.985417127609253
4.000026702880859
4.012937307357788
4.025466680526733
4.037715435028076
4.050215005874634
4.062776327133179
4.075710773468018
4.088035583496094
4.103307485580444
4.1295082569122314
4.142085313796997
4.154625654220581
4.167874574661255
4.1805970668792725
4.193140745162964
4.205430507659912
4.217838287353516
4.2304298877716064
4.242719411849976
4.254680871963501
4.266598224639893
4.27929949760437
4.291888952255249
4.304047584533691
4.316462993621826
4.3296802043914795
4.3477935791015625
4.3610475063323975
4.373147964477539
4.385109186172485
4.397395372390747
4.409386157989502
4.421494245529175
4.434264659881592
4.447158098220825
4.460925817489624
4.473911285400391
4.486278533935547
4.498389482498169
4.510854244232178
4.523213624954224
4.535644054412842
4.547904014587402
4.560076951980591
4.57531213760376
4.5924413204193115
4.606502294540405
4.618589639663696
4.630444526672363
4.642605781555176
4.654983997344971
4.6669018268585205
4.67881178855896
4.692183017730713
4.717394590377808
4.731638431549072
4.743733644485474
4.756096601486206
4.768545150756836
4.7810657024383545
4.793567419052124
4.806181907653809
4.818819522857666
4.836838483810425
4.862890720367432
4.875665664672852
4.888219356536865
4.900681734085083
4.9138429164886475
4.926401853561401
4.9384925365448
4.95034122467041
4.962761402130127
4.986681222915649
5.010340213775635
5.023126840591431
5.035911560058594
5.048347234725952
5.060544013977051
5.072950601577759
5.085314989089966
5.098537921905518
5.111990928649902
5.12511682510376
5.137598276138306
5.150654077529907
5.163508653640747
5.17625880241394
5.1888086795806885
5.2013304233551025
5.214242696762085
5.239674091339111
5.255374908447266
5.267696142196655
5.279471158981323
5.291502475738525
5.303743839263916
5.316256999969482
5.328710079193115
5.341728210449219
5.357753038406372
5.374179840087891
5.386629104614258
5.398950576782227
5.4112982749938965
5.42383074760437
5.435962677001953
5.447668075561523
5.459453821182251
5.471788167953491
5.486818313598633
5.499974966049194
5.5126872062683105
5.524674654006958
5.536473274230957
5.549015998840332
5.561282396316528
5.573662281036377
5.586307764053345
5.600074291229248
5.624829292297363
5.637173175811768
5.649031162261963
5.660961627960205
5.672796249389648
5.6851184368133545
5.697737216949463
5.710000991821289
5.725569009780884
5.7421958446502686
5.756730556488037
5.768960952758789
5.781468391418457
5.793914318084717
5.806149959564209
5.818437337875366
5.8312249183654785
5.845276117324829
5.871171951293945
5.885753393173218
5.897932291030884
5.910421371459961
5.9246251583099365
5.937563180923462
5.951364994049072
5.965258598327637
5.9781153202056885
5.9900898933410645
6.004671335220337
6.032499313354492
6.044881582260132
6.05689549446106
6.069041967391968
6.081317186355591
6.094166278839111
6.106168508529663
6.118600606918335
6.1366658210754395
6.161810636520386
6.174434661865234
6.187047004699707
6.199625730514526
6.211687326431274
6.22417426109314
6.236483573913574
6.248900413513184
6.2616400718688965
6.276973485946655
6.3032543659210205
6.316128492355347
6.328610897064209
6.34108829498291
6.353489398956299
6.365891456604004
6.3778228759765625
6.389990329742432
6.404852867126465
6.420256614685059
6.432610034942627
6.445149660110474
6.458872318267822
6.471190452575684
6.484009742736816
6.496355295181274
6.50884485244751
6.5288050174713135
6.543609142303467
6.5559492111206055
6.568223714828491
6.583087205886841
6.594977140426636
6.606923580169678
6.6189775466918945
6.631057262420654
6.643287420272827
6.655853509902954
6.668442487716675
6.680786609649658
6.693301439285278
6.705972194671631
6.718669891357422
6.73132061958313
6.7441184520721436
6.757894277572632
6.772073745727539
6.7844438552856445
6.796741962432861
6.810703277587891
6.822992324829102
6.8353636264801025
6.848092794418335
6.860819339752197
6.877262592315674
6.893281936645508
6.906844854354858
6.919297933578491
6.931678533554077
6.943979740142822
6.956406831741333
6.968215227127075
6.980091094970703
6.992328643798828
7.005305528640747
7.0180323123931885
7.030562877655029
7.043493032455444
7.056270122528076
7.0688347816467285
7.0813727378845215
7.094972372055054
7.125734806060791
7.138552188873291
7.150801658630371
7.1633007526397705
7.175522089004517
7.188274145126343
7.201410531997681
7.214184284210205
7.226941823959351
7.240591764450073
7.254675388336182
7.267407417297363
7.2796995639801025
7.292240381240845
7.305080413818359
7.317341327667236
7.329100847244263
7.34098482131958
7.356455326080322
7.375820875167847
7.390917778015137
7.40351676940918
7.4165143966674805
7.4292449951171875
7.441092491149902
7.453290700912476
7.465302467346191
7.478070020675659
7.492319583892822
7.505084991455078
7.517280101776123
7.5304319858551025
7.54412055015564
7.55664324760437
7.568958759307861
7.582804441452026
7.595589637756348
7.609098672866821
7.62300968170166
7.636072874069214
7.6485915184021
7.6610307693481445
7.673746824264526
7.685899257659912
7.697944402694702
7.710116863250732
7.722315311431885
7.735474586486816
7.7510294914245605
7.765166282653809
7.777662515640259
7.790766477584839
7.803863525390625
7.815968751907349
7.827810049057007
7.839636325836182
7.851495981216431
7.8643715381622314
7.885411739349365
7.898782253265381
7.910910129547119
7.923099756240845
7.935925245285034
7.948674440383911
7.961248874664307
7.973795175552368
7.986451148986816
8.000421285629272
8.025063753128052
8.037615060806274
8.05025839805603
8.063148736953735
8.075667142868042
8.087905168533325
8.099693536758423
8.112112522125244
8.125417232513428
8.138726234436035
8.15107274055481
8.162952184677124
8.175183534622192
8.187210321426392
8.199344635009766
8.211639642715454
8.22445273399353
8.238228559494019
8.252134799957275
8.264672756195068
8.27656888961792
8.288350582122803
8.302686929702759
8.31502890586853
8.327636480331421
8.339540958404541
8.351687669754028
8.363970518112183
8.384313344955444
8.397427320480347
8.40999150276184
8.422643184661865
8.435073137283325
8.447534322738647
8.459644079208374
8.472220420837402
8.485591173171997
8.508383989334106
8.532948732376099
8.545776128768921
8.558838129043579
8.57172441482544
8.584533452987671
8.597012042999268
8.609746217727661
8.62352442741394
8.63755989074707
8.65165638923645
8.663963079452515
8.676336288452148
8.690847873687744
8.703506708145142
8.716294288635254
8.72899341583252
8.74202036857605
8.754956007003784
8.768411636352539
8.780998706817627
8.793776750564575
8.806512832641602
8.819031238555908
8.832080125808716
8.845722198486328
8.858386754989624
8.87260890007019
8.891008138656616
8.905034303665161
8.917682647705078
8.93022894859314
8.94271969795227
8.95506477355957
8.967589855194092
8.980262517929077
8.993282556533813
9.015553951263428
9.029130220413208
9.041667938232422
9.053548336029053
9.067092895507812
9.079460859298706
9.091752529144287
9.10436224937439
9.117160558700562
9.13236117362976
9.1595299243927
9.17156195640564
9.183383703231812
9.196268796920776
9.210040807723999
9.222419261932373
9.235037326812744
9.24718689918518
9.259091138839722
9.271159887313843
9.284048318862915
9.29683804512024
9.308907747268677
9.321043252944946
9.333289384841919
9.346127271652222
9.358376264572144
9.370163440704346
9.382337808609009
9.39511752128601
9.408212423324585
9.420644521713257
9.4331533908844
9.445871353149414
9.458363771438599
9.470963954925537
9.483351230621338
9.498557806015015
9.512572288513184
9.527013301849365
9.539649963378906
9.552047729492188
9.564756870269775
9.577119827270508
9.58912467956543
9.601531505584717
9.614773750305176
9.631850481033325
9.658510684967041
9.673259973526001
9.686112642288208
9.698874711990356
9.711814403533936
9.724808931350708
