17440
12728
13759
12382
11733
12697
17558
12543
15056
11031
23267
11208
10074
13699
11736
13159
12468
23744
8321
9004
7979
8516
11292
9211
17624
7971
13043
8008
13951
16501
11738
12973
16306
24448
11324
14718
15601
10023
9595
9843
14639
9105
28734
8496
12013
9038
7418
22801
10210
19429
7548
8659
7193
7032
21607
10010
23264
11824
12507
12566
19660
32536
10119
12504
9791
14635
9458
9584
12157
8999
12699
10648
20278
10733
8314
10868
8412
24171
8516
7321
8859
7829
6540
6130
33104
11748
11367
14791
12753
24239
10278
11398
13252
12120
11580
10069
28534
12791
8456
8196
7978
7915
7850
12310
10995
19356
7899
7672
6600
6404
6789
5948
15232
16174
22422
16386
11990
10831
11206
11251
11959
13385
11098
18445
9393
13934
10193
18486
9116
8010
8022
12075
26198
9367
10234
7441
7423
7570
6603
6918
12167
11575
19261
21148
17277
15215
18690
10612
16221
11411
16540
9678
9052
12822
10781
15817
10420
8337
13360
11591
16120
9289
7239
8122
10992
23324
9076
9461
16024
13480
14791
10940
29986
13186
15328
11329
12782
11095
15076
18265
9328
26436
10956
13832
8388
14351
7843
7422
26775
7148
7173
6632
9930
6367
10230
8637
12970
18683
11951
32896
10764
11131
14172
13262
16634
11037
9417
9716
12041
9131
11370
18037
8525
22172
7866
7817
7939
10906
19478
17135
7077
10028
10779
8730
12358
17306
11646
17719
11563
23655
13103
10382
10649
9763
10095
9153
11212
13120
24968
8253
8128
10129
9671
8563
11689
12346
7193
11131
7160
10227
6818
9268
14406
13174
11909
11030
14054
10869
12474
10907
20616
10418
18350
9730
9349
9750
9539
10423
11006
8800
13011
7867
9170
7831
8070
10591
8559
21146
7985
9677
12302
12650
16310
11300
15912
10868
29357
12330
10805
12961
9425
11220
10082
13912
13619
10242
8664
9035
9556
7544
10644
7122
7084
8434
8003
18754
9647
8382
12269
11425
17808
14769
20096
17290
10861
11938
15074
11050
12844
9357
17176
8600
14084
8003
14142
11180
8102
15635
7302
12897
6766
7545
6405
6266
7782
8067
28332
11574
11502
14416
16137
10602
11693
18960
13943
13194
14538
9653
14831
10209
9595
8869
28684
12316
7972
10377
8095
8468
10108
14461
6806
6937
9208
8545
22841
13537
30522
15983
11242
10726
15521
12336
10882
21636
9724
9432
9919
12783
20989
10978
21146
8296
7563
11994
8393
10304
10648
7194
10331
10033
7432
9095
30862
11920
12264
12584
13179
27636
10709
11532
12732
9751
21547
9610
9109
11686
16604
12536
8620
8521
12233
22523
8042
13366
7383
8904
8230
8244
18991
10441
11990
12071
17726
18004
15497
11032
12239
10159
15680
11987
24492
9826
9047
11362
9107
9007
14174
8135
9222
12245
8095
9354
7300
10495
10901
8459
9783
6390
18299
12581
18583
13226
13520
15790
10866
13273
15607
10732
20465
9656
10249
22880
10105
10700
8559
13171
9689
11605
8467
11513
7380
24388
9339
8913
7526
10022
16896
12285
20957
11161
12508
16829
18723
11189
9830
12289
10364
15882
9059
9411
9029
10607
12777
9517
8027
10923
7697
11698
7373
6791
16813
6690
9886
7449
15147
11683
11915
17878
11577
11350
11846
9884
14037
15033
12753
10447
11662
12712
14009
10940
10239
16826
16867
11312
8189
11536
9895
15151
13118
16384
17762
7164
14648
16752
17698
16023
15971
14245
27901
10809
10760
23715
10703
12369
13434
10371
9608
11054
12175
9477
10038
9483
24404
10667
8216
7685
11355
17786
7704
12808
31065
17775
19724
21275
16768
12553
18441
22016
18069
15829
13068
19011
14271
10800
12071
8729
13475
10047
8594
8332
9342
9403
10944
8269
10357
13319
17691
15956
15455
12100
14166
26572
21476
12474
12606
11647
15301
13259
11949
16478
13132
10219
8623
15541
19348
9126
8780
10692
11043
10481
7645
8488
10193
6957
7732
10725
15435
20081
18738
12293
14144
16164
24022
25307
18079
15021
22999
19970
31305
12467
9092
14365
12511
21071
9494
11971
8443
9762
10416
8771
7536
6496
13799
9431
18406
16375
14174
27278
22164
14376
12323
13574
15539
10027
17248
14295
15780
11909
17530
12477
13509
13193
9769
8936
11827
11636
8547
10972
9139
13140
9413
16482
15308
14250
18955
12218
14988
15992
16167
15658
11350
11374
12736
14391
10134
12375
13831
12362
15552
13174
10963
12350
8679
7733
7514
14760
13148
7355
6182
7071
21194
11832
14236
12167
11823
11112
14395
13130
11098
11482
15241
10647
9656
13501
10917
9550
11131
11458
12125
8258
11804
10317
8650
9798
7812
7402
6667
9963
30840
26131
13035
16919
12659
24128
11166
11769
13116
22876
13584
13339
14100
20869
9749
9015
15044
11782
9322
8143
12520
19286
13109
10448
7759
7413
8885
13917
19882
15773
18503
12440
11863
24835
20263
13803
14676
9972
15649
12391
11420
21269
23560
18679
10231
12210
16976
8924
14320
23360
8216
7528
9073
14427
13206
8228
19866
14662
11627
12483
13028
13244
16250
12724
14874
16313
23260
15101
19260
12932
10586
9928
19148
13027
9004
9536
9222
8595
11590
21440
20403
10156
7291
10593
18328
22607
21155
17290
16605
18562
10757
24650
16601
14127
10576
12877
11276
14229
12622
9398
13134
12378
9210
12244
8880
10330
12320
11013
11580
7236
8241
6604
23828
18609
18330
13385
20348
15664
15184
13261
13014
21135
10357
13650
11032
18147
14965
20042
8940
11508
21778
14434
12349
7492
7749
9222
11648
7771
10346
8303
16919
