1.9083869457244873
1.9213283061981201
1.934227466583252
1.9473092555999756
1.960853099822998
1.9742937088012695
1.987321138381958
2.0002641677856445
2.013632297515869
2.0266733169555664
2.0394577980041504
2.053201913833618
2.0654079914093018
2.07773494720459
2.0904853343963623
2.102710008621216
2.1155529022216797
2.128490924835205
2.140463352203369
2.1524758338928223
2.1645309925079346
2.182339906692505
2.1993825435638428
2.213993787765503
2.226524591445923
2.2394046783447266
2.2528345584869385
2.265679121017456
2.2785208225250244
2.2929837703704834
2.305511474609375
2.3176026344299316
2.3299005031585693
2.342026472091675
2.354442596435547
2.3674137592315674
2.3806633949279785
2.3936731815338135
2.406201124191284
2.4183945655822754
2.430748462677002
2.4432215690612793
2.4559712409973145
2.470057487487793
2.4833433628082275
2.4962284564971924
2.508864641189575
2.5212645530700684
2.5336294174194336
2.5459065437316895
2.557955503463745
2.570077896118164
2.582646131515503
2.5956857204437256
2.6079721450805664
2.62056827545166
2.6335251331329346
2.646141767501831
2.659003973007202
2.6719138622283936
2.684231996536255
2.6965341567993164
2.709355592727661
2.721832036972046
2.734712600708008
2.747504472732544
2.7603368759155273
2.776219367980957
2.790642023086548
2.803715705871582
2.8170104026794434
2.830504894256592
2.843492269515991
2.8558034896850586
2.868372917175293
2.8807835578918457
2.893900156021118
2.9071567058563232
2.9201500415802
2.932417631149292
2.944460868835449
2.95710825920105
2.9698662757873535
2.9819371700286865
2.994065761566162
3.0062620639801025
3.018507242202759
3.030885934829712
3.0432283878326416
3.0559911727905273
3.068572521209717
3.0813775062561035
3.0945537090301514
3.1074090003967285
3.1203982830047607
3.133478879928589
3.14955472946167
3.1688051223754883
3.183175563812256
3.1955246925354004
3.208235025405884
3.220991611480713
3.2338671684265137
3.247220993041992
3.261645555496216
3.275686502456665
3.2880663871765137
3.300766944885254
3.31341814994812
3.325984477996826
3.3385088443756104
3.3512039184570312
3.3650155067443848
3.3899686336517334
3.403963565826416
3.4168269634246826
3.428950309753418
3.4412801265716553
3.454241991043091
3.4672231674194336
3.4794750213623047
3.4921631813049316
3.5048880577087402
3.518481492996216
3.5312843322753906
3.543952226638794
3.5574655532836914
3.5744855403900146
3.5892977714538574
3.603447914123535
3.616541624069214
3.629169225692749
3.641557216644287
3.6539430618286133
3.6660826206207275
3.6784770488739014
3.69161057472229
3.7043638229370117
3.7165486812591553
3.7291176319122314
3.741878032684326
3.754749298095703
3.7691898345947266
3.800147533416748
3.8129124641418457
3.825399160385132
3.837977409362793
3.850186347961426
3.8624866008758545
3.8766167163848877
3.8903279304504395
3.9025216102600098
3.91483211517334
3.927908420562744
3.9405317306518555
3.953296184539795
3.9670891761779785
3.9799935817718506
3.9932050704956055
4.005999803543091
4.018568754196167
4.030989646911621
4.043558359146118
4.055873394012451
4.068856716156006
4.082526206970215
4.09556245803833
4.108053684234619
4.120715379714966
4.133589029312134
4.146512508392334
4.1594648361206055
4.173164129257202
4.187129259109497
4.200133562088013
4.21253228187561
4.225140333175659
4.237901449203491
4.251356601715088
4.264244794845581
4.277231693267822
4.290215492248535
4.302863121032715
4.3152525424957275
4.327840566635132
4.3400490283966064
4.35229229927063
4.366039752960205
4.382431507110596
4.396688461303711
4.409116744995117
4.4211790561676025
4.433629751205444
4.446256160736084
4.458701133728027
4.4712159633636475
4.4834113121032715
4.495521545410156
4.508233547210693
4.520204305648804
4.532205104827881
4.544405937194824
4.5569682121276855
4.580233573913574
4.593543529510498
4.6066577434539795
4.619332551956177
4.631872653961182
4.64418888092041
4.659587621688843
4.672791481018066
4.684875249862671
4.697078466415405
4.709461450576782
4.721838474273682
4.73404598236084
4.746874809265137
4.759854555130005
4.77568507194519
4.788599491119385
4.801378488540649
4.814273357391357
4.827070474624634
4.839867830276489
4.852754592895508
4.865699768066406
4.878361463546753
4.89063024520874
4.9029974937438965
4.9152586460113525
4.927550315856934
4.941130876541138
4.964719533920288
4.977596759796143
4.9903833866119385
5.002781391143799
5.015107870101929
5.027258634567261
5.039652585983276
5.052138328552246
5.064295768737793
5.076613903045654
5.08921217918396
5.102226734161377
5.1152544021606445
5.1281938552856445
5.152933359146118
5.166606664657593
5.1790080070495605
5.191489219665527
5.2036027908325195
5.216655731201172
5.2295310497283936
5.241807699203491
5.2538487911224365
5.2661144733428955
5.278366327285767
5.290847539901733
5.303234338760376
5.315635442733765
5.328078031539917
5.341907978057861
5.369520425796509
5.3836610317230225
5.3968870639801025
5.4093921184539795
5.422609806060791
5.435739994049072
5.4484851360321045
5.461197853088379
5.47365403175354
5.486446857452393
5.499187231063843
5.512283086776733
5.524789571762085
5.5373969078063965
5.5504150390625
5.56303334236145
5.575654029846191
5.58821964263916
5.6005918979644775
5.612717628479004
5.6248064041137695
5.639401435852051
5.655946731567383
5.6691179275512695
5.6817626953125
5.694046974182129
5.706131458282471
5.718589782714844
5.730566501617432
5.742769479751587
5.755632400512695
5.780974626541138
5.79410457611084
5.806745290756226
5.819079637527466
5.831302642822266
5.84378719329834
5.856371879577637
5.8691065311431885
5.881608247756958
5.894418478012085
5.9071409702301025
5.919515371322632
5.931739568710327
5.944200754165649
5.957766056060791
5.972628831863403
5.985617160797119
5.998177766799927
6.010608673095703
6.023366928100586
6.036065578460693
6.049104928970337
6.061912536621094
6.074469327926636
6.087037801742554
6.099668741226196
6.112774610519409
6.125457763671875
6.138230085372925
6.152212142944336
6.165324449539185
6.178115606307983
6.190673589706421
6.203214168548584
6.215381622314453
6.228136777877808
6.241085052490234
6.253847122192383
6.266704082489014
6.279177904129028
6.291566371917725
6.303912878036499
6.316958427429199
6.333075284957886
6.35198712348938
6.366600751876831
6.378950119018555
6.390964984893799
6.403152704238892
6.414975166320801
6.427831172943115
6.440215587615967
6.453087329864502
6.4659059047698975
6.4784767627716064
6.490732908248901
6.503201007843018
6.515506029129028
6.529407024383545
6.5461835861206055
6.5594801902771
6.571985483169556
6.584264039993286
6.59659743309021
6.609357833862305
6.623687744140625
6.636582374572754
6.649919033050537
6.662970542907715
6.6757423877716064
6.688447952270508
6.701037406921387
6.713374853134155
6.7262256145477295
6.738891124725342
6.75169563293457
6.764585971832275
6.777302026748657
6.789533376693726
6.802386999130249
6.815502405166626
6.828297853469849
6.84104323387146
6.8541882038116455
6.866863489151001
6.879425525665283
6.89154052734375
6.903499603271484
6.916824579238892
6.930135011672974
6.943934440612793
6.956701278686523
6.969760179519653
6.982194423675537
6.995036840438843
7.007802724838257
7.0204384326934814
7.032557487487793
7.044717788696289
7.056671142578125
7.069189548492432
7.0815136432647705
7.093585729598999
7.10729193687439
7.12056303024292
7.133342742919922
7.145672798156738
7.1577606201171875
7.170324802398682
7.182856321334839
7.195881605148315
7.208912134170532
7.221153974533081
7.234038591384888
7.247273683547974
7.25972580909729
7.2718048095703125
7.285217046737671
7.300784587860107
7.313860654830933
7.326854944229126
7.340186595916748
7.353662490844727
7.367172479629517
7.38028621673584
7.393862962722778
7.406898736953735
7.419708013534546
7.432762861251831
7.445927619934082
7.458205223083496
7.4711527824401855
7.48452353477478
7.498033761978149
7.510514736175537
7.522773742675781
7.535353183746338
7.547292709350586
7.55943751335144
7.572545289993286
7.585381984710693
7.5979766845703125
7.6104936599731445
7.622456312179565
7.634463310241699
7.646764278411865
7.658958673477173
7.671941757202148
7.686436414718628
7.699424982070923
7.71158766746521
7.724132537841797
7.736660003662109
7.749671220779419
7.763234615325928
7.7759411334991455
7.7883055210113525
7.8006837368011475
7.813504457473755
7.82636833190918
7.839240789413452
7.852172374725342
7.864678382873535
7.8772132396698
7.889712810516357
7.902894973754883
7.916080474853516
7.928891181945801
7.941030263900757
7.953262090682983
7.965960741043091
7.978923082351685
7.991602659225464
8.004307270050049
8.016694784164429
8.029288291931152
8.041449785232544
8.053483486175537
8.067364931106567
8.082964420318604
8.096974849700928
8.10974669456482
8.122256517410278
8.134634733200073
8.147034406661987
8.1595778465271
8.171985387802124
8.184406518936157
8.197023868560791
8.209458827972412
8.222141027450562
8.234511137008667
8.247184038162231
8.25936508178711
8.272416114807129
8.287595272064209
8.31661581993103
8.332251071929932
8.345403909683228
8.358206748962402
8.371026992797852
8.383737087249756
8.396315097808838
8.408703804016113
8.421411037445068
8.434239149093628
8.447498559951782
8.459909677505493
8.472257614135742
8.486495733261108
8.502792358398438
8.518711566925049
8.531924486160278
8.544752836227417
8.557374238967896
8.569454193115234
8.581504583358765
8.593597173690796
8.606070280075073
8.61800241470337
8.630346059799194
8.6431143283844
8.65614366531372
8.669211626052856
8.682491779327393
8.697242736816406
8.711193561553955
8.723345279693604
8.735700845718384
8.747808456420898
8.760146617889404
8.772263765335083
8.784640789031982
8.797138929367065
8.8097984790802
8.822420358657837
8.834659814834595
8.847211122512817
8.860143661499023
8.87221908569336
8.884928941726685
8.898032426834106
8.910738706588745
8.923066139221191
8.935783386230469
8.948704481124878
8.96218752861023
8.975680112838745
8.988202571868896
9.000508546829224
9.01279354095459
9.025070428848267
9.03730320930481
9.04964017868042
9.0645272731781
9.0771324634552
9.113433837890625
9.12571096420288
9.139034509658813
9.153827905654907
9.166702508926392
9.179270505905151
9.192216873168945
9.204712867736816
9.217632293701172
9.230390548706055
9.243687629699707
9.25810170173645
9.276053667068481
9.290648698806763
9.303056955337524
9.315599918365479
9.328144311904907
9.340480327606201
9.353164672851562
9.36590051651001
9.378665924072266
9.391116619110107
9.403742551803589
9.416742086410522
9.429863929748535
9.442615270614624
9.462163925170898
9.475168704986572
9.488272428512573
9.500768423080444
9.513980627059937
9.526554822921753
9.538835287094116
9.552275657653809
9.56501054763794
9.577189683914185
9.589355707168579
9.601758480072021
9.614248514175415
9.626579999923706
9.63919448852539
9.65317440032959
9.669094562530518
9.683352947235107
9.695945262908936
9.708382844924927
9.721444845199585
9.734421014785767
9.748095512390137
9.761141777038574
9.773610353469849
9.78607439994812
9.79845404624939
9.811020612716675
9.82422137260437
9.837356805801392
9.850605487823486
9.863539218902588
9.875810861587524
9.88844633102417
9.901224613189697
9.913897037506104
9.926804304122925
9.941622734069824
9.95476746559143
9.967320442199707
9.980014562606812
9.992878913879395
10.005762338638306
10.019095420837402
10.031725645065308
10.04542088508606
10.059733867645264
10.072773456573486
10.085318565368652
10.097651243209839
10.109683513641357
10.122077703475952
10.134327173233032
10.146725416183472
10.159792184829712
10.172916412353516
10.18576717376709
10.198687076568604
10.21170973777771
10.225826025009155
10.240824937820435
10.25394892692566
10.26679539680481
10.279348850250244
10.291765689849854
10.304263591766357
10.316957712173462
10.330241203308105
10.342605829238892
10.354627847671509
10.367506980895996
10.380132913589478
10.392476081848145
10.404751062393188
10.417590856552124
10.432780742645264
10.445603609085083
10.458340406417847
10.47153902053833
10.484026193618774
10.496072053909302
10.508898258209229
10.521710634231567
10.534665822982788
10.547492265701294
10.559711217880249
10.571824073791504
10.58374834060669
10.59599781036377
10.609541893005371
10.624316692352295
10.638153314590454
10.650959730148315
10.663809299468994
10.676879405975342
10.691850185394287
10.704075574874878
10.716983556747437
10.73202109336853
10.745031356811523
10.758283853530884
10.771430730819702
10.784364938735962
10.79727816581726
10.80980634689331
10.823627710342407
10.851699829101562
10.865239143371582
10.877533197402954
10.89059066772461
10.90359616279602
10.916192054748535
10.92913293838501
10.942047595977783
10.955044984817505
10.967712640762329
10.98061752319336
10.993594408035278
11.006787538528442
11.01961064338684
11.036848306655884
11.052457809448242
11.06581449508667
11.078287839889526
11.091726303100586
11.104717016220093
11.11767840385437
11.13008427619934
11.14263367652893
11.154963254928589
11.167705774307251
11.179955244064331
11.192537307739258
11.205420732498169
11.219430923461914
11.23194432258606
11.247151851654053
11.262058973312378
11.276165246963501
11.288882970809937
11.301038265228271
11.313346862792969
11.325956106185913
11.338539838790894
11.350854873657227
11.36364483833313
11.376692771911621
11.38978886604309
11.402592897415161
11.4155912399292
11.428601741790771
11.443934202194214
11.460796594619751
11.475302934646606
11.488373756408691
11.501270771026611
11.51375436782837
11.526086568832397
11.539487838745117
11.552125453948975
11.564161777496338
11.576316833496094
11.589007377624512
11.601747512817383
11.614665985107422
11.62746000289917
11.640737533569336
11.655148983001709
11.66806936264038
11.680425643920898
11.692837953567505
11.704944849014282
11.717794418334961
11.730813980102539
11.743309497833252
11.755749464035034
11.76801609992981
11.780783891677856
11.7936692237854
11.806459188461304
11.820465087890625
11.837623834609985
11.851032495498657
11.863324165344238
11.875969409942627
11.888564586639404
11.901123523712158
11.91422724723816
11.926958799362183
11.939441204071045
11.951794624328613
11.964886665344238
11.977826595306396
11.990185022354126
12.002894878387451
12.017784833908081
12.043251276016235
12.055931091308594
12.0684654712677
12.081114292144775
12.094224452972412
12.107730388641357
12.121119260787964
12.134003162384033
12.146263360977173
12.158685445785522
12.170736312866211
12.183483362197876
12.195962905883789
12.208487033843994
12.231072425842285
12.245936155319214
12.258880138397217
12.271346807479858
12.284276723861694
12.296986103057861
12.310630321502686
12.323806047439575
12.33617615699768
12.348425149917603
12.360308647155762
12.372445106506348
12.385305166244507
12.398529052734375
12.413137674331665
12.427444696426392
12.440143823623657
12.453375816345215
12.465898275375366
12.478539228439331
12.491366863250732
12.503939390182495
12.516725540161133
12.529560327529907
12.542043685913086
12.55487322807312
12.568262100219727
12.58086633682251
12.593608140945435
12.606733322143555
12.619135618209839
12.631760597229004
12.644603967666626
12.6575186252594
12.67061734199524
12.683704853057861
12.696529150009155
12.709570407867432
12.722120523452759
12.734196662902832
12.74627685546875
12.758214473724365
12.771320104598999
12.78537368774414
12.800724267959595
12.814908504486084
12.827543497085571
12.839826345443726
12.851783037185669
12.86417031288147
12.876832485198975
12.889066696166992
12.90153169631958
12.913885354995728
12.926708698272705
12.939427375793457
12.952494621276855
12.965494871139526
12.977988004684448
12.996771812438965
13.013635873794556
13.02826714515686
13.04125452041626
13.053345441818237
13.065601587295532
13.077988386154175
13.091633081436157
13.10674500465393
13.119397163391113
13.131711959838867
13.144103765487671
13.156603574752808
13.169129133224487
13.18182897567749
13.194241285324097
13.210801124572754
13.229207992553711
13.243282794952393
13.256160259246826
13.26842975616455
13.28077745437622
13.293012857437134
13.307551860809326
13.320409297943115
13.332845449447632
13.3451247215271
13.357327699661255
13.369770050048828
13.381839752197266
13.394418716430664
13.408114433288574
13.420691728591919
13.43276572227478
13.444938659667969
13.45754098892212
13.470823764801025
13.484492301940918
13.497430562973022
13.509860277175903
13.522357702255249
13.535156011581421
13.548861742019653
13.561725378036499
13.57438850402832
13.58768105506897
13.600636005401611
13.613336563110352
13.625844240188599
13.638904094696045
13.651897192001343
13.665168046951294
13.677959203720093
13.690646648406982
13.70317530632019
13.715829849243164
13.729947090148926
13.742486715316772
13.755820274353027
13.770609140396118
13.787624835968018
13.801202058792114
13.814257144927979
13.827475309371948
13.841042041778564
13.853863716125488
13.866751670837402
13.880104064941406
13.892954587936401
13.904726266860962
13.916929721832275
13.928886413574219
13.941087484359741
13.953493356704712
13.966509819030762
13.981873512268066
13.996402740478516
14.009008646011353
14.021230936050415
14.033671855926514
14.046006917953491
14.05896520614624
14.071150779724121
14.08507776260376
14.121767282485962
14.134522199630737
14.147391319274902
14.160364627838135
14.174064636230469
14.187262058258057
14.20002007484436
14.212800025939941
14.225648880004883
14.238958835601807
14.252060890197754
14.266855478286743
14.280627489089966
14.293623208999634
14.306472063064575
14.319712162017822
14.332902908325195
14.345505475997925
14.358540773391724
14.371277093887329
14.388543844223022
14.404306411743164
14.418792009353638
14.431715250015259
14.444563627243042
14.457314252853394
14.47100043296814
14.484076499938965
14.497077226638794
14.510025262832642
14.522811651229858
14.535584211349487
14.547815084457397
14.560510396957397
14.573318481445312
14.587408781051636
14.604127407073975
14.62873911857605
14.64161467552185
14.653753995895386
14.66639232635498
14.678891897201538
14.691580772399902
14.704735517501831
14.717841148376465
14.73066759109497
14.743491888046265
14.7564218044281
14.769365787506104
14.78235673904419
14.795642375946045
14.809162378311157
14.822121381759644
14.834867477416992
14.847459316253662
14.860703468322754
14.87349271774292
14.885802745819092
14.89844560623169
14.910791397094727
14.922998189926147
14.9352445602417
14.94838809967041
14.961475133895874
14.9750075340271
14.988422155380249
15.001964807510376
15.015090227127075
15.028017520904541
15.04075837135315
15.053682804107666
15.066545724868774
15.079574823379517
15.092689990997314
15.105809688568115
15.118679523468018
15.131473779678345
15.144372463226318
15.156963348388672
15.169801473617554
15.182759284973145
15.19921326637268
15.216463804244995
15.230504751205444
15.242998600006104
15.25539755821228
15.267684698104858
15.279799461364746
15.292192220687866
15.304435968399048
15.316670417785645
15.328831911087036
15.340975284576416
15.3536217212677
15.36667776107788
15.379610300064087
15.39253282546997
15.40522289276123
15.41813039779663
15.432809591293335
15.44608759880066
15.459080457687378
15.47145700454712
15.483492851257324
15.495486974716187
15.507549524307251
15.51952075958252
15.53146743774414
15.544036626815796
15.556955575942993
15.569815635681152
15.583119630813599
15.596242427825928
15.61198091506958
15.636993646621704
15.65161943435669
15.664545774459839
15.677531957626343
15.690406322479248
15.703290224075317
15.717864751815796
15.730530977249146
15.742916584014893
15.75521445274353
15.76923418045044
15.782732725143433
15.7957124710083
15.808809280395508
15.821321487426758
15.84862494468689
15.863494396209717
15.876632690429688
15.889125108718872
15.901331186294556
15.913727283477783
15.926551103591919
15.94118618965149
15.954196453094482
15.967017650604248
15.979859113693237
15.992579936981201
16.00490427017212
16.017484426498413
16.03003454208374
16.043238639831543
16.057547569274902
16.08297324180603
16.095667123794556
16.10808515548706
16.12091565132141
16.133596658706665
16.145951747894287
