0.0008
0.001113
0.000984
0.001151
0.001255
0.000558
0.000563
0.001211
0.001184
0.000665
0.001467
0.000998
0.000944
0.00099
0.000689
0.001052
0.00093
0.000655
0.000597
0.000571
0.000644
0.000579
0.000562
0.001041
0.000947
0.000674
0.000561
0.001233
0.000568
0.00071
0.000977
0.000964
0.001762
0.001522
0.000985
0.000611
0.00136
0.002872
0.000576
0.000965
0.000625
0.000583
0.000565
0.000577
0.000624
0.000588
0.002407
0.000639
0.000639
0.001001
0.001018
0.00104
0.000563
0.000825
0.000626
0.002272
0.000563
0.000668
0.001038
0.000584
0.000687
0.00078
0.00065
0.001101
0.000622
0.000638
0.000588
0.000627
0.000594
0.000818
0.000944
0.00107
0.000584
0.000944
0.000608
0.000937
0.001671
0.000637
0.001728
0.001068
0.000962
0.000595
0.0006
0.001006
0.000808
0.001758
0.000649
0.00107
0.000577
0.001016
0.000997
0.000576
0.002652
0.000578
0.000564
0.001135
0.000938
0.000612
0.001004
0.001434
0.001001
0.000666
0.000865
0.00143
0.000631
0.000869
0.000929
0.001016
0.0011
0.00058
0.001366
0.000592
0.001025
0.001132
0.000656
0.000967
0.000646
0.001073
0.001774
0.00091
0.000616
0.00059
0.001016
0.001181
0.000969
0.000604
0.000996
0.000998
0.002115
0.000681
0.001177
0.000642
0.001275
0.001263
0.002147
0.000772
0.00062
0.000644
0.002693
0.000594
0.000853
0.001332
0.000621
0.000663
0.000992
0.000738
0.002344
0.000692
0.000997
0.000808
0.002258
0.000674
0.000637
0.000793
0.000976
0.001386
0.000968
0.000814
0.000595
0.001021
0.000958
0.00099
0.002337
0.000999
0.000586
0.001125
0.001284
0.001479
0.000717
0.001353
0.000971
0.00062
0.0006
0.001001
0.000591
0.000577
0.002482
0.001088
0.000662
0.002358
0.000575
0.001327
0.000637
0.000589
0.001504
0.000986
0.003187
0.000988
0.001053
0.00061
0.000573
0.000555
0.001286
0.000629
0.000624
0.000646
0.000834
0.000958
0.001653
0.000952
0.001064
0.000617
0.000652
0.000993
0.000659
0.000984
0.000666
0.001508
0.00094
0.000563
0.001102
0.000635
0.000771
0.000616
0.001155
0.000978
0.000582
0.000885
0.0008
0.000968
0.000975
0.000563
0.001936
0.000643
0.000653
0.00062
0.000966
0.00102
0.000585
0.000788
0.000955
0.000925
0.001016
0.000978
0.001034
0.000947
0.001053
0.000988
0.000932
0.000959
0.000937
0.000969
0.000563
0.000594
0.00081
0.001374
0.001002
0.000627
0.000963
0.000594
0.000561
0.000999
0.000607
0.001129
0.000644
0.000719
0.001063
0.001149
0.000649
0.000592
0.001709
0.000991
0.000781
0.001011
0.000906
0.001034
0.00105
0.000964
0.000691
0.000729
0.000844
0.002513
0.000703
0.001255
0.000918
0.000994
0.000661
0.001284
0.000744
0.000615
0.000584
0.000984
0.000645
0.000889
0.001689
0.000628
0.000556
0.000625
0.001006
0.00067
0.000617
0.000999
0.000815
0.000947
0.000645
0.000956
0.000562
0.000994
0.000611
0.000974
0.001031
0.00091
0.000626
0.001036
0.000718
0.002358
0.000908
0.000646
0.000597
0.000586
0.00162
0.000963
0.001122
0.000819
0.001013
0.000583
0.000629
0.000608
0.001062
0.000628
0.000561
0.002473
0.000675
0.000678
0.00066
0.000594
0.000941
0.000619
0.000947
0.000591
0.002563
0.000958
0.000632
0.001019
0.000558
0.001457
0.000678
0.001443
0.000971
0.000625
0.00056
0.000623
0.000941
0.001311
0.001003
0.000994
0.000557
0.001
0.000633
0.001008
0.001111
0.000584
0.000666
0.00111
0.000738
0.000615
0.000985
0.000574
0.000621
0.000963
0.000576
0.00064
0.001009
0.000586
0.000627
0.001191
0.000964
0.001009
0.000575
0.000746
0.000925
0.001118
0.000635
0.002437
0.001007
0.000701
0.000962
0.000975
0.000739
0.000963
0.000614
0.001495
0.000977
0.001024
0.000656
0.002299
0.000615
0.000671
0.000987
0.00103
0.001012
0.000976
0.000899
0.000942
0.00107
0.000628
0.000666
0.000712
0.00071
0.000587
0.000983
0.001368
0.000877
0.001483
0.001026
0.000975
0.001425
0.0016
0.001528
0.000658
0.000649
0.000579
0.000974
0.001388
0.000741
0.001014
0.001061
0.000987
0.001845
0.000971
0.00061
0.000998
0.000775
0.00095
0.001109
0.000972
0.002373
0.000726
0.000684
0.000611
0.000917
0.000662
0.000837
0.000755
0.000944
0.00058
0.001058
0.000604
0.000637
0.000796
0.000775
0.000649
0.000939
0.000709
0.00077
0.001471
0.001051
0.000618
0.000844
0.000983
0.001062
0.001095
0.001136
0.000728
0.000967
0.000985
0.000829
0.001022
0.000982
0.001092
0.000979
0.000922
0.000836
0.000949
0.000666
0.001075
0.000947
0.000615
0.001225
0.000965
0.00059
0.000794
0.00096
0.000983
0.000796
0.002442
0.000627
0.000672
0.000684
0.000813
0.000712
0.000611
0.001075
0.001064
0.00058
0.001042
0.000573
0.00099
0.001995
0.000714
0.001783
0.000632
0.000605
0.000603
0.001118
0.001028
0.001016
0.000649
0.000655
0.000988
0.000767
0.001027
0.000696
0.000979
0.000739
0.000653
0.00061
0.000992
0.000627
0.000646
0.001042
0.00065
0.002348
0.001001
0.000904
0.000701
0.001019
0.001013
0.000898
0.000734
0.00063
0.001014
0.001887
0.000683
0.000731
0.00096
0.000956
0.000975
0.000592
0.000689
0.000602
0.000676
0.000919
0.001302
0.000697
0.000767
0.00058
0.00065
0.000951
0.000982
0.000915
0.000736
0.000972
0.000746
0.000621
0.001127
0.000641
0.001055
0.00283
0.000968
0.000976
0.00057
0.000601
0.000608
0.000624
0.000566
0.001028
0.00163
0.001488
0.000588
0.000944
0.000966
0.000557
0.000648
0.001353
0.00082
0.001188
0.001032
0.000564
0.002608
0.000925
0.000591
0.001232
0.000645
0.001004
0.000646
0.001029
0.000658
0.000633
0.001027
0.001065
0.001786
0.000662
0.002153
0.001381
0.000571
0.000899
0.000942
0.000586
0.000658
0.002465
0.000621
0.000684
0.000745
0.000906
0.00244
0.000986
0.000565
0.000662
0.00098
0.001316
0.000559
0.000695
0.000583
0.000999
0.001305
0.000587
0.000746
0.000695
0.001938
0.001039
0.001015
0.000602
0.000665
0.000765
0.000987
0.002955
0.000622
0.001015
0.000552
0.000669
0.000969
0.001017
0.000818
0.000589
0.001188
0.000691
0.000631
0.000623
0.001008
0.000562
0.00066
0.000935
0.001037
0.00069
0.000577
0.000972
0.0007
0.000598
0.000974
0.002341
0.001414
0.002017
0.000586
0.000594
0.000967
0.000598
0.00112
0.000974
0.000588
0.001269
0.000979
0.000992
0.000609
0.001025
0.001408
0.000647
0.000769
0.000605
0.001592
0.000995
0.000588
0.001029
0.000945
0.000618
0.001012
0.000594
0.000644
0.001092
0.000564
0.000591
0.00122
0.000633
0.000963
0.002353
0.000614
0.000569
0.00185
0.000614
0.000962
0.000665
0.000676
0.000817
0.001051
0.000927
0.000797
0.00101
0.001327
0.000633
0.000584
0.00101
0.001066
0.000567
0.000572
0.001107
0.000729
0.000573
0.002038
0.000683
0.000657
0.00095
0.000721
0.000827
0.000609
0.001081
0.00104
0.000607
0.000959
0.000763
0.000969
0.000935
0.000874
0.000957
0.001073
0.000751
0.000692
0.001025
0.000674
0.000891
0.000652
0.000729
0.000991
0.000995
0.000623
0.000633
0.001139
0.001223
0.000954
0.000979
0.000946
0.000957
0.000979
0.002255
0.000585
0.000679
0.001038
0.000606
0.000814
0.002697
0.000982
0.000632
0.000732
0.000761
0.000663
0.000984
0.000752
0.000739
0.000601
0.001308
0.001097
0.000963
0.000598
0.000963
0.000582
0.000564
0.001101
0.000564
0.000617
0.000984
0.002253
0.001076
0.000579
0.002077
0.000959
0.00066
0.001042
0.000707
0.000729
0.000661
0.001531
0.000614
0.001432
0.000902
0.000752
0.000646
0.000709
0.000739
0.001129
0.001169
0.000698
0.000725
0.001187
0.001703
0.001142
0.000652
0.000951
0.001303
0.000689
0.001029
0.000859
0.001114
0.001026
0.002173
0.001168
0.000581
0.00193
0.000609
0.001046
0.001103
0.000983
0.000558
0.001476
0.000575
0.000945
0.000611
0.001019
0.000663
0.000666
0.000614
0.000823
0.000684
0.000575
0.001481
0.00098
0.000966
0.001029
0.000638
0.001854
0.000611
0.002673
0.000636
0.000813
0.000625
0.000608
0.000954
0.000594
0.000729
0.000684
0.000819
0.001181
0.000619
0.001002
0.000943
0.001161
0.000865
0.000633
0.000618
0.000962
0.000575
0.001026
0.000631
0.001218
0.000696
0.000825
0.000771
0.000638
0.000936
0.000815
0.001026
0.001061
0.000582
0.000993
0.001297
0.000907
0.000673
0.000621
0.000577
0.000938
0.000884
0.000766
0.000681
0.000605
0.000662
0.000648
0.000559
0.000863
0.000693
0.001131
0.000641
0.000625
0.001135
0.000887
0.000629
0.000983
0.000599
0.000843
0.000636
0.000649
0.000686
0.000987
0.000919
0.001005
0.000576
0.001955
0.000602
0.00057
0.000639
0.000704
0.000973
0.00093
0.000588
0.001074
0.000563
0.001152
0.00113
0.000609
0.000956
0.000952
0.001965
0.000697
0.001042
0.001017
0.001065
0.001002
0.001624
0.001107
0.000634
0.000684
0.000694
0.001009
0.000967
0.000653
0.000908
0.000865
0.000699
0.0006
0.000563
0.001021
0.001018
0.001112
0.000659
0.000643
0.000933
0.000574
0.000946
0.001227
0.000996
0.000969
0.001173
0.000639
0.000749
0.00234
0.000562
0.000723
0.001148
0.000969
0.000857
0.000733
0.000599
0.001144
0.000628
0.000907
0.00069
0.001023
0.001052
0.000993
0.000937
0.000724
0.00064
0.000979
0.000996
0.000948
0.000749
0.001066
0.000597
0.000727
0.000722
0.00065
0.001123
0.000568
0.000673
0.00091
0.000584
0.001015
0.000959
0.001106
0.000694
0.000999
0.000939
0.001012
0.000976
0.000707
0.001026
0.000656
0.001764
0.000592
0.000824
0.001157
0.00153
0.001566
0.000611
