0.004326
0.002987
0.002948
0.003304
0.003491
0.003012
0.00354
0.002994
0.003371
0.002988
0.003028
0.003015
0.00295
0.003238
0.003393
0.003129
0.004527
0.005167
0.004767
0.004535
0.007669
0.00291
0.002957
0.002885
0.00364
0.004495
0.002832
0.011377
0.002899
0.003004
0.003885
0.005492
0.004376
0.002998
0.004482
0.002876
0.003196
0.012187
0.004047
0.00406
0.003466
0.004904
0.004551
0.002909
0.003396
0.004284
0.004458
0.002966
0.002979
0.002922
0.00291
0.004533
0.004435
0.002864
0.00571
0.002861
0.003703
0.002941
0.003299
0.002982
0.002948
0.002999
0.004355
0.004176
0.003038
0.003043
0.003204
0.002925
0.00287
0.002984
0.006429
0.003291
0.003112
0.004761
0.002816
0.006972
0.003006
0.004197
0.002954
0.004585
0.003043
0.002859
0.003738
0.003148
0.005006
0.003293
0.00294
0.003855
0.003638
0.002883
0.004424
0.005777
0.00292
0.004453
0.005253
0.004502
0.002899
0.003569
0.003452
0.002925
0.002908
0.005535
0.00448
0.002891
0.002923
0.004246
0.003234
0.002921
0.012306
0.003104
0.002916
0.004316
0.002851
0.004306
0.004158
0.003139
0.004379
0.007116
0.00299
0.002953
0.002999
0.003985
0.004089
0.003069
0.00434
0.002935
0.003071
0.003288
0.003068
0.004386
0.002943
0.004628
0.00325
0.004942
0.003003
0.003431
0.002908
0.004375
0.003117
0.003123
0.003162
0.005833
0.003747
0.00293
0.006117
0.005715
0.005567
0.00317
0.004231
0.003298
0.002991
0.009782
0.003036
0.003298
0.003132
0.004554
0.013008
0.00289
0.002995
0.002852
0.00456
0.002925
0.003078
0.003125
0.003349
0.004865
0.00437
0.002969
0.002966
0.002872
0.002931
0.002986
0.003122
0.002913
0.009937
0.00292
0.004353
0.002924
0.003042
0.005444
0.002923
0.003474
0.003252
0.004408
0.00302
0.00296
0.003072
0.003598
0.005838
0.00395
0.002854
0.002928
0.003912
0.003079
0.004229
0.003268
0.00458
0.004392
0.012743
0.00297
0.004375
0.003035
0.003964
0.003072
0.004414
0.009631
0.003006
0.005141
0.003015
0.003098
0.004365
0.002846
0.003113
0.002902
0.002996
0.004471
0.01119
0.003054
0.002925
0.003315
0.00417
0.003924
0.003112
0.003025
0.002878
0.003004
0.002897
0.002968
0.004681
0.002964
0.008566
0.004481
0.002936
0.0044
0.004446
0.004538
0.003971
0.010809
0.004126
0.003265
0.00308
0.002967
0.004895
0.002926
0.010624
0.002834
0.004332
0.002819
0.002852
0.006253
0.003072
0.003928
0.003243
0.004488
0.002941
0.002924
0.002961
0.003004
0.009045
0.002897
0.00365
0.00366
0.0046
0.005283
0.003722
0.002945
0.002938
0.002902
0.003955
0.003133
0.004669
0.003515
0.002909
0.003089
0.002883
0.004345
0.002865
0.009402
0.002967
0.004076
0.003079
0.004324
0.00589
0.003149
0.003003
0.004193
0.004384
0.00693
0.002952
0.006698
0.002849
0.002835
0.004427
0.003209
0.005395
0.003312
0.004429
0.004463
0.002864
0.002894
0.002966
0.002922
0.004361
0.003951
0.00339
0.004771
0.003194
0.006109
0.003508
0.002957
0.003808
0.002938
0.00416
0.003019
0.005786
0.002901
0.003024
0.004419
0.002923
0.003637
0.003185
0.005572
0.004621
0.003232
0.003087
0.004409
0.010846
0.003095
0.005291
0.003139
0.002877
0.007926
0.004462
0.003007
0.003074
0.002983
0.014223
0.004461
0.002923
0.003609
0.004526
0.009261
0.003697
0.003803
0.003128
0.002892
0.003296
0.004429
0.005303
0.004406
0.00438
0.004671
0.002966
0.006684
0.00477
0.002948
0.004308
0.00314
0.0112
0.00333
0.002827
0.01001
0.00286
0.005461
0.003257
0.002847
0.002985
0.003149
0.007501
0.00297
0.003996
0.002973
0.003572
0.002942
0.002972
0.006525
0.00307
0.002864
0.003166
0.004351
0.013497
0.0048
0.004338
0.002895
0.002907
0.004105
0.006192
0.005176
0.004056
0.003068
0.003688
0.003255
0.00294
0.002891
0.004034
0.003168
0.00413
0.002997
0.003166
0.003261
0.010316
0.004947
0.003766
0.002968
0.002884
0.00301
0.002887
0.006797
0.004098
0.002882
0.002892
0.002936
0.008137
0.002961
0.004958
0.003041
0.005904
0.002898
0.003155
0.00292
0.002934
0.004504
0.003018
0.00544
0.002876
0.004301
0.003069
0.002908
0.006947
0.00294
0.002987
0.004422
0.004309
0.00609
0.002984
0.003276
0.003029
0.005172
0.003112
0.00301
0.005512
0.003447
0.006682
0.003094
0.004431
0.003105
0.004285
0.006918
0.002989
0.002984
0.003008
0.002904
0.003634
0.002823
0.006949
0.004967
0.003143
0.003202
0.002835
0.007915
0.003007
0.004982
0.003554
0.004823
0.004312
0.003105
0.007441
0.003249
0.007571
0.002923
0.003116
0.004284
0.005289
0.004488
0.00444
0.003516
0.003111
0.004342
0.004476
0.00287
0.012095
0.002988
0.00462
0.003039
0.004438
0.004651
0.002896
0.00578
0.004204
0.006131
0.002858
0.004269
0.002965
0.002958
0.004919
0.004403
0.004499
0.003072
0.002799
0.006364
0.002918
0.004965
0.002884
0.002947
0.004136
0.003548
0.005722
0.005019
0.003852
0.006743
0.003612
0.00503
0.004175
0.003081
0.012179
0.01014
0.004536
0.004695
0.008156
0.003123
0.002918
0.008028
0.00338
0.00546
0.005389
0.005865
0.003603
0.003164
0.006266
0.0054
0.004463
0.00465
0.004301
0.002991
0.003492
0.002917
0.003393
0.003039
0.003045
0.006352
0.004076
0.002967
0.004076
0.002993
0.007428
0.002837
0.004696
0.007399
0.003021
0.003025
0.003217
0.002957
0.011005
0.003042
0.004282
0.003138
0.002968
0.006441
0.002946
0.005242
0.004599
0.002882
0.003129
0.002899
0.004303
0.002844
0.006262
0.002885
0.003511
0.002868
0.003001
0.00337
0.003054
0.005251
0.004377
0.003212
0.002933
0.004341
0.003011
0.004418
0.006456
0.002879
0.003519
0.002928
0.004362
0.002931
0.003865
0.003081
0.00344
0.00333
0.002848
0.006402
0.00295
0.002943
0.003141
0.002953
0.004554
0.004429
0.003065
0.002915
0.003682
0.003025
0.004269
0.006011
0.00292
0.002983
0.003533
0.004313
0.004156
0.003006
0.004987
0.002995
0.010215
0.004626
0.00296
0.002924
0.003168
0.006237
0.003073
0.002928
0.00284
0.003075
0.003147
0.002971
0.005434
0.003522
0.003254
0.004951
0.003128
0.003171
0.00302
0.003903
0.002899
0.00285
0.005366
0.002922
0.00294
0.004442
0.005083
0.00304
0.005663
0.002959
0.004804
0.003334
0.002932
0.002905
0.003038
0.003797
0.002923
0.008036
0.002981
0.003133
0.004378
0.002914
0.004981
0.003188
0.003388
0.003084
0.002914
0.00524
0.003921
0.006289
0.003271
0.003074
0.002925
0.002985
0.007154
0.003403
0.003296
0.002999
0.002846
0.00298
0.002922
0.003075
0.005016
0.007515
0.003106
0.006342
0.00291
0.016106
0.005132
0.003105
0.002982
0.003231
0.004672
0.003023
0.003235
0.003067
0.002925
0.004551
0.002967
0.00296
0.004555
0.003836
0.003318
0.004005
0.003021
0.004268
0.003272
0.003074
0.003055
0.005983
0.003258
0.003129
0.002982
0.008075
0.005408
0.003062
0.004376
0.004496
0.002983
0.003062
0.004744
0.003368
0.003973
0.003152
0.003145
0.003022
0.002899
0.003546
0.00338
0.002841
0.004114
0.002878
0.002934
0.003051
0.003065
0.005269
0.00301
0.004787
0.003192
0.004777
0.004806
0.00294
0.003396
0.003334
0.003041
0.004997
0.002918
0.003344
0.004466
0.004403
0.005477
0.002984
0.002951
0.004559
0.004479
0.005689
0.005285
0.003001
0.004297
0.005996
0.00314
0.004517
0.006157
0.004764
0.00296
0.003358
0.00291
0.003094
0.003344
0.00306
0.002978
0.003203
0.003642
0.003198
0.003078
0.004565
0.003941
0.008383
0.004458
0.002948
0.008122
0.003112
0.003337
0.003224
0.003354
0.004284
0.0038
0.003134
0.00384
0.003735
0.003133
0.005315
0.00815
0.00451
0.004545
0.003841
0.003501
0.00339
0.004931
0.002883
0.005411
0.003445
0.003071
0.004897
0.005201
0.003159
0.005185
0.00299
0.007779
0.003685
0.003167
0.00993
0.004864
0.004928
0.005005
0.003297
0.003156
0.003705
0.003408
0.004783
0.008393
0.003021
0.003105
0.003644
0.003402
0.004516
0.003758
0.004638
0.011062
0.004767
0.004949
0.004314
0.011167
0.005409
0.006875
0.00293
0.004673
0.005588
0.002972
0.005028
0.003689
0.003383
0.004869
0.003803
0.002904
0.006256
0.00447
0.003102
0.004641
0.003959
0.003314
0.003322
0.005571
0.008696
0.005223
0.006946
0.003153
0.002871
0.002954
0.008021
0.00424
0.004437
0.003193
0.003148
0.003328
0.004995
0.005914
0.002914
0.004059
0.005004
0.003812
0.006303
0.00359
0.005153
0.009496
0.006177
0.002959
0.003198
0.005511
0.010388
0.003212
0.003108
0.003396
0.006929
0.003703
0.003443
0.005494
0.003934
0.004087
0.004448
0.004835
0.003505
0.003088
0.002834
0.004961
0.010787
0.003949
0.005246
0.003064
0.003118
0.003224
0.00286
0.004691
0.003134
0.00454
0.003182
0.004571
0.003587
0.005144
0.003771
0.003444
0.00445
0.003833
0.004881
0.002996
0.003067
0.004556
0.004923
0.002961
0.004427
0.003263
0.008756
0.003678
0.003832
0.00456
0.005281
0.00401
0.003398
0.012285
0.008198
0.003214
0.005877
0.004487
0.002972
0.003303
0.004885
0.003858
0.007847
0.0032
0.006176
0.004679
