-0.00011510245758180727
-0.005857776104782811
-0.000344619523139649
-0.0011755658573079602
0.041650444895876645
-0.020497217526736087
0.013376242850335986
0.014976950748781838
0.021693978302719366
0.02655833413348244
0.028452288055899798
0.03350158233976669
0.03874964107791377
0.04088522587565991
0.045824190460113365
0.05243763379050328
0.05266463319266091
0.05895706267697956
0.06617788156040214
0.0708844421542029
0.07631401777923037
0.07873962167844303
0.08355267798036899
0.08940212735315868
0.0910385235703966
0.09541817738845357
0.10085582976821217
0.10772023627782623
0.10851662865443198
0.11391634232473438
0.11893113286663484
0.11882346515124817
0.12501008130438332
0.12983530675804728
0.13007932671643388
0.13547401546079074
0.1404719286074206
0.14453116827100473
0.15093176756053145
0.14984600539909407
0.156390035551772
0.15799827484926676
0.1618810222271287
0.16578322634325313
0.16971918002858585
0.17046166741467242
0.17471724873256067
0.18183609030432227
0.18651178818635988
0.18573619083673906
0.19144050461986628
0.19145203573079858
0.1963201019351102
0.20156597739987162
0.20176019433307818
0.2068048605748977
0.21130578246130402
0.21687863995398776
0.2168342111563731
0.22061298751480432
0.22571941269297774
0.231082841850713
0.22838919864611915
0.23510242029849024
0.24145109256445185
0.24710493538021464
0.24710493538021464
0.25378030741009405
0.2542797578500468
0.25784037920048997
0.2631019654344387
0.2696277001561866
0.2673464852934953
0.2740071392047922
0.2810158686563089
0.29029836564468803
0.2882662116927761
0.29635965559152744
0.3045740140993172
0.3013813084912907
0.31275775737185385
0.3194164308438696
0.31654293401831934
0.32643297437257224
0.33462665843087513
0.3328145435061211
0.3403131572591917
0.36299715078640793
0.36321569646589713
0.3722831905460051
0.3824303449636978
0.38028798620546744
0.39169704475545547
0.3879068450077799
0.3997703605850239
0.4105799679646075
0.42136936830139426
0.4348106146253428
0.43398739152710175
0.4431559459304379
0.4544665800654311
0.4603334164381722
0.46441286494035916
0.47558143892610066
0.4861784055178419
0.47877098989905204
0.5008411630974875
0.5113017953298912
0.509219474389419
0.5208123346231195
0.5379644724652816
0.5473853048292459
0.5489314287229616
0.5487146925487595
0.5389355556851214
0.5273498641750961
0.5322865587090175
0.5188980050016433
0.5081824912891372
0.5116121219545104
0.4988857252104227
0.4904417898756692
0.4890320379529301
0.48198272616444654
0.4680995868555632
0.4653961501096908
0.4680493564104289
0.4620751822279957
0.4501924629162712
0.45785515274863636
0.44764088417137976
0.4349307630774063
0.4276068360004319
0.434094111011571
0.4215906156999211
0.4261603929109655
0.4167652488235354
0.40981481551882787
0.40451337172537893
0.40503574174540724
0.4006177946334456
0.39626215817038446
0.3913360750184844
0.3953213675446211
0.38844196713205925
0.3823119829289825
0.387269824652814
0.3810848440820486
0.37425986495439395
0.37850063751769564
0.37330329624412933
0.3686480687670889
0.3700216487388806
0.36668731601392035
0.363175075400962
0.36164771268460577
0.3602134745716784
0.35871663386833175
0.35710802676238784
0.35798710218982216
0.3565338792498928
0.35861870445733535
0.3540153542355724
0.35612584108571166
0.35299349534563135
0.3507611297091304
0.35140573445217854
0.3503876927824698
0.3502306368825645
0.34843595664088123
0.35044137813701975
0.3519017606564755
0.35365348913507844
0.35228734475646317
0.3541337193824384
0.35620413592548505
0.3558438992815437
0.3561215938084067
0.36091863695656434
0.36411780513093567
0.3680073449768639
0.3676987747644177
0.3724973566791488
0.3720481292391579
0.3751317159806361
0.3790207195677771
0.37577743087787957
0.38248963954697096
0.38865790555365304
0.38529035622530144
0.39122774833404056
0.3994274929583693
0.3952179596557875
0.40352976667002916
0.4111022588267611
0.420697798471869
0.41330473054014066
0.4254615458016319
0.43520464905472145
0.4292661317244
0.4376318593520728
0.4496968292451869
0.463534691907135
0.4568629008955103
0.47006288442827276
0.4810555802236484
0.47566275316346995
0.48684210071280654
0.5002595928996006
0.501910181968235
0.5024528616853952
0.514376617233748
0.5289910298580223
0.5402857359359362
0.5357688673997035
0.5506277184114792
0.563949808054179
0.5602640251277193
0.5893146562105622
0.5921042044946032
0.6094655829920045
0.6106435502549886
0.6238215200795297
0.6141310474422856
0.6206102562233126
0.6131950569942759
0.6018378543689229
0.6011526282862074
0.5926885477710456
0.5939826632145406
0.5845720572183446
0.5728314278445938
0.5752917989479338
0.5661040572485005
0.5545618370055554
0.5620048779234742
0.5508752281407018
0.5374593979772206
0.5500200554589968
0.5347356273031474
0.5174636602939036
0.5221069038258147
0.5092962821574497
0.5173170660678349
0.5052494238283547
0.4963060592779244
0.4889691118572411
0.49223247371340423
0.48559807587530107
0.4788022507187026
0.4830671679528052
0.47611192433408006
0.4665044597523089
0.4740436761715293
0.4664568711479139
0.45397277325002927
0.460313076471391
0.4506833976357046
0.44199330461880504
0.4346364782198122
0.4379419931480339
0.42922585479482595
0.42726454804160086
0.42440767470063984
0.4209525232747319
0.4164617294689521
0.41680168072045626
0.4140873498745921
0.40883944798909233
0.4044930720465838
0.4062011076415366
0.40185900420905724
0.40396427938540985
0.3993005796280762
0.39626362288912353
0.3953511329378016
0.39405039678324427
0.3923059357891374
0.3920683441627365
0.3893681590253923
0.38909696917065145
0.38755317300178377
0.3885727831707387
0.38901187236111046
0.3884736319920453
0.389166302574923
0.3883593283970559
0.39035866335705083
0.3915878878507518
0.39005402101220205
0.39461618971863277
0.39453645697893097
0.39691684413323697
0.39499633510780424
0.3985324890073598
0.40209150536938737
0.39931690810539844
0.4098463169880239
0.40488488995273714
0.4095186575294175
0.4157252704445582
0.40935459292612947
0.4173464758103802
0.42579834323986
0.4321065687658594
0.4270581063538529
0.436559307201121
0.4353886648671397
0.4470184699422245
0.43839317658268057
0.45301138138965324
0.46465673469730195
0.4573192397091842
0.46896152590829754
0.4810680801577291
0.47442085060424805
0.48762441005102514
0.4949024968458359
0.5031615152208342
0.5199762762612741
0.5127815339275527
0.5048350482262142
0.5300064321633476
0.504346557573411
0.5361411750113517
0.5534840152508778
0.5655195321063845
0.5819546702665481
0.5969411885872006
0.5990869516930258
0.605784220058521
0.6139237912859983
0.6221886469951604
0.6339920883546095
0.6256848669838699
0.6449654671760132
0.6263111389137402
0.6265963593968797
0.6225259042707577
0.6130626966057385
0.617670405464499
0.6090363638423503
0.5950664948591279
0.603041948200875
0.5914090241349909
0.5789494220869049
0.5679705825872694
0.5714135724138169
0.558548544793731
0.5517204144908386
0.5537371410779839
0.5451223427278956
0.5392949715204542
0.5421571183197308
0.5362721123058095
0.5276086435504651
0.5192594586097061
0.5284717782281791
0.5155454588192437
0.5277628499189628
0.5181699803512223
0.5062792666877446
0.49843574956161757
0.5056598235766853
0.49803331252156685
0.490970548119536
0.4847715244356262
0.4857315134746647
0.4800569028122785
0.475206075590657
0.4702217121979372
0.4702615933018859
0.4664223432163438
0.46095220563418654
0.46555445163525494
0.4593347414244881
0.45132871180393297
0.4449472708134886
0.4470193773716121
0.44163398318448027
0.43695561345759965
0.4355482975674975
0.4349475836325477
0.43293786477835794
0.43096366150974535
0.43039160130942283
0.4258500058856047
0.42516272219076995
0.4241449114164325
0.42209698283558655
0.42179909772627433
0.420623071773008
0.42001630297707465
0.42119097550388773
0.418237409291514
0.41884977710258703
0.41928625699956695
0.421821277835501
0.42324301514616575
0.4224311551124454
0.4245694084821494
0.42744838630411836
0.42967719010332833
0.42870694645878504
0.4322453669122907
0.43373765414114734
0.4315181993127296
0.44078208171996497
0.4460728779321605
0.4423617105113851
0.44773331163761093
0.4543244865264387
0.4500945482812824
0.4570571038998441
0.4739617082405652
0.4673827097834925
0.47802701004767123
0.48574815462482585
0.4809660549013574
0.489772787870646
0.502385556475832
0.5129194882465656
0.5075106655058552
0.4453497275608925
0.5025324185540762
0.49210941140011744
0.4981641433952489
0.5224834616750648
0.5190077949492871
0.5258245114130226
0.5444987147211104
0.5413201526085369
0.5548440067172875
0.5691648230252673
0.588927339529443
0.5874541087811852
0.6011017391925533
0.6167409709850505
0.6152002472633453
0.6312381981945129
0.630003153898992
0.6469885616330175
0.6641339376210453
0.6798322797504865
0.6819600674678915
0.6798638756933285
0.6831216587949968
0.6695610147659388
0.6576442652914791
0.6469526511750491
0.6491247120518832
0.6396075652312029
0.6286960802898336
0.6179428186733421
0.6327945136058883
0.6152481321267648
0.6013416415705503
0.6096427292917342
0.6007376005698
0.5878760962595379
0.5994372645716588
0.581367864004376
0.5734791586043223
0.5761177479931181
0.5624180447328389
0.5537020670144542
0.5595528493715909
0.5509277332516276
0.5445463325929392
0.5484767240841031
0.5412478373192955
0.5342136974675072
0.5280011959129339
0.5377460639857456
0.5279050094703304
0.5192149756660596
0.5313714235190022
0.5194406687061423
0.512235917567852
0.5070345887841105
0.5125725748108549
0.5081247370110437
0.5034597214078957
0.5084471576590196
0.5039749177294074
0.4996551605148436
0.49285937275342057
0.4898274888240092
0.49080837964648405
0.48836798401976217
0.49003318290420017
0.4880659386077256
0.4868343909220612
0.47981931211935114
0.4826664111390603
0.483241598375368
0.48185119083353734
0.4823471896018504
0.4811111808650142
0.4843335576793232
0.4844841811833933
0.4867096864221729
0.4868181694898932
0.490435340766997
0.48978348980991143
0.48808184683746353
0.4908195163847767
0.4967483070818376
0.49613966598267406
0.49746414479220474
0.5039794775808624
0.5093871171445684
0.5147257972922872
0.5144486565029527
0.5189073226062475
0.5201218626648284
0.5224007776063858
0.5299933168129419
0.5235597941946233
0.5347757621878282
0.550822459250109
0.5514144951780966
0.5460807847795839
0.5575423465953037
0.567324656477477
0.5578220515217326
0.5734128099749801
0.5836726504842503
0.5791396030748946
0.5889981713306841
0.6036422447628087
0.5982822657477549
0.6153796290581576
0.6286544070376275
0.6405966490686972
0.6257728709351019
0.5774008798245465
0.6316494405036538
0.5739398105635887
0.633433415287227
0.6784622856887672
0.6865886074102503
0.7560775684684962
0.7408624712381563
0.7224454861730466
0.7557287413565436
0.7578973385878363
0.7600714429745185
0.7191827827019776
0.7872037938675274
0.821595756036596
0.7993217850788656
0.8252811735933171
0.8499441183806017
0.8391374191595701
0.8799003074990773
0.8517872008980956
0.8159308559040286
0.8210162149361692
0.8148637552883187
0.8184022329409529
0.8027041625426851
0.8156900700326971
0.7980058538743664
0.7774418753370883
0.7995524217149264
0.7801183703501116
0.75751234591564
0.7497960085954534
0.7511023154003423
0.7471376410199748
0.7532204950622237
0.7368668268778957
0.7435270514143374
0.7458748607745824
0.7424259256302325
0.7388819053880803
0.7456205454316569
0.7401451925935655
0.7473852718949208
0.7380472089117167
0.7347564345691847
0.7479616792542199
0.7480793669400946
0.7413160010990131
0.7520314679666874
0.7499074992362211
0.7507638432715535
0.7651873266949845
0.7593597259402045
0.7614838460231421
0.771478243271828
0.7742199388292026
0.7701418810084381
0.779616096472338
0.790206901742043
0.7904975094871848
0.79233010550746
0.7962215785977432
0.8026944509505874
0.8050681162943892
0.8091317906945138
0.8112368523744429
0.8126988546877548
0.8117132911301174
0.8100164965104244
0.8182646283107213
0.810547861807594
0.8165167232757627
0.8215077748157023
0.8300964401577068
0.8249622309398736
0.8309444219150366
0.8419064123567149
0.8367173367574519
0.8480349235873617
0.8588577552389838
0.8706067931056399
0.8840571316473219
0.8743822732295208
0.8885182506226498
0.9105963418555658
0.9286009107607004
0.9301459854551369
0.9434241374081891
0.9545322153509889
0.9561104809058479
0.9706434814211995
0.9723382347603948
0.9774154091675412
0.9592835147457542
0.9704293686462289
0.9669736679163281
0.8403745521472111
0.8778916784254357
0.8190327166990119
0.7882165909146104
0.8243785778395707
0.7837548312883038
0.7460358416858374
0.787429045513078
0.76019463213325
0.7393935791097707
0.7761818070492721
0.7464606509834139
0.7554182576522293
0.7907511548598404
0.7570169142459582
0.7526079013626051
14.26305677430313
-5.131824057105957
0.3286035820615382
-3.174047788975369
0.001613500785540236
-0.00011237334322966324
-0.05200702805577543
-0.0610437031891845
-0.03109630371139144
-0.034867995304312914
-0.03441285644499948
-0.02372520970232534
-0.017322298043710604
-0.0172721527810923
-0.01705815764277859
-0.015339719892693802
-0.013498004325231714
-0.011215885132699265
-0.007324166807184574
-0.00697644029947388
0.0009293519678091746
0.0033832023486538745
0.0035930658050049836
0.011991694310213775
0.019190289420048905
0.018871381493250718
0.02666220095505623
0.03195191024115521
0.03961041991608197
0.042223274008689776
0.047042986889515824
0.053858476677443735
0.05161722304899179
0.05852884805173469
0.06706073375869825
0.07677238006230434
0.07235229625124877
0.08606083014527907
0.09547335098866705
0.0997635935013881
0.10288654002394529
0.10586593760986032
0.11048445742873353
0.11328598754796906
0.11698144110713281
0.1224601355302089
0.12324800508928561
0.12828883510920788
0.12837258904882343
0.1330197744062794
0.13851249065565455
0.14552342960477574
0.14333548538049648
0.15669875980918255
0.1564771679342244
0.16313278262184563
0.16692227976310745
0.16744126860971947
0.17233630962160248
0.17689855891161002
0.17804836526763765
0.18199619859588295
0.18658830134264712
0.19281818405839693
0.19736441236921792
0.19538304119050487
0.2013379975193032
0.20778811926733284
0.20454644814426037
0.21143167085600853
0.21898671134037453
0.21779755718763621
0.2244248980919583
0.23039904836443847
0.23033236872280693
0.23566506616152108
0.24135439130638772
0.23944220804174837
0.24712575754577465
0.2524609972304777
0.2592063786236128
0.2544336536820145
0.2653860365254252
0.27343385726060676
0.2733511049996195
0.27851697214370674
0.28638052803174946
0.28334510863111656
0.2901539360326569
0.3003245602534174
0.3066973876851465
0.3025492601731024
0.31159148426312483
0.3229638919932352
0.3206286339037855
0.3295730680632348
0.33943731244831266
0.3497816933729557
0.34841339075536065
0.35576544723379494
0.3689298698413266
0.3650796095172144
0.3797188401656243
0.39003901774563643
0.3870620485183575
0.3987175868030961
0.4099054922074731
0.41075819545848063
0.42273065275962385
0.4400626549885176
0.4400626549885176
0.4600499396244915
0.4641766123396781
0.4783706373846483
0.48219484146890274
0.48444028023780356
0.4874186919280942
0.49627459187107203
0.4763517127774794
0.4670603182573516
0.47038615636887265
0.45983417913567337
0.447571384756827
0.45523812117118057
0.44094980870908007
0.4299550231690623
0.4218823965093669
0.42444393043757084
0.41249930283692426
0.4156310545867654
0.40645756007379413
0.40080541529894553
0.400512050045452
0.3966215006834762
0.39183597941266285
0.3961004506912836
0.3930431171395234
0.3835107275271868
0.3921196148653971
0.385294730515364
0.37730006079878387
0.3831916938891154
0.3763584855736316
0.3721155762755454
0.3773071257049616
0.370917066382686
0.36514050583326857
0.3686632518193545
0.3645267627581153
0.35997242146363106
0.3610200418249246
0.358273159097985
0.35530427927405855
0.35334411714831687
0.3540561990217885
0.35138248048878323
0.3486753162748255
0.3519159311234772
0.3492929540269471
0.3452276136958283
0.3473149815411776
0.3452619599599539
0.3466065936164096
0.33646551811549197
0.3371865645574194
0.3425165467988805
0.3385469888385962
0.33859207453037427
0.3375642085986719
0.3380824517876651
0.3381740620196249
0.3391384079940814
0.341113213009773
0.3405234071833013
0.3401074842998312
0.3415820854733066
0.3416853915471976
0.3435153820524107
0.3434847457663567
0.34411533913329156
0.3481017924590027
0.347754276485923
0.34919137012155677
0.3519396951584671
0.3493280348158532
0.3533508925623224
0.3592174088664389
0.3589622198689417
0.3666668372755643
0.3676762337645022
0.37149282201039285
0.37084269966269473
0.3725046309203493
0.3806447981178366
0.3782355894593047
0.385126476485746
0.39083814784218596
0.40174489258392876
0.4016178137028628
0.40822534610738315
0.41383273007703075
0.4082627941701509
0.4190761465084867
0.4283292415887298
0.4181171129893003
0.43327005188362905
0.4462024276327996
0.4553224720424631
0.44698332989383555
0.4609097269687185
0.47211749236014267
0.46975005087916855
0.47787271853427177
0.491417058997557
0.4864571424039804
0.49682588197161975
0.5126382437785483
0.5270889892173212
0.5218348347498912
0.5334673999754922
0.5490162910944674
0.5439691988742632
0.5600558121453811
0.5721219954157045
0.5706170111549967
0.5901416375312072
0.6064963409906884
0.6034436708426364
0.6180686858399719
0.634709767837206
0.6313917072001658
0.639886700989456
0.6279805671263267
0.6240193480876778
0.6133419795994943
0.6028114451540567
0.6090363380216212
0.5958748579039284
0.6066419584215648
0.5913623901719001
0.5759973239107437
0.5881921443418783
0.5538377765411635
0.5630711827669602
0.5475135780187729
0.5395126725916229
0.5329975177762709
0.5348153687897156
0.52859547677371
0.5221179606860882
0.5295763423261166
0.5227334732714499
0.5155944762612514
0.5048917995025449
0.516342074905535
0.5046185582448599
0.49478518724544335
0.5064324938320315
0.49361476794614
0.4852750720314811
0.4776655519886645
0.4810362264770493
0.47565531318766957
0.47095536506072533
0.4726906227017006
0.46946085482484623
0.46355743545564115
0.4674592690719003
0.46162171528909834
0.4544251149434975
0.457935008669761
0.44718020677616976
0.4531889424248928
0.4476729474684195
0.4405529382591491
0.44218997840709323
0.4387336257622756
0.434403114903924
0.43618927658941703
0.43174219879323816
0.4283611409546763
0.4290862634376186
0.4264815930378409
0.42411050951857115
0.42369881964757605
0.4224237558993587
0.4209828659954474
0.42101035729946074
0.41927080144254647
0.41767034934368824
0.4162331198708233
0.41595203339623016
0.4158646312998215
0.4169547230070368
0.41522214205594654
0.4165810805552505
0.41434699865121893
0.42796551059363463
0.4229388957044386
0.4184716961387054
0.42345209358663527
0.4271797497392252
0.4271587419870592
0.428055750823273
0.43082488087192256
0.4277181379568835
0.4341746859056994
0.4397628015653628
0.4312121202183875
0.44167133277814125
0.4480616174651601
0.44156885940660856
0.44898427927710693
0.45760933248187957
0.467115355651896
0.4599386735149331
0.47310904888440397
0.4805107916177625
0.4743290965664068
0.4853637317784462
0.49824117737710133
0.4901419723727565
0.5056275437895792
0.511073595112461
0.495851398971622
0.5054217581213277
0.5090470857355429
0.5208546250864098
0.5169899506960187
0.5295260100138814
0.5509661538215725
0.5592380794154536
0.5785005354001623
0.5794088097192396
0.593044330912183
0.6094836853767073
0.6070519280079572
0.6221795148068344
0.639505108733086
0.6575544368488182
0.6440433865334885
0.6801191492689707
0.6960079796888462
0.6919010694338882
0.7225718478701992
0.6987942381455186
0.7137493047205535
0.6841761092706418
0.669102901280345
0.6574639093986093
0.651658805012254
0.6408972539925066
0.6441402121108144
0.6422575502674158
0.6432665952520178
0.6405318080251358
0.6292174695611478
0.6462996300478397
0.6322971082217472
0.6121692225750525
0.629028478498415
0.6135505919335198
0.5998941105578208
0.6163556231439773
0.6024229872492016
0.5932965077951412
0.6009951522703854
0.5921812694215538
0.5850918496396895
0.5915669073980303
0.5968398229878099
0.5929732830459351
0.5890384435358652
0.5952880340324518
0.5909902971691458
0.5840242809489372
0.5918985395667825
0.5865461302599212
0.5820311228146728
0.5911713356136153
0.5847417436909531
0.5826369989372407
0.5807402413011125
0.5829608332393568
0.5831280652494676
0.5859359238791073
0.5813578832522204
0.5836106502471544
0.5809300127198497
0.5812168790369228
0.5826961750446429
0.5827828553991475
0.5828112791872891
0.5830467551170115
0.5846905529010337
0.5868745837571854
0.586292937364572
0.5887048484889904
0.5928895678917044
0.5930330873524379
0.5963170068232703
0.6001121762718782
0.5951056793254723
0.6042730876053118
0.60901386399916
0.6167167541078022
0.6085023699730926
0.622578924819428
0.6312660757248
0.6237499552226956
0.6318973694196156
0.6249738184709192
0.6521946488438638
0.6476627903416157
0.6474015036509146
0.6732863619816829
0.6769889587026086
0.6980225292147334
0.6672691006374076
0.6820113148437312
0.7049123508998463
0.725248601478632
0.7070524169402376
0.7391045497816293
0.7489145669766077
0.7643261868822762
0.767419237071353
0.7873044275840198
0.7771725970552609
0.8003868347663626
0.8108121326193399
0.7945423059409183
0.8095424088530684
0.5896480815233085
0.692617033939318
0.7111227355720644
0.6495130273375399
0.7121511135867775
0.7211039537102393
0.5818563655497632
0.5748770943163766
0.5957580861140872
0.5957468239059752
0.8473251270197472
0.6671472715800668
0.4518910462187268
0.7364125947574236
0.5090410042845471
0.62245796367462
0.7361957824825709
0.5401675943793673
0.7107503900720196
-56.92297984223677
-13.623063821263523
-0.00011491591778822127
-9.752519954012317e-05
-5.593690598104502e-05
0.0042017713248510115
0.003216789339117931
0.037387615485998976
0.00024870302893082244
0.020728604977444616
0.02602694390613612
0.02852999457891234
0.035569020710878
0.040118501368635644
0.043098246956119746
0.04952789397787019
0.056170609150805156
0.05886685225804696
0.06137703032391319
0.0677913103468876
0.0646241845498229
0.07088734761453838
0.0815121089161813
0.07535443495844822
0.08320602272895297
0.10118958651021544
0.10453802897335122
0.10909851854802415
0.11078531832934009
0.11805600554753361
0.11933589408840098
0.12333379261241953
0.128902760538742
0.13074765655939632
0.13388960619020324
0.13846781846188255
0.13716484596141468
0.14223058043075723
0.14883179189003834
0.14383439660039865
0.15138116685697603
0.15825183948347446
0.1568279901359695
0.1660272596465354
0.16885215839505757
0.171519830579674
0.17506439667548035
0.17673217851456027
0.17932277084129397
0.18143407461709363
0.18830439140395633
0.18766112475785465
0.19258233506764658
0.19747474211835758
0.1970870442199891
0.20196826196645995
0.20736860125714585
0.20775600526763535
0.21254770210218585
0.21824759842482921
0.22282323686049235
0.22310669069374695
0.22682397980121968
0.23230671429826555
0.23081009353631374
0.2370437233246948
0.24290418543482542
0.2419225758661187
0.24807581943158846
0.24737950339956208
0.25371185139329805
0.2593129552628467
0.25862738302948113
0.2642747992031106
0.26996351668831853
0.2679495700071135
0.2748907364637882
0.2816122724581126
0.28938589992462227
0.29646835769164714
0.2992433079376776
0.2946522575340363
0.30348843670269193
0.31370384431758097
0.32200492391009244
0.3188152209458667
0.32794548460238837
0.33663948953368744
0.34360152780701747
0.353150788087412
0.34765842919092643
0.3591455405018664
0.3705556953297987
0.38235554682829803
0.3823993857907902
0.3607158680677484
0.3929354425903175
0.39586705227150787
0.4111645850284704
0.41463849735753766
0.42586063861325335
0.44085173391298077
0.444167345754468
0.4439643482215047
0.4604012519010282
0.4596097449559005
0.4633090788233557
0.47230707899585117
0.46995254154486743
0.48330613262162603
0.4941650570701072
0.4866684489925833
0.5083672526342432
0.5163494619972174
0.5173507614860648
0.5116516527033194
0.5038661895170662
0.49614348332584873
0.48787282247909863
0.4838761382418123
0.48107737508210047
0.46724326328033117
0.474732486189705
0.46126797951367976
0.4475049896678124
0.44037487199073766
0.43087727132952774
0.43587301013680846
0.42321566364217145
0.42462500086460875
0.4159331738955457
0.4099809665030941
0.40496186206515883
0.4040750631086934
0.4002699317057795
0.4022802844105481
0.39075885587007997
0.38270476188479313
0.3751826159038858
0.383068927110046
0.3754094803787429
0.36806959218730895
0.37203253664429436
0.3664273410836792
0.36781480518948084
0.3618885245692096
0.3580146538264741
0.35492506113452127
0.35601862301996423
0.3531589673080476
0.35667718910838203
0.3526183873572697
0.35113871583100353
0.34541857715739627
0.35027225919617816
0.34411350370036115
0.34075600299068753
0.3416177540477541
0.3384460811491793
0.3372195723759786
0.33602020743339067
0.33604865695085684
0.3342590373435346
0.33355484236352007
0.3341506460147747
0.33307712504086145
0.3322570972078343
0.3326026590425161
0.33289108929407796
0.3330306490174135
0.3332776834890896
0.33422733761893547
0.33404753850415925
0.33392489922920726
0.33471730534301214
0.33628161176700483
0.3347873941157842
0.3370107265704277
0.33935629539212137
0.3430357729859931
0.34181808520986756
0.3435951896656309
0.34678273810180776
0.34381097486117584
0.3488359073501652
0.35326847962567776
0.3504849564632277
0.3535509518495922
0.36049331203259144
0.35733757358352036
0.3634090295119292
0.3699018337043013
0.3659372809339661
0.3722886999751534
0.38009080935031686
0.387537260206577
0.3833335168727646
0.3881583005696889
0.387481500508825
0.40796242780822767
0.42686909768225895
0.427878780184571
0.41966876492894134
0.414233247960428
0.4246515228303118
0.43761411778035425
0.4477646379524774
0.42808712366358515
0.42135114887194086
0.43713958493305005
0.45397186656992444
0.46794701493524954
0.46634603210809755
0.477388607548255
0.4888410208466985
0.49326448254753574
0.5040881105520976
0.5170553022208844
0.5292431154172309
0.5418701118058862
0.5412164926148574
0.5550091448434059
0.568736320101418
0.5674386655506164
0.5799910307103366
0.5925501723141486
0.5972542675701225
0.5878046808717093
0.5908196933806668
0.5817116449752127
0.5691751805155384
0.5587848236885746
0.565817292160185
0.5522827281336568
0.540064374166716
0.5507240202778826
0.536211700803489
0.5232496782485685
0.5308531106088005
0.5205759422997128
0.5087155972557093
0.49789141047501023
0.5037083953955267
0.49455738693091944
0.49061283872601297
0.4771516185534261
0.4835037922040036
0.47435942400440223
0.4633336211827681
0.47143358789902967
0.4606530929522587
0.45220981207629735
0.44204236563364285
0.4510248560021958
0.4339734950470173
0.4393561313723567
0.42965348626480426
0.422429941261614
0.42557038441247225
0.41777358739759785
0.4128248941760554
0.41485381195511434
0.4095464797665337
0.4018878039705892
0.40498888710280645
0.4006694803893088
0.3940225870605431
0.39902235278735493
0.3933662345290379
0.38775667391446506
0.390893079436388
0.3857447535592588
0.3821610735611306
0.37776846671430725
0.3800007145476156
0.3805693361006862
0.37826897999045883
0.37598746421606516
0.37740308792484417
0.37571905957202134
0.3752241556560766
0.3748880433455377
0.37348230951513056
0.37385282585091845
0.37346202877399287
0.3722749942154072
0.3728935904748963
0.3751784209501296
0.3789334867315363
0.37620682650542026
0.38321513756032627
0.3837468277345808
0.38462158303708127
0.3835378980816964
0.3861413185658888
0.3883348946520092
0.39464310338975
0.38858361397393776
0.39436774294461335
0.40576301681898047
0.411290735023068
0.4035037095806025
0.42328038111958755
0.4204101973885133
0.4273231797268072
0.43259141713261595
0.4307372091802406
0.4366222680581234
0.4452519814549012
0.4368748742284154
0.4692204912878861
0.41482925454886266
0.4794071041944141
0.4897869760433172
0.48636121620732714
0.4975233361839959
0.506019207275604
0.5069076620613217
0.5144211001568139
0.5241083742120797
0.5377397588108924
0.5284986821608488
0.5053444161693723
0.5355239844309398
0.5486251449858137
0.5585108107355369
0.5631531280256253
0.5686773468504583
0.5941978441905705
0.5982122263370907
0.6228482256268869
0.6119260832140704
0.6139400651039145
0.6254604489788679
0.6122112116321423
0.635131163177349
0.6560447926611636
0.6366644234516227
0.6608491014217264
0.6581391462798931
0.6504140819083513
0.6555629604749309
0.6431267996195404
0.6298735893738193
0.6405736600091131
0.6220595754563922
0.6088437956571746
0.6154805641431839
0.599289698150584
0.6074228632434835
0.5946796495986592
0.5862539916428301
0.590320730635341
0.5825244251870082
0.5742104525214683
0.5676223314257699
0.5759875720273784
0.5615423851860752
0.5703510010205727
0.5588330913720503
0.5505820854061302
0.5422615451050232
0.5499729221503361
0.5407993522051024
0.5337623660751231
0.5405171881446241
0.5338986778135022
0.5280841355392208
0.5231025335801334
0.5277514720117381
0.5207313491075
0.5159399050494978
0.519614991939423
0.514511754732753
0.5079501410684745
0.5056979197876958
0.5082895350736188
0.5021877511055425
0.5083446204307509
0.5000132049101792
0.49443063874747323
0.4902877773974545
0.48686143491458556
0.48475141169896957
0.4831054515007814
0.48191071014533404
0.478123010075011
0.47869442507330495
0.47621134925635783
0.47446865261897647
0.4722822875632311
0.4726197272021939
0.4714396625984414
0.4713696401469142
0.47057446331395425
0.4703561314519461
0.47018439645171384
0.4702107205847968
0.46992227490777033
0.471021600476514
0.46967780934708786
0.47142263718854455
0.4736647821139513
0.475207984031486
0.47754644051953987
0.4756411337407394
0.47745896871528376
0.483458733938921
0.4820632203703999
0.48584934682880204
0.4844444672172888
0.4859539501522864
0.4904978165018726
0.4959197368136767
0.5032616773694037
0.49827526998477323
0.5064236582942985
0.5146057997415773
0.5077977020871851
0.5169096468172901
0.5197122583674388
0.5132525418865768
0.527740907255169
0.5413344706987514
0.5340418956090852
0.5440563663415866
0.505358233727406
0.5406268349373707
0.5123103324118516
0.5173942952159125
0.51041355900813
0.5375126332304297
0.568187649233015
0.5546009567312525
0.565466873023521
0.5746949052926543
0.5721059384201004
0.586977848313261
0.5991891842956384
0.5966914705812084
0.610671423067288
0.622858626620177
0.641888052801641
0.6598533812585408
0.658553513861163
0.6757522297593163
0.6950185393101922
0.7129136720850671
0.7105344051446058
0.7342532275577173
0.7193166522619041
0.734498161696101
0.7138065972955879
0.6958087281564846
0.6878231540185145
0.6876725244336281
0.6776515309795743
0.6714145169368463
0.6643415182680682
0.667656114699134
0.6560308518720996
0.6614260020962582
0.6488213116585828
0.6585104843052483
0.6480356951183509
0.6337412364209879
0.6527140764116415
0.6353198343905114
0.6164534335611579
0.6275138639942334
0.612036901701969
0.6231723883936539
0.6034208227201894
0.6015005246262156
0.5957693644866388
0.5965432774317553
0.5944416041303114
0.5917697932496058
0.5981222793903994
0.5768682869800008
0.584082440965268
0.5971513177291655
0.5837641266187856
0.5686788459728447
0.565882378204526
0.5695702797879125
0.5647084690934953
0.5627757743700509
0.5566718731235605
0.5611940750180704
0.5575586827018907
0.5556897330829973
0.5591737742254415
0.5559816004729073
0.5543766945355723
0.5566968828899573
0.555528682306736
0.5581102350905706
0.5568774295565416
0.5560409283609749
0.5577934732104127
0.55766148414258
0.5589814100447982
0.5613835947729945
0.5613764180090932
0.5630773812200341
0.5649743982799393
0.5648541539903502
0.5702704061685344
0.5743494693980948
0.5772002007848133
0.5753628949015516
0.5827254888059344
0.5879999478887853
0.5925123684113544
0.6002578191334834
0.604365336585641
0.6052812073151461
0.6047105162800714
0.6140779524231703
0.6211105481910068
0.6253949991073341
0.6252842287827045
0.6369046130927652
0.6451343435619827
0.6421560327733422
0.6497584291297702
0.6621262059424471
0.6753232681641494
0.6636234614817348
0.6850191455521142
0.6975562607159791
0.6989110282021197
0.7086146391663709
0.7209780306383468
0.7389649712976826
0.7515847407471508
0.7291615015918514
0.5356275707938428
0.7235434188619894
0.6898913817349179
0.7504165334496911
0.7984734915637941
0.792988897825112
0.8427533935554117
0.8490681489758309
0.8917232220299623
0.8949663958247097
0.9337278019724621
0.9214223133840784
0.9471529244710796
0.9257815297979302
0.9710901876520819
1.0115941922321234
1.0083438771524968
1.0573902496815424
1.0749635338115806
1.0994808209937792
1.0458223482733482
1.0953586843484047
0.9276982255462077
1.3157305361410967
0.9427422421678584
1.1942171309393164
0.8181661096003514
1.0495895614246118
1.165719836244873
0.8246919019971617
1.1937858928696379
0.8675307685918284
0.6659165429951964
0.7377320772445378
0.5484710837489054
0.38568002623577163
-0.23691748315976344
-0.23691748315976344
1.4284800163050766
0.2644997137963046
