-0.00011308859201164407
-0.006659494622600608
-0.0006546380824366706
-0.012666378062297671
0.022614755711733218
-0.021349908335724137
0.010491081196496
0.013373317706666612
0.014776794296795166
0.01709031318550131
0.019505545504330896
0.023207739024441627
0.024033713737903358
0.028710147649027774
0.03332211518880684
0.03437057608783907
0.03887291153181347
0.0429293502325856
0.04576570214019599
0.04959762611612576
0.05183833778420992
0.055274994064276245
0.0588751168226573
0.061251016335985745
0.06562292517215229
0.06944684436095591
0.07410170933241443
0.07327411808129863
0.07806888299617872
0.08309057339674192
0.08210274660271877
0.08770879022842694
0.09246930475011952
0.09310305679440777
0.09746900030513622
0.1015018379415449
0.10455575852377323
0.10615454115697119
0.10812130817793628
0.11040864453762975
0.1137218956670174
0.11677405306815133
0.11794322900471671
0.12082024501244817
0.12468517032774218
0.12928051014919642
0.13359360398558823
0.1330456076453656
0.1380203140090195
0.14267186239168914
0.14214496879983396
0.14711848428806282
0.15118837751269298
0.15181555841949104
0.15580472556158556
0.16001472503050734
0.1606009188789975
0.16461902257551167
0.16871523581379108
0.17332937260437808
0.17235168409469795
0.17721905685513714
0.18242406285515556
0.18108762196616174
0.18595978277043565
0.19138772191984824
0.19705566718955259
0.19509994486010723
0.2041280208552663
0.20399454464636013
0.20747807012474156
0.21315706838656903
0.21925139400892377
0.21775258187010121
0.22427823715358816
0.23009446499268535
0.2284375680284562
0.23407008822993883
0.24061083108504752
0.24797594660234498
0.24407000590772457
0.25214090393579713
0.2624469186101148
0.26295483350975174
0.2689556034854629
0.2651921398116737
0.2755816068448323
0.28381754422803446
0.2811626381077528
0.29004822466822183
0.3000098251743661
0.2991045944127641
0.30503867347257047
0.3156163893104445
0.32544102544243037
0.32129281851538816
0.3310239449096601
0.3389045803499306
0.3346888359591779
0.36395773175513707
0.3703216850647778
0.3639076654844884
0.3811806174067802
0.39255887038091547
0.3932058695138961
0.40324790221019285
0.41551704382416393
0.4249406833301709
0.42416112520107335
0.43559419660646803
0.4436984316620473
0.4489015256587711
0.4499844644576997
0.4446502375370697
0.43552663407751097
0.4394546893201246
0.42744619626907476
0.41516517264441477
0.42270091834570195
0.4092053626615932
0.39811484307923833
0.4016183850092668
0.39140700356355207
0.3832641092762481
0.377322258089398
0.37706136230980136
0.37152385697229384
0.3655841422830282
0.3671695438627654
0.361109450580249
0.35533526349333294
0.34951208612168216
0.3541873335811657
0.34817755490026514
0.34085280888110925
0.3462424721645775
0.33966167283539184
0.3332059605781818
0.32992810350176816
0.3321607096510057
0.32742455870494336
0.3242636104881296
0.32536178042669106
0.31962296602569096
0.3254279670740954
0.31625788855552883
0.31377613295039986
0.31505062788715965
0.31265464857535075
0.31078421622252067
0.309186987161156
0.31050360240305475
0.30805032966790613
0.3069579863934978
0.30705076588265073
0.3062065993456088
0.3057740217785038
0.30538996688111814
0.306764428687094
0.3058471006221539
0.3076853504758247
0.30661622950591544
0.30547357912178236
0.3063453111682371
0.3065305151748303
0.30701517146135043
0.3075252379318458
0.3078348539325212
0.30911078028766514
0.31106077933661724
0.3105961222452501
0.3120917494686661
0.31497070811838623
0.3181597809504014
0.3159931259440232
0.32111863791230516
0.32376877398190873
0.32377906328393513
0.32735448546371543
0.33116956302676154
0.330349949957713
0.3346812805965954
0.3391759158912433
0.34448669632795165
0.3423122473699621
0.34802241666032874
0.3542453349908593
0.35141554852886975
0.3562659499244333
0.3662804202679056
0.36363600000495777
0.3723938655136219
0.36656564613563486
0.3756471779073855
0.38453144393918864
0.39350857922801663
0.38756013705509157
0.39764191791174797
0.40896307186947156
0.401570745791134
0.41445146823037493
0.4260119199325176
0.4185041298233297
0.43027029698628555
0.4390147967882849
0.4566624119397175
0.44882329558591794
0.46313592634685113
0.46920299023042467
0.46361558526303004
0.47825185562595257
0.49367990651515264
0.5049213705857315
0.5045942537389693
0.5161564638320827
0.5160103355392551
0.5278550190393414
0.5396532752293417
0.5566522733979351
0.5573734661264317
0.566819417793761
0.5767378240709239
0.5867351244629031
0.570014015312307
0.5578041994637409
0.5470519172308507
0.5477761812378243
0.5388417596448851
0.5283392190678681
0.5315116669063403
0.5212481123706633
0.5105031460922296
0.5010641497544491
0.49222757332898875
0.4976782399289421
0.4866292095566914
0.475487539252114
0.4813064051630892
0.4707096499770335
0.46065699141001315
0.46922182174612415
0.4560228044481311
0.4481681488489837
0.4536850163886254
0.44451480051194403
0.4352928865167631
0.42961081691862546
0.4200498553476777
0.4168892897134933
0.4095386486461842
0.4124213330140431
0.40396772579957735
0.39764881840115746
0.3989785228018001
0.39333146043081313
0.3887612534670583
0.38969294140802907
0.3854682443157391
0.38120693404031064
0.38562709809963913
0.3807672172975884
0.37527004555886895
0.3737089942278076
0.3712345533943702
0.3657345676387778
0.36728888616862376
0.3626918892784843
0.3613054277435186
0.3594031991970171
0.3580664240145784
0.35853639996951864
0.3594911277357996
0.3593772057090283
0.3591551048581128
0.35935147442733895
0.3617262311826678
0.36116858129682045
0.3597270645642249
0.36087093817121535
0.361482137518311
0.362136777531098
0.3615028930318022
0.3633019279040291
0.36603548157286775
0.36781466884884606
0.3648739032688617
0.36638510446642814
0.3730535506748898
0.3704660245610805
0.3740814131481985
0.3809293049728203
0.380207804082425
0.384359294345736
0.3880764976134759
0.3946647877294878
0.40051033636492517
0.3977091426772402
0.40472974975825593
0.4106856753711541
0.40639547248348057
0.4143363045997234
0.4238044405424828
0.4148109439327423
0.42582153914565085
0.43648556899070573
0.4274391064791054
0.439326414750611
0.45305822258147593
0.4458375349043955
0.46187999725580486
0.46130441759521734
0.46863127508436725
0.48135038806598723
0.4723862355162028
0.4840600470995928
0.4968332900553956
0.507037426553047
0.5066523492575102
0.5023046471591646
0.5205514479330124
0.5168944517093702
0.5317116182154453
0.5423736161357112
0.5505154282850433
0.5567247008600855
0.5642891450141561
0.5678672211441874
0.576554937969721
0.5895587591722189
0.5909108868291041
0.6011401775090046
0.6116420972160167
0.6109194735706198
0.5981241639934715
0.5902487103296826
0.5810835005622828
0.5826525654697635
0.5808925609956843
0.5836841670492918
0.5566501160282132
0.545912382645808
0.5554464647983791
0.5382294360872457
0.5269490501489332
0.5299239067370309
0.5209257494572115
0.5129728062903419
0.5088394083897956
0.5080411914851269
0.5020278293105109
0.505869305918401
0.49786694393461206
0.49025371034096915
0.4808401597901543
0.48680237456202685
0.47564329576466874
0.46646437932870166
0.4736451025956746
0.4658388008910032
0.45737858391126435
0.45051985905575576
0.45530098847783834
0.4473167512056772
0.4408287369485483
0.4433369684118796
0.43625378510930474
0.4308309657667867
0.4255061994379973
0.43348218840346026
0.4194176761563972
0.4231065372120699
0.4159941809622994
0.4106223531086192
0.4144408773555029
0.4097763405813744
0.40582649798244097
0.4010052953703979
0.40311999531460724
0.39953499016464183
0.3956962743681279
0.397364009382132
0.39464582124293146
0.39197774551165915
0.3921785994629572
0.3889418926104804
0.38769180436106704
0.3874390246776479
0.38637977676336166
0.38572482507942474
0.3845392283264555
0.3856014848154997
0.38642749210075356
0.38598555540389934
0.38687138421553313
0.38726912489198967
0.38992729620149624
0.39117220483570536
0.3914786330916405
0.39254926234174387
0.391817184252506
0.394148031406207
0.39754218070724096
0.39413819745354906
0.3993094168725785
0.40270185088197036
0.4102745344831773
0.4059981134624295
0.41191077327512887
0.4192270276061927
0.414051954579524
0.4222081101009137
0.4290673691908556
0.4235164949556273
0.4328354712665363
0.4423333862594075
0.4527260593676083
0.4437049908447598
0.45489885580797784
0.4624925222520111
0.47837530883074547
0.47117665630494954
0.4802556100143719
0.4896260401707461
0.5041039990752767
0.48485993657059606
0.48454117708099864
0.5002280097349057
0.4915286161032468
0.5065476643872934
0.5203720379985964
0.5151233618638542
0.5312110568310598
0.545172505400344
0.5492379213540526
0.5551200639231925
0.5689130809353903
0.579825830990098
0.581609590295629
0.593566222622616
0.6062670096056163
0.6063421047449038
0.6192254860203924
0.6183324306888478
0.6374440781392284
0.6257894098501875
0.6259734232750284
0.6151707573661807
0.6046329867772671
0.595596579418281
0.6011960296839862
0.5877805958885649
0.5767003777037322
0.567300631920896
0.5722643934550932
0.5613331502913932
0.5500744653046629
0.5578354486268698
0.5474964114805969
0.5350894518772897
0.5429470621842863
0.5325373741725362
0.5208126080748107
0.5117413655706601
0.5157472483523012
0.5069691532651528
0.5006620842350995
0.5058508914060248
0.4973201449079023
0.4891886322074164
0.4956575518211866
0.4873454188633091
0.4781068594742585
0.47118206543648994
0.46473670916202053
0.4693460430343486
0.46015211086173147
0.46590880826643544
0.4566969157827711
0.4489565672512824
0.45249027674967257
0.4450125483859866
0.43944672793323913
0.4349540211110616
0.4360771909583718
0.430826303870993
0.4269974616288514
0.428920904907041
0.4243322941133003
0.42062846865125125
0.41657444105423985
0.4116797467376945
0.4140081757437641
0.41755928270051546
0.40953008209873604
0.4068603396559914
0.4054324219424476
0.40382888751602863
0.4048216290627246
0.4039049045737979
0.4048248399157151
0.4057666258254395
0.40666360444728317
0.4081141066077595
0.39564842645521275
0.4095127357240378
0.4127120262967141
0.4112731924822879
0.40932485493633775
0.4138257315723255
0.41229890754091675
0.41677535401950694
0.4213381900685296
0.418692446980232
0.42341540242531095
0.4278646963031094
0.42427459326609196
0.4302536906900668
0.4362685657439513
0.4343525929400536
0.4427796217569087
0.4456216766547801
0.45387298802469955
0.45055177896094034
0.45573699317175237
0.46510166995192975
0.45689023172634924
0.46835225444632117
0.478209844847725
0.46907944429286086
0.47972599447412684
0.4900126650749692
0.5016232246926227
0.49604895076514033
0.5046616295581468
0.5120632851854504
0.5056268891042321
0.5242655710585472
0.5287979440342961
0.4779740393167737
0.49762355792492574
0.5166161428161627
0.5452629989628095
0.5452541153855528
0.5623771494633436
0.5683243820042512
0.5911986891741933
0.593108906426215
0.5836907867068452
0.6056958154838272
0.6094046839883874
0.6242314719881785
0.6442908821228225
0.6536868113396376
0.6523318288525866
0.6379781361241458
0.6300006845398469
0.631576909325702
0.6249497563344331
0.6110742963419489
0.5990889001207015
0.6091518986213399
0.6005260218122355
0.5771501009821556
0.5847369727140649
0.5715741629592173
0.5646526638358111
0.5670851012313793
0.5573395195313575
0.5519786546869472
0.5540323852528344
0.5472716126922615
0.5408474602115347
0.5321126498827209
0.5400623732586596
0.5317901037098582
0.5201002170420208
0.533817409703178
0.5213768355882116
0.529393012938605
0.5149523719862302
0.5039837122220674
0.4954561906645491
0.4986801350708317
0.4914846413421864
0.48575629389763364
0.48114037087696176
0.48187257755208457
0.4770205937330786
0.471634732162804
0.47466626461096534
0.4684500151076779
0.4615343775178112
0.4680881768158425
0.45681111723198026
0.4599498998180584
0.4527779447500807
0.44786816348781144
0.44300036570990275
0.44209210739989924
0.43862422536643636
0.43607767180163637
0.4344649797219414
0.43196998821686006
0.43078100557819443
0.42982029544092254
0.428226202007101
0.4278557371689912
0.42764521693537955
0.42783604216951593
0.4253617615130331
0.42515140603924656
0.42389269877745744
0.4234293783209963
0.4242867023361869
0.42682221177417423
0.423946035335898
0.4255028350223989
0.4295842773722902
0.43259763406241386
0.42895663786959604
0.4306477587656203
0.4338043459493617
0.4306408978532319
0.4433457845963795
0.447829824083984
0.4454816905404053
0.44805706757168734
0.45596755161215274
0.4510813195783817
0.4594158986671129
0.4664902975162498
0.46012976096975
0.46909135705434973
0.4789760505609154
0.490228723261549
0.4774734332879182
0.5027186802727556
0.470931660742982
0.50586619970699
0.516032402626429
0.5110295593389601
0.5130555492551779
0.5004054990902698
0.5117298384730248
0.5008423189621879
0.5146363853960046
0.5299822741880945
0.5196914745875317
0.5393667695994003
0.5507258733905203
0.5654233433008469
0.5649326023034381
0.5780998492709338
0.5897983851819734
0.5927826391546982
0.6046378735429658
0.6166049375134735
0.6156637759815058
0.630346300453772
0.6445965148846944
0.6587847010273443
0.6586110296752207
0.6715936387367853
0.6600510877272325
0.6656857321867166
0.6537282562140027
0.6351863746538972
0.6435964612698782
0.6299287152060342
0.6175228312230336
0.6063911671440005
0.6123356673587719
0.6024250788934977
0.5925685064738717
0.5810971968145028
0.587443986200807
0.5766933563136332
0.5672193632584993
0.5750506425909664
0.5654483920797448
0.5532691106483508
0.5414190219570266
0.5540125575994814
0.5378680643054028
0.5247721767629633
0.5339155445355568
0.5223330111794297
0.5140368537258394
0.5198092805878326
0.5117025840811819
0.5047237773316997
0.497078980241189
0.5060784988631134
0.49616637980839035
0.4883810678121376
0.4832157761089402
0.49097899642484405
0.5102889173221652
0.4768887990488689
0.46936658886275673
0.4608437439762706
0.4628539163453028
0.4554512405952614
0.4529657234100456
0.4520756540892881
0.4492422185187392
0.44594999641114264
0.446315968882332
0.44272908491676133
0.44099490338587927
0.4356806886730998
0.4384854181637026
0.4324863216325096
0.4348591371238115
0.42834650223611137
0.4278205749049241
0.4268409487453374
0.4266805821699186
0.4260220827602528
0.42342246150628454
0.425698969546952
0.42763839243721974
0.4287806767933273
0.42830144245968493
0.43097918127593493
0.4324183135365039
0.43328749990140253
0.43547929570413496
0.4381477452780327
0.4404226704490297
0.4405038898835635
0.44246802440241123
0.4483166485503092
0.4464346642897925
0.447638263766046
0.4574748767071573
0.46363893017138763
0.46321191952655033
0.4682189318144323
0.4753823791227433
0.4723370909639117
0.48055374740344947
0.48692022250236977
0.4794970284958241
0.4931147523407919
0.5026040502466103
0.4947369359804522
0.5053712776063549
0.5186492824249774
0.5304772797539354
0.522591207268167
0.5340023165203703
0.5426979011077923
0.5318008660652463
0.5455853532669697
0.5571072595479137
0.5399176375213366
0.4913415731339389
0.5493622668761003
0.5690283887303339
0.5748656366872228
0.5945951509866001
0.5917062013733978
0.6341196355203467
0.6212760317480314
0.6163227630506906
0.6247222389320131
0.6196579085676703
0.6360878988963563
0.658582632630895
0.6522310794589351
0.6622545437194766
0.6675686374550839
0.6645226012362362
0.6613540277640767
0.6529996965344812
0.6446924545161653
0.6352254750675669
0.6434222390603791
0.6289245953928396
0.615682988436629
0.6328272807059195
0.6114719272741614
0.5958005237555835
0.6040693370163532
0.5935356817545211
0.5845897691546935
0.5873980362172787
0.5718101994219579
0.5662573716434902
0.5621571724129023
0.5650526671048265
0.5598431082737511
0.551900280110865
0.5592521055179472
0.5515908516028916
0.540649410117885
0.5535123924056904
0.5429592435910083
0.5337948403814478
0.5221960418029743
0.5317088478563201
0.5197598163447619
0.5133897639295699
0.5141737364797485
0.5086372223985135
0.5057720736359983
0.5036186122418328
0.5010439592988625
0.4975976320168504
0.49198321941394285
0.4941989045936346
0.489132023320141
0.48319931488469287
0.4869310217787686
0.4824922073948408
0.48338536597683246
0.47564851682887577
0.46988697651125394
0.47095838309992727
0.46547825124038433
0.4618955350974475
0.45901003592678224
0.4565846940134999
0.4577739112762956
0.4569519504202888
0.4522389687210021
0.45338384502949464
0.45342161275841486
0.4493843599134794
0.4519810546869179
0.4518129124585868
0.44981452887360723
0.4516582957445101
0.44871838551681675
0.4508345498346311
0.45482411243044435
0.4512131660002632
0.4552275699919975
0.4596217178449314
0.46400714341840144
0.4611520120677856
0.4660134406639101
0.4731676049809565
0.46812925254775617
0.4717185784829351
0.4817844076144107
0.4695073810975961
0.4864232785174735
0.49442015174442855
0.4857320464054038
0.49595024095792384
0.5054366703804742
0.5175577385004373
0.5101106189277625
0.5206424269292824
0.5303499147823797
0.42116034532920854
0.46942966550387577
0.4954474469126016
0.4844089694256685
0.5290339210586885
0.5190323136977406
0.5381588565466658
0.5285693909180675
0.5376023323215707
0.5478439625728249
0.550117664568749
0.5572543525363545
0.5675320547324254
0.5802898382460718
0.5795140644786804
0.5917558624739604
0.6057436476501
0.6067233794415421
0.6228328398725974
0.6368911206638882
0.6390813564221207
0.6493444685946176
0.6672631771573966
0.6657994830278314
0.6797425572055521
0.6753493441978051
0.662583452338974
0.6659359461883225
0.6508835303933191
0.6428806687156936
0.6441472545067581
0.6355646618349489
0.6269457305868862
0.61814548307468
0.626072328549373
0.6116022111664892
0.6004779981491409
0.6121640293329477
0.6014922779078449
0.5862343448299316
0.5760287998948287
0.5879562760364075
0.5748316612388711
0.5668149614419767
0.5752130745592334
0.5671083228900713
0.5579214859678703
0.5493923266989619
0.5619251700078919
0.545472825279158
0.5363793107892798
0.5425732945581686
0.5351275380101534
0.5262189764495673
0.5338373346113036
0.5257970091726634
0.5182573584866567
0.5262617369836297
0.5188419699101718
0.50999986343496
0.5042618704715448
0.5126901660138212
0.5044282504747404
0.49814961538385366
0.5063999818928576
0.49059387758664225
0.4890736930122604
0.4893243459903366
0.48552913821514904
0.4802544958726263
0.4824276433803533
0.48363163452034985
0.47814794538443894
0.4765639095619057
0.4767740633627328
0.47391114118199507
0.4696686972392209
0.46530245375989654
0.4778290869897098
0.4761198701532213
0.4762344080255024
0.4763321798506275
0.4768140369288497
0.4786401483710983
0.47621889857485183
0.4819359698821314
0.4828035533770146
0.4860523391427101
0.4845605340470003
0.491429972619925
0.49126168211312266
0.48826609793223347
0.4983970794542518
0.5011663661010292
0.5005910685511662
0.49656761960020274
0.5017122966449764
0.513181166508059
0.5184868211855175
0.5030495221626791
0.5179058042605408
0.5326687573192358
0.532197984425275
0.5334074645216574
0.5517257700338349
0.553836616785151
0.5638676555641279
0.5614091880685617
0.5657767750801572
0.5794391576179225
0.595061575515098
0.558913619933203
0.4687913437450368
0.5494289998351451
0.5780519343046545
0.559653576077215
0.6052787427289816
0.608414696385703
0.6709520737271857
0.673661582166724
0.642804933916562
0.6366099986871824
0.6451271295615848
0.653884263396564
0.6228175485805486
0.6496055455130985
0.678896548783289
0.7184348541163987
0.6957942942385065
0.7243928473659843
0.7435607664561541
0.7542524869552012
0.7749472439014555
0.7422384626748961
0.7557640971412164
0.7351297856550943
0.7189190709510169
0.7393997750756472
0.7048948537360852
0.7244111139472271
0.6948159685053119
0.7196078002342337
0.6999339627154334
0.6833315774594241
0.6707799991032396
0.675638395551115
0.6652215917702474
0.6615802314218507
0.6570379256933155
0.6556722599926627
0.6515746715173092
0.6513986560853448
0.6416479014751402
0.6592994177670694
0.6665051331855292
0.6275460262449758
0.6466075755635691
0.632005776736272
0.6170814109509103
0.6327384230851639
0.6200282452442756
0.6128779384219285
0.622486135449914
0.6092214803200452
0.6049440970974728
0.6056983229288679
0.6076923340021827
0.6050248144745861
0.6050935985190806
0.6045953538348492
0.6106027287854767
0.6060042959178973
0.5975882650036506
0.6113896903501234
0.6148530843735435
0.6037149743268279
0.6130247212730031
0.6066700579951071
0.6181518868506506
0.6094987867085468
0.6016789614733804
0.6019879367499629
0.600500403562523
0.5956647973893878
0.6016121419794529
0.5969412222504453
0.580698021241063
0.6038655706309837
0.6071596649635573
0.6009402421732873
0.6060555250666418
0.6109534387802371
0.608245901205331
0.6142636539184301
0.6202291924966102
0.6272374658520085
0.6269976373879436
0.6345397385995024
0.6405301342336771
0.6410970659789635
0.636205999739184
0.5525361923578339
0.5580952441626242
0.6067371497161069
0.595123662646442
0.5594790831565668
0.5940755233925639
0.6609645705280703
0.5843185551430833
0.628765829916446
0.6203280053380323
0.6108844530465568
0.6670008222291598
0.6789399061668255
0.6471451018568287
0.705135619953548
0.7062229472671311
0.7318504701149438
0.7558491625624287
0.6667398199061135
0.5723817524465795
0.717825781659299
0.6707805368554726
