0.5734410278978816
0.5592923380082794
0.5660704008622945
0.5764402617486888
0.582417746621045
0.6318162823280128
0.604969444903713
0.5930202744811489
0.6039911662029597
0.5888857807532465
0.5739123345892085
0.5599055447430061
0.5583961627013966
0.5426676771538321
0.5269836293870052
0.5241418081455893
0.5078974979373021
0.4916401840804322
0.4880667095845395
0.4723804663376821
0.4561397334399047
0.45290568793777525
0.43601254571028536
0.4309439790775051
0.4062032646502531
0.3903215823929559
0.3761504938877989
0.37414422540761816
0.35962272871145784
0.34556374471787393
0.345064225160368
0.33168356430186974
0.31921675337776034
0.3191759309409354
0.3074985023388748
0.2961568211728314
0.28581446312972747
0.28584068773869303
0.2764403322016486
0.2759535705067831
0.2666815805333537
0.2579586554251758
0.2584825831244382
0.2500064931742659
0.24218965751352137
0.23454990310561008
0.22769166518622475
0.22774591885995255
0.2206344013066114
0.2136097065240663
0.21467608262403043
0.20743423422086704
0.20051214200879472
0.20143813739567434
0.19450997312408316
0.18788523076183328
0.18855686931593385
0.18182685444309102
0.17520669803511094
0.1689103698824597
0.16940100781849457
0.16338422758453366
0.1577168000934044
0.15862905304831307
0.15296998999598785
0.14769385207030844
0.14251261644197802
0.1431946150936776
0.13729516321851112
0.13791841929534857
0.13170915347755277
0.1266062417417662
0.12162615498416066
0.1217560261413845
0.11671298628291547
0.11185635484692609
0.11162662765274413
0.10668788879138567
0.10206973317138339
0.09740657585844381
0.09716741611848564
0.09253505508228196
0.08604183628500706
0.0857320014415555
0.08098099426350933
0.08027253276722626
0.07492810184969571
0.06996041439572932
0.06918405254283778
0.06427531304366317
0.05963078136648313
0.05825035666233822
0.05320338249724921
0.04855493254154198
0.043564488474681584
0.042561141761410654
0.03773545338528522
0.03244530106062721
0.03176050189922317
0.02289378458838199
0.012238820363517883
0.017244684098357485
0.011055747197171924
0.007256142176603097
0.007746495382837871
0.004398433445363461
-0.00016979541846595846
-0.004113460726390848
-0.004314483319771146
-0.008417378439296026
-0.010651260156773997
-0.009815199102376135
-0.010100414666769928
-0.00685255879430763
-0.00298183679309691
-0.002551407047359104
0.0017639508328354436
0.006265898065892633
0.006926314561213342
0.011556168855116976
0.016116268458100335
0.01734085610454296
0.02199821854749972
0.026663628094275353
0.031028595954545587
0.032187869864651185
0.03712053299059606
0.04172049188492221
0.04247320624135238
0.04791193525593722
0.052760990972820956
0.057424246479405215
0.058489445489612164
0.06345000409217719
0.0678136456802465
0.06875557309770157
0.07325849693955334
0.07726609963519956
0.0813174211558735
0.08298642067362652
0.08613695599498673
0.09027816364095292
0.09119758427281596
0.09850876225226005
0.09821523146598393
0.10409920737639981
0.10758217172386285
0.10773338836268566
0.11110491591576004
0.11438026432642268
0.11759828456917606
0.11758690676874735
0.12076934443550971
0.12398031932418621
0.12389888689299708
0.12679637989574077
0.12999483863758496
0.1297995145845745
0.1329986251552736
0.13720028599779757
0.1364434080103196
0.1405045416569948
0.14432017787177398
0.1438071656627574
0.14750193393639363
0.15164031760442115
0.15085653339107602
0.15493022013709504
0.15913755812156793
0.16335965615819684
0.16234345347849555
0.16598978412128798
0.1703992086420479
0.1753546971505207
0.17281723965377133
0.1797816735791211
0.1842287610776816
0.18302456778595816
0.18821652185428434
0.19335799810963966
0.19160438851448353
0.1974827946899904
0.202914386927263
0.20932413985274995
0.20727156101442637
0.21396544447203936
0.22074398556899247
0.2185628136213541
0.22489998101399006
0.23489057512303899
0.23299022611059783
0.24262768180333447
0.2397029614288663
0.2485219573216654
0.2574496967707775
0.26659418255559475
0.26281433973810053
0.2732878683941579
0.2841533491137276
0.2804313792997184
0.29208041873144913
0.3036902597509543
0.2999631150280535
0.31097901832551583
0.3227991027477525
0.3404542230373397
0.3367972890971388
0.3500618157409837
0.3633123635628178
0.3626994303839587
0.3735189460447656
0.3866037737586999
0.3977970566010484
0.3962557380992816
0.41032313036340645
0.4080021190181122
0.4208001436839474
0.4333039354889647
0.45211046436971014
0.4509292517676399
0.4627293263997177
0.4725318243899162
0.4743792163141866
0.4618179247318918
0.44955173379843055
0.4376241336877197
0.43916120286589605
0.4281184390241604
0.41574904179858996
0.417977057203686
0.40589549457672275
0.39409823609641215
0.38299172884328436
0.3726641007936909
0.37511751949961386
0.36298867277439545
0.3515102796808657
0.3545189094745902
0.3432140421100887
0.3321285380911295
0.3357803694800592
0.3244327941569639
0.3146275582601856
0.31788702451620576
0.30767685016891777
0.2976828425122189
0.2897290820301354
0.2785614482656276
0.27426957674188696
0.266978753629466
0.2683176842665997
0.2607079829630196
0.25351807477498023
0.25545521255245357
0.2486689978972705
0.2427801422772307
0.24417991936720923
0.23834059566807492
0.23257677752164535
0.23554602420562415
0.22983107313532342
0.224381122111712
0.2213192527321158
0.21698048928533553
0.21220468850405824
0.21345768215327127
0.2096396249580751
0.20601532585624224
0.2072783761647015
0.20423438308515635
0.20125008375400338
0.19804784021408794
0.19931027055776365
0.19629643062239963
0.19332922490423907
0.19490343447512384
0.19160880243776923
0.1882860016538818
0.18978498277881686
0.18614299223972647
0.18358040642309512
0.18473626124459822
0.1824667601054036
0.18045398722063508
0.17862809819743106
0.17915134637528815
0.17737868146017938
0.17608524443176946
0.17613363635890025
0.17473577552382416
0.1737322625865888
0.17355881916151605
0.17194080150526775
0.17067754611844133
0.16928607912780821
0.1675910317341039
0.16630980240601814
0.16536068574988275
0.16361420275241695
0.16136728960770433
0.16021643149032305
0.15914361305648445
0.15623066544597536
0.1553473155034417
0.15399833632910603
0.15042975435439904
0.14969101597937948
0.14969889428260186
0.14292005129627827
0.14649720395300533
0.14258753512015443
0.14188112364069674
0.14177614673503103
0.13706587604663992
0.13744817822044714
0.13735048829510943
0.13624832524700062
0.13375240352547194
0.11880336568990839
0.12826700305786023
0.12734382802720579
0.13079882152328454
0.1337544000107812
0.1337345953456325
0.13711736207597067
0.14008459994642558
0.139985245773183
0.1431252384650215
0.1466287934129074
0.146461909606654
0.14788380492542966
0.15053885701515896
0.1516120974520177
0.15117207291169713
0.14994392861106443
0.14889204402293862
0.15141142846472663
0.15210850960613087
0.15273420247824782
0.1502620555370159
0.1525210020483776
0.15446401187255887
0.1542184776721562
0.15412000719685115
0.1578695010862225
0.1575404919841745
0.15788561474730037
0.15983657105095025
0.16225715734128943
0.1627402845619956
0.16550894375998507
0.1669127280471936
0.16881830372450263
0.16987086623035366
0.1711580301295797
0.17361930344596446
0.1755763839994606
0.17733184782007158
0.18039996933068927
0.18212472215688388
0.1841316945577968
0.1871362635543949
0.18813161916506055
0.19007896891699946
0.19219945468149055
0.19404733023501827
0.1960487858409696
0.1977543692590276
0.20120197210354562
0.2010472982877241
0.20219197708998984
0.20371020341624416
0.2055534029075979
0.20723037394873925
0.20827916916153377
0.20993796250750116
0.2118651374282479
0.21218124472788438
0.2135098382352835
0.21537076028094584
0.21511474255757376
0.21699107586176605
0.21896929506640808
0.21757991062728557
0.22117646206664124
0.22355372785363226
0.22261941606362787
0.22517292786563356
0.22710811719761986
0.22562346583422985
0.2299530421791442
0.2328523638006032
0.23157491405996833
0.23479306999440155
0.23690214876970184
0.2405476564681242
0.23973341500492623
0.24312364865366315
0.24594957261309314
0.24312309285410083
0.24835583928312263
0.25285458292916607
0.2509323222289354
0.25547485766096417
0.2606015220948941
0.266186546694325
0.26302414355589215
0.2693036751727676
0.2764498854443497
0.27300410139933134
0.28063808561647613
0.2878633000311193
0.28432066119306654
0.2931850967756696
0.30228402986794217
0.31211730024236584
0.3071394393664474
0.3172611808811397
0.3276565985384476
0.33922645109763944
0.3339182932758094
0.34516768230233835
0.3553921458812769
0.36828537871115435
0.36574539069686535
0.360349326645556
0.38230852588147096
0.37835772412691804
0.3920581253207883
0.40275597793438683
0.40103372185975433
0.41424909140792365
0.4279526947058362
0.42642164395769444
0.4380552864186161
0.45321534001947605
0.46675056447055674
0.4645408118606325
0.4793427270115564
0.4940982147032866
0.49371253956146743
0.5065426621402394
0.5050786188398456
0.5207227576784084
0.5081312884632417
0.5093839912757335
0.49760359201676374
0.48590545409062763
0.4744167306414197
0.4771543430943623
0.4640888005518218
0.4520654088892949
0.44110084484849577
0.44318588247630963
0.43084470715325135
0.4190678004107283
0.42332357987859304
0.4113391813285312
0.3988139652986309
0.40289980501944866
0.3915645187953429
0.3798031981992628
0.36962567016874487
0.3721971114480838
0.3617654349371264
0.35242129708241865
0.35607166232383863
0.34595309023192944
0.33640490974888015
0.340289788633469
0.33095443938175634
0.32157990379850854
0.3139871517923511
0.306664525964357
0.30886411737636815
0.30050313609859824
0.30384053987923715
0.295785090808127
0.2889037143397043
0.29102201257753385
0.2848186590087431
0.27899528200462725
0.27372896924366535
0.2755998403538274
0.27071295250873517
0.2662685397341751
0.26804742027839873
0.2632827996650988
0.2596530712319878
0.25581557844354935
0.25691702212286655
0.24865372111564524
0.24927500758369286
0.24556746937994275
0.2424155284537149
0.24336950844653038
0.24093224300678864
0.23841569422628225
0.2393785082263797
0.23695900457678457
0.2353703891524219
0.23354484876917622
0.23457169214243836
0.23015158207191772
0.23198603679910684
0.23315014329957792
0.2304280864066124
0.2291744515302891
0.22845828470778226
0.22946428649245026
0.22863474867252656
0.22783007969508368
0.2282035726202338
0.22714102792336802
0.2267991153174975
0.2261695143268901
0.22576922485597434
0.2248605175730075
0.22382472603451226
0.22332153571638086
0.22178380173807868
0.22152332275884837
0.21908394494994923
0.21756607249546947
0.21750948561257463
0.21381981033031452
0.21396152675134839
0.21314877583652694
0.20865803687785606
0.20866900142672765
0.208159514687048
0.2082943017901345
0.2036575680489284
0.20370622109937653
0.20224489258721695
0.19908812739139087
0.20004659487155776
0.19840274114479275
0.16435969283544727
0.17343637058721745
0.1804054797310242
0.18597418373287036
0.1841632953782175
0.19067356307645497
0.19598271931884848
0.19638340471002594
0.20238876290575938
0.2087708889520638
0.21407531892497902
0.21232473217684844
0.21864444176375772
0.22462760223200684
0.22651785048057968
0.22963361957364495
0.22386980739913723
0.22196095559927378
0.224063511989381
0.22123821780728575
0.2178895796331496
0.21662120053068037
0.2202523468758996
0.22278900759073395
0.21478504947640653
0.2181432343347877
0.21666976950556496
0.21517069869862646
0.21890170953446128
0.21737466219592824
0.21709082301074514
0.22075825914025815
0.21927336709113163
0.22002732430980748
0.21995629047695026
0.22365548748708666
0.22397842578078317
0.223570852063203
0.2289311293582259
0.229901219373959
0.23134560593442613
0.2318493480125373
0.2318573066821683
0.23254168791449994
0.23571618271945505
0.23737149726987647
0.23777791765188072
0.23948122374376138
0.24183307800566978
0.24325280125838786
0.24501673833726706
0.24649706591796827
0.2487647526866493
0.25071729996844233
0.24937019175335826
0.25380398686472144
0.2552789009287629
0.257405743756968
0.258535726180182
0.2609541890570752
0.2619220375853889
0.26366590544914353
0.2658437406341091
0.268397217977635
0.2678519698746749
0.2702069286615896
0.2729991280249868
0.27202616578365063
0.2748653052676676
0.27377083323120976
0.27711498743687035
0.280281952923962
0.28317338835218037
0.281525365542621
0.28402904371370824
0.2869394589614139
0.2901921777131603
0.2880254056828818
0.29083884989462133
0.29557859742942516
0.2988095053013379
0.2967957427657966
0.3009081585034858
0.30861223036725133
0.3067361878734722
0.3090858855213989
0.3152679189437697
0.31214910339809177
0.31857225625605046
0.32484089843674213
0.3206481549598882
0.32804416728466035
0.33563420024007906
0.3317194893460462
0.33902520608452275
0.3480272983275472
0.3583669308898608
0.3530528568305214
0.37013725733986635
0.3576689448365397
0.375339930903434
0.38331102176560905
0.37954214857562624
0.39055662929722607
0.37505864092307845
0.4009283230950901
0.3953487131845515
0.4055579223206598
0.42194402834442163
0.41987898563239684
0.43325737731798164
0.4483726784610623
0.45618265736072516
0.45533275861674954
0.46358789570668485
0.48086082769612243
0.4793908095942313
0.4934875663623047
0.5074194179681236
0.5066156306840046
0.5212359324167763
0.5389077425184224
0.5489419106325447
0.5468877002437473
0.5595466807560117
0.5441772868859568
0.5482883653346647
0.5343131459232001
0.514798960764557
0.5187613144019311
0.5038744370995243
0.4933240377525255
0.47995457965019234
0.48368944756571325
0.4734741112682858
0.45960666376646014
0.4478942488328919
0.4513480754638834
0.43957739251532174
0.42817232768663305
0.4326713731716771
0.42130739455722005
0.4096081934562929
0.3969909326657842
0.40391865062012494
0.3882253721850444
0.3781751393032757
0.38124023712109206
0.37188910724584895
0.3651179330809008
0.36739985598754316
0.3596126250917865
0.35377844607083864
0.3482684805726907
0.3514298368060965
0.34500289501687725
0.33972561459020056
0.33580335041535975
0.3399552472893813
0.3466047570146693
0.32945815509493764
0.3251684804898602
0.3209301481267977
0.32102215145985247
0.31920883276427053
0.315890494937065
0.31538094147784324
0.3138675498164929
0.3121365799147942
0.3130817452543551
0.3107858532968609
0.3094259894303617
0.30630327439516797
0.30947553003267025
0.30634939312349485
0.3093304205839531
0.3019454609426433
0.3017351225003868
0.3035578574288256
0.3014718143398343
0.2990331675513839
0.30109702005197786
0.3003686858894126
0.2997770258206214
0.29835958767596915
0.30177609359557817
0.3005908762538501
0.29955379496399276
0.3020411391474961
0.30172660722213024
0.30038658717364825
0.2987918311734259
0.2994632363422355
0.2993784078637369
0.29885144959160137
0.29932915549522204
0.2980946424968464
0.2980496573202523
0.2974875491619647
0.2970134951000958
0.2960512706952226
0.29580901867508597
0.29348950437051496
0.29308447184653846
0.29191538713313775
0.2888936504248141
0.2879341410235477
0.2882958394019267
0.28305033422980896
0.28353388444736577
0.28532045436571785
0.2876893934060616
0.28056929999983193
0.2829148573613782
0.2842049029983929
0.27608784500025096
0.2798911338989647
0.28537998418318833
0.2599456067545454
0.2494074732344613
0.2655806072012623
0.2741120253895926
0.2755652863180961
0.28182314213642123
0.2876119979398607
0.29230446434244245
0.29756245907945794
0.3049630579415175
0.30195681508991695
0.3090235254663802
0.3215642347299399
0.32931576783421457
0.3286648560367796
0.3315390321909151
0.33983381661344936
0.33444711395781657
0.3379349362815419
0.33213937535998217
0.3291137343456919
0.32359602899528345
0.3258951671221414
0.32200289299435475
0.3189957198440002
0.32253447409921715
0.3189192846842084
0.3146489016758081
0.31973668520648885
0.3161905173926542
0.3170146982406029
0.3250167299898935
0.31377258736582303
0.30821728704149043
0.3051272219726652
0.31042388662571646
0.30851370666446815
0.3068514538048062
0.3085082405129313
0.3101330429824871
0.3098405323632582
0.3138145367352666
0.3131037132648264
0.3129895012208614
0.3116567145776838
0.316993751048248
0.3143895776148615
0.31392330522806305
0.3195901022672243
0.31835228943054383
0.31811203302268937
0.32176118282926974
0.3225749441389993
0.3235394648454473
0.3252465322860663
0.3257280459933465
0.3283298085765827
0.3305521404262877
0.32965530732278786
0.33311350808961987
0.33213029010491546
0.33648582769752966
0.33867979636212975
0.3374985501553779
0.3411422328394607
0.34425001448745945
0.34303824667201915
0.34656754613358026
0.3503765165535108
0.354251421526614
0.35247877689667345
0.3567895231683312
0.3605636819161677
0.35688830658997883
0.36478298218845534
0.36265267715662713
0.3658991981930562
0.3697337360583887
0.3667313376648921
0.3709761461254873
0.37630692428109347
0.37348433027479394
0.37809455513669465
0.38345297273979706
0.38839676608775503
0.38629731072549
0.39199465833326674
0.39903990464839667
0.396052900566282
0.3998776064344025
0.4106763661415918
0.40221023586065924
0.4189351300139615
0.4262141887203632
0.42177041750623434
0.43008109524783383
0.4390443796971791
0.4496594823359607
0.44479800702624034
0.4492369274654715
0.46555479562805907
0.3431610459069612
0.43540402031265574
0.4527746109147094
0.4501680227768039
0.4826601732863517
0.479085633743996
0.497677753274421
0.48871263608748405
0.5028359685046734
0.517588843166332
0.5088198722201265
0.5290079299975351
0.5440242054365702
0.5605879892787483
0.5597689631208491
0.5764372768808144
0.5934259873149365
0.593090916354379
0.6130340564838899
0.6333583802799503
0.6319333339745982
0.647961355541802
0.6645810916687033
0.6636903776036481
0.6618308603759525
0.662178114223326
0.648432835582496
0.6508993643391034
0.6385215243055419
0.628683105590259
0.630486736431544
0.6197228985251222
0.609593812954338
0.5979192663151646
0.6033790159877662
0.5888509916402594
0.5762931740665784
0.583548465843721
0.5720561813333505
0.5595779569255769
0.5489964982769815
0.5565433120435137
0.5470076751106192
0.5389979465160536
0.5447462184775362
0.5387346179932468
0.5320393131093043
0.5259689058341522
0.5314213343762372
0.5240681469514811
0.5189330616310343
0.5235227863907658
0.51950600006163
0.5154477400912472
0.5210200540714953
0.5171050656730948
0.5145093858681541
0.519629778857721
0.5175228264985844
0.5161587989964648
0.5132436086061902
0.5199319268359809
0.5187594875645698
0.5180489284419377
0.5195499492404224
0.5215851561369735
0.5218684502096995
0.5239057571768607
0.5247697614497978
0.5282212034640528
0.5289768564278323
0.5319499814196508
0.5383063493326573
0.5413062736295075
0.5428262503239608
0.5462561555330593
0.5499647056466097
0.5485363912483862
0.5546210624184628
0.5582097315454994
0.5613429525700866
0.5653510210616827
0.5696457936035251
0.5768790069467469
0.578107619759649
0.5851029449802683
0.5908397383569639
0.5991509563086401
0.6012352749975206
0.6092710073291754
0.6156566801955489
0.6181650751996838
0.6313359714769093
0.630804702646656
0.6395461708921378
0.6373776648873503
0.6465159235240138
0.6563821938831771
0.6649972385844984
0.6602757392231289
0.673684524655988
0.6862320251257309
0.6835057962250831
0.6957090178484491
0.7092402760615224
0.7196530175167608
0.71606600961093
0.7251101148438783
0.7383524621703136
0.7489764056088674
0.7610593139612618
0.7044457303425549
0.6725888792368784
0.7119418532131916
0.7330744558698375
0.722521934628684
0.7502685062443757
0.7686074738649669
0.7836061011078694
0.8046566718656553
0.8261282673167437
0.8508200922560542
0.8554953865785029
0.887701129501564
0.8810036328484394
0.9111897710883509
0.9355305881652919
0.9766606277491819
0.9715596045668194
1.002626518053838
1.0240326863399258
1.0311062074970958
1.059247131603586
0.9821169581724127
0.9867104142334423
0.9791153103478338
0.9743370617905296
0.9763387517088972
0.9680531332422858
0.9712934260668091
0.9656034417119477
0.9707932284356894
0.9683774770342781
0.9659745962211064
0.9642297853848468
0.972835194297202
0.9722706066214398
0.9699756163099915
0.9838757916763752
0.981120217761508
0.9811292519219446
0.9944428660039283
0.9909292170001809
0.9984711912402222
1.0058340118630886
1.0064459721669226
1.0112104289105672
1.018492542918156
1.0254726152647526
1.0293222510259672
1.0404132690827483
1.0524861476623477
1.0617007647185233
1.0735265314579032
1.0833026095417768
1.1055342795106857
1.115170013471938
1.1250462474411633
1.1413724052570993
1.1560886746598142
1.168732908330986
1.1833316114591157
1.1949687360123191
1.2187788112635374
1.2325137872802754
1.2533326705254855
1.263088418045985
1.2865882397549155
1.286533522129996
1.3121964680646492
1.3397909007682232
1.3625125342224025
1.3693575537156701
1.3893425363186271
1.4192027271797758
1.4481929063006072
1.438713031202766
1.4850370565487525
1.517267823191864
1.507653229274071
1.5449657772047516
1.5796860340122185
1.5710451336646467
1.6147836842049506
1.6541122206198366
1.6966850725394091
1.6958320531478805
1.736363949916018
1.7761000543909258
1.7704740551974094
1.8015675227924655
1.7639817064965155
1.8944245831614692
1.9147748450369413
2.014636042470075
2.0629061344026107
2.0714688776783006
1.9404801444071436
1.9905533591621714
2.0338182282499453
2.03264091586322
2.032238385292051
2.0877366092248844
2.108715707811959
2.0875003252855358
2.1281760321301335
2.1216175824237995
2.1218930511758174
2.002975811849393
2.1289539804008184
2.0240846222791586
2.1209745512416722
2.1149996718900548
