0.5870857491830177
0.5741517547701891
0.5813637747750282
0.605986596484412
0.6792584648464841
0.6827614080863474
0.6352889701349692
0.6554082723856914
0.6369160478920177
0.6238673234183814
0.628418474750251
0.6139701560112119
0.5998406555279295
0.5989433429883667
0.5847209992244602
0.5700703442267904
0.5674308933377159
0.5507623040556365
0.5344554658705006
0.5231646236657911
0.5095433081495225
0.5053797191469046
0.49049195314099797
0.4759081586174063
0.4741618596748826
0.4594269153520433
0.44552575817823836
0.4296403424645569
0.4290927424556846
0.41337370296704107
0.40146915247692566
0.40104534169768913
0.38910802738059735
0.3771670613343254
0.3776205743598603
0.36678646238860085
0.3560274731846249
0.346323169503201
0.3337993289898724
0.3339685441797386
0.32501792838571536
0.3256130623110649
0.3180776177213471
0.30912920138268335
0.302581470137441
0.30337373101963433
0.29709984372639164
0.28762166731939953
0.2812988386601749
0.2811275682050457
0.2761170777714894
0.2774455750902382
0.2721327045022417
0.2661073989332003
0.26726401388136534
0.2623082335679265
0.25742169628530476
0.2520648182450441
0.25233816526963304
0.24810525157353547
0.24428446279180976
0.24055124787657825
0.24091079428732903
0.23771579948565846
0.23479073733560862
0.2320099745230725
0.2320099745230725
0.2292734959317669
0.2284546310665737
0.22538677542128258
0.2229824760089447
0.22082087370908
0.21991257895329347
0.21788381260269232
0.2159161481010006
0.21341906927533344
0.2109735800101849
0.2096965880655727
0.20782601105274168
0.2062967067442976
0.205263245224799
0.20474633359623717
0.20291850400327746
0.20222291239270282
0.20152398834375831
0.19937839566015442
0.19741363567783077
0.19659919265272313
0.1943775316690064
0.19486618580095427
0.19490599129648659
0.19295869490377285
0.1937160623753649
0.1911347219213618
0.19098412206541138
0.19237081837829118
0.19188429080967062
0.1934204028623447
0.19085746457781907
0.192323226698018
0.1948365467233718
0.19509888970964998
0.19413996971142602
0.19719139508609848
0.19970374913752584
0.19668795751126264
0.20200642122868456
0.20605394312503844
0.20439671194554246
0.2087125103067019
0.2139900415847802
0.2149130564263021
0.21522004156180202
0.21145875500179884
0.21649407120974032
0.21576837107995192
0.2171650231353376
0.21587397614090936
0.2139213018532582
0.21606429926485665
0.21468164569502093
0.21294603700992024
0.21626618255968968
0.21613125410728123
0.21520858832311737
0.214032537439217
0.21655974710059755
0.21654384736619228
0.21606658167586545
0.21850669999370673
0.2187818030430816
0.21891924528132742
0.22008724768919333
0.22199366121378727
0.22275684345845442
0.22629316205760097
0.22678458056950204
0.22646747346983226
0.22745404166015531
0.2303716486945311
0.23094702489517036
0.2311476222320179
0.2318201339849598
0.23191696371602097
0.23484740139341198
0.23530642293830645
0.23716673081345782
0.23740588621443653
0.23798081864167464
0.24001111604411363
0.23996390145567223
0.23951796517166166
0.2406736088937414
0.24030896469577961
0.2407566157894017
0.24168749555863944
0.24156406266858257
0.24189350745429825
0.2423048605034311
0.24249289145327646
0.24298625674047886
0.2428385041893931
0.2443552737067187
0.2434254750389414
0.2429147874848443
0.24382359941991325
0.24318347228264087
0.24390526674331067
0.24492398602088913
0.24437946540421682
0.24492474483230037
0.24472241727992977
0.24620167083502695
0.24465048986288365
0.24578464837724684
0.2472805234758444
0.24598274986363797
0.24786467299731102
0.2497862506119048
0.251793836224595
0.2551029365566578
0.253585417415517
0.2561507533448687
0.25441563230018455
0.2569890856505135
0.26013545602344096
0.2585969613013355
0.2618343461205282
0.26502594490864845
0.2634758017276446
0.2667320858131732
0.27193998580376033
0.2700648124628267
0.27485611978492636
0.2800755883337043
0.2860011930397752
0.28335216293790866
0.28942667657501847
0.2961410704808837
0.2928152994371623
0.29879331398029196
0.30738573132448493
0.31629616982739717
0.31343561271571224
0.32117519114372983
0.32721554171205036
0.32466540230192065
0.3337765540280292
0.34422853594064734
0.3470368282068476
0.3492626800868689
0.3621212807380266
0.3745274875566988
0.3871891799070948
0.3808478013603895
0.39858590849117875
0.4123095275282911
0.41053027118984425
0.44012087984583637
0.442766743408194
0.45997210166497876
0.460919228008815
0.47363741551897104
0.4777777960804193
0.4601709873772498
0.4607135554308808
0.4479816115762251
0.44946039387697984
0.43837980113708674
0.43971000331688453
0.4292499231726404
0.4161352098484483
0.4182414446072341
0.40746866445848007
0.39548129433627816
0.39940249174236647
0.38784193016668217
0.37653365625559865
0.38160478180344976
0.36941890604127764
0.3562460705823579
0.35582056571742315
0.34578103383593345
0.3501653431491543
0.3400007105799944
0.3308046892542088
0.3218712408649662
0.32512841500838874
0.3166401907619897
0.30854078868834534
0.3107862696031727
0.3040906524365709
0.2967207157914556
0.3003642139429314
0.2939079780906986
0.2864878266848595
0.2894554645849626
0.2837175350927338
0.27883786432637997
0.2741849941972516
0.2761660285966632
0.2707733308237315
0.269666861663961
0.2683880515232041
0.2658471816749859
0.2633268780182623
0.26478271164131156
0.2622909143614943
0.26003903301744724
0.25860721414144333
0.25958764119239025
0.2577851584173816
0.2593477548439225
0.2573268421084782
0.25584596391478337
0.256721404154379
0.2553682987793356
0.2541742780407843
0.25436529597832513
0.2521042713258425
0.251220726682785
0.251614657850124
0.2508965999504968
0.250397887929226
0.25067174053254804
0.25054369381886504
0.25115103028159014
0.2508349016217516
0.2506041045535559
0.25039889079076094
0.25082910578861956
0.25093449838673754
0.2509969074317492
0.2506906820889604
0.2509162518872065
0.2510679842566864
0.24977882578231692
0.2508976503740873
0.248902450128897
0.24840887293027739
0.249102450941469
0.24634201313100368
0.24684997473520648
0.24785623293844306
0.24815737116239
0.24502722615809663
0.24683679897870459
0.24328623682344414
0.24460521822885806
0.24013650717517232
0.24258140723434948
0.2445945743160085
0.2401610753178081
0.24251426363621306
0.24568065793886854
0.2412160349426279
0.24384661273503336
0.24652777060626768
0.24761687522719253
0.25280889964498543
0.24892290249198845
0.24710299111467623
0.24712814150117535
0.24360430688520301
0.251679660742813
0.2616393415031041
0.27100267179494747
0.2818427010387383
0.2816864520844001
0.2915046949854768
0.30120595493788005
0.29993145185160563
0.31039507795194105
0.3169190555635298
0.3141619905308947
0.3221381848903163
0.31334742708045293
0.31478563998333436
0.31058842318240376
0.3043924191424708
0.30767660639805583
0.30167654158926327
0.29663218355240095
0.29926258187058236
0.2945322235108582
0.29030387636509203
0.2868300274587246
0.29031485214716773
0.2847351678059873
0.28164015337661585
0.28700236767335524
0.2826566177701067
0.27948077431793855
0.284314872890051
0.28194114624191674
0.2807839360052583
0.2776907227915088
0.28086007995836504
0.2799232870941419
0.2845091001548235
0.2835740973920766
0.2825847459330886
0.2821993930723519
0.2863739934243765
0.2849727139105713
0.2870553725735184
0.28661226136608214
0.28970723983216556
0.2893618986960604
0.28982173116228416
0.2903731400194158
0.29214032457033234
0.29272484566324314
0.2934900733085009
0.29493279628355434
0.29026655717901634
0.2969012850389005
0.2969779518800803
0.2973041167936047
0.2978300511014177
0.2990601820703884
0.30040483988545985
0.29908876788069444
0.2998139870125185
0.3008048390302059
0.30079475534643624
0.30165122154433244
0.3027947225001856
0.302431152989015
0.30369463053985496
0.30559196813932127
0.30476477508917466
0.307023855486022
0.30901962862068194
0.3071492960602829
0.30956403450633035
0.3108936771300386
0.3130778871118784
0.31584143783351853
0.31414160400730556
0.317326272559587
0.3203062727386126
0.3239701932642659
0.32241314725625825
0.32618829774786173
0.3310056968374137
0.32982660446649287
0.33526545130077695
0.34087090384041485
0.3375442301382928
0.3431127385332505
0.3499560965879001
0.34755130182988137
0.35351039673943424
0.3695839498603994
0.3661182177440508
0.37497349103599564
0.3821188521478008
0.37898595551204434
0.3860990496520342
0.39537723882287784
0.4053267329180203
0.4018508039637749
0.34326280040953344
0.4127561330543309
0.4053880751734342
0.4073660404714127
0.4249875473194775
0.42293552398161177
0.43733554383468004
0.4485415633319308
0.45011470844908924
0.46233409452455587
0.4753309280043154
0.49659891463248773
0.4963510355260264
0.5117525320312478
0.526292861223246
0.5274528309489319
0.5447726193996887
0.5441976373210502
0.5606832347071831
0.5756380561023641
0.5911783481076909
0.5676976966703061
0.57717172212578
0.5788172385725115
0.566549117078205
0.5555168920454041
0.544620087262128
0.5474016666028544
0.5368863677522288
0.5251322990762217
0.5125646705875132
0.5194246031677195
0.5056256995593127
0.4933933031925741
0.5004039571043258
0.48760345763400215
0.47703442174403937
0.4832432763375148
0.47063790425450924
0.46251735859788184
0.46417736982698554
0.45302084072577903
0.44525538387624647
0.4492794692542048
0.4427537755663363
0.43629974972163627
0.4392216898737095
0.4331978843509263
0.42675295041867917
0.42177709910922495
0.4270527728974175
0.4204222549489322
0.41493206850385644
0.42061275982863955
0.4141918671095689
0.4104858265570395
0.4085380340879183
0.4109454208507625
0.40938245064446466
0.4083019612569125
0.4103700253610976
0.40917067153209874
0.40834559763272626
0.40754522593910086
0.4080707969626164
0.4085727108730489
0.41028449369276887
0.41022595374291204
0.4124617840666646
0.41510683834722967
0.41746064352952
0.41644091110269926
0.41919612166101333
0.42172836727581164
0.4241952471459602
0.4264653941174491
0.43067717169039105
0.4344951495825431
0.44068444140559443
0.4410542037372884
0.4472993474661505
0.4523110483640605
0.4529619129262602
0.459923511223043
0.4666778900521057
0.46659075384963833
0.4738694301384674
0.482209858314711
0.4917892832838259
0.49555090720222617
0.5041412296871911
0.5039761811439947
0.510994517022406
0.51854865091633
0.5275563585382234
0.5271883593796665
0.5371799824984103
0.5407750303381118
0.5589486532525821
0.5575734396546799
0.5686406710540944
0.5772519680711646
0.5763042892638919
0.5885901441553228
0.598521011799005
0.5939820152475794
0.6067810554837825
0.6211246230640642
0.616175854211228
0.6304672645815486
0.6474152617334363
0.6603727395066019
0.6510683848500909
0.5759761470590864
0.6308035682590712
0.6330241164080391
0.6664746013359356
0.6987252402150086
0.7378290302058955
0.7426546751592449
0.7721053606003735
0.8036581237606603
0.8112815920135145
0.8475521524569818
0.8721845566528135
0.8675980768322948
0.9124968166781285
0.9442953480507114
0.9459524618091306
0.9673692739220837
0.995675323362688
0.992988002828389
1.0230325898816013
0.9753760598076983
0.9364523708922439
0.9329375715023075
0.9249379136366735
0.9261472032298042
0.9188590271739708
0.9211720724827331
0.9147937807317812
0.9104451348911832
0.9232806513975956
0.9143933673974879
0.9137691529116684
0.9140503493174161
0.9136191747053025
0.9158521068969334
0.9244470998857457
0.9267823540205696
0.9266786801394927
0.934858787314002
0.9368554211718768
0.9408291739541295
0.9501709606920536
0.9543409493991484
0.9668427739790143
0.9735811495264868
0.9841144595833577
0.9982953206590741
1.006293902517536
1.0190215508343692
1.0287858609317873
1.0431923805662593
1.055618586173474
1.0641490259199202
1.0805551559260176
1.0989616514692067
1.1097662537051294
1.1251323134515852
1.1462887795612844
1.1699954193592326
1.176937691345977
1.1986056685450708
1.2267529055671755
1.2576294321387587
1.2557177036540863
1.2987240594691454
1.3230788618303289
1.349136240902574
1.3736535051712417
1.3798836605185045
1.407012323038963
1.4363439292419524
1.4286823128159993
1.4677379676786735
1.4991044482484965
1.5350366307340269
1.5346021476326068
1.5639150025800042
1.6032175733171647
1.5932077760524277
1.631302121910275
1.6735121564116342
1.7153515459990722
1.7484494442875187
1.7265006717734106
1.7897615448866793
1.8459230283331578
1.8976951940924707
1.897646135468632
1.9420376658357632
1.9788335825110492
1.9721554907444272
2.0222194814446444
2.0341311952047954
2.035871780948283
2.017574880039763
2.0373098019514044
2.049807643917302
1.8103807049346199
1.7734157632521685
1.8418635055378625
1.794509174201551
1.7755400492181015
1.7175461049823832
1.666166999569893
1.656233518382421
1.6338588125321183
1.59625210679007
1.5869384544930791
1.5769202991661924
1.597614374670952
1.5770711274849176
1.582183818533818
1.5611956242164422
7.072282492050116
2.6307799885421237
-0.008333891037840917
-0.6285395776041772
0.9870044750131074
0.5814147758011733
0.7368258740856221
0.5132011784951839
0.4892190261576501
0.5190594063659536
0.5013834429411005
0.4802112818693952
0.4756853616880567
0.47539170972741607
0.4665682055992905
0.4595723180986094
0.45932812161949615
0.44565068333304775
0.43331159445264394
0.4329872014734392
0.4143762372204532
0.4005207319686306
0.39584217228865803
0.38165550521251074
0.36643284025400874
0.3658039437120591
0.3482188220781809
0.3322819792268229
0.31349233761646295
0.31067800376125604
0.29567867920286245
0.28125351670550613
0.280200890884514
0.267282098696742
0.2549691733254761
0.2428600867954501
0.24291901058548696
0.22728311811843158
0.21564565423912174
0.20649988787660767
0.2066068906375388
0.19771306692997237
0.1988782440382373
0.19057618049187317
0.18225066987604066
0.17289499211897144
0.1734716724324469
0.1662267337985918
0.16693656735522663
0.1594801938691051
0.15238287890080754
0.14522961266196377
0.14611729528330933
0.13089780076347016
0.131467127244015
0.12401760599206142
0.11686820712374422
0.11755961654612548
0.11052927075748653
0.10297064998022601
0.10308492578768755
0.09606600381616139
0.08945193141327284
0.0814364281644261
0.07443776800669251
0.07462260594838753
0.06708394308615162
0.06064568423156124
0.0606236318880357
0.05443706444482206
0.0472920935514769
0.04645754219314345
0.03893134250112546
0.03267535379502648
0.03130630492264845
0.02467269918578401
0.018228712390809396
0.01797377128338066
0.010093876889430153
0.0037439740071520586
-0.0029635892824368256
-0.0035369390391938836
-0.01067017836742017
-0.018968537647207837
-0.02065816751094872
-0.026737258892221442
-0.03502897839103393
-0.03653744212498143
-0.04334255564897469
-0.05054209461056403
-0.05946357535614442
-0.060763279809427966
-0.06757761881715542
-0.07469218844530154
-0.07730671918156802
-0.08453083679144864
-0.09192486011634451
-0.09903818382968008
-0.10133861590989282
-0.10918693593283467
-0.11692673425895597
-0.11733529786517378
-0.12655148758236723
-0.13463745908475766
-0.1347126186566021
-0.14239502152124084
-0.14882974813636088
-0.15065202142574385
-0.158709950242061
-0.17062241868319247
-0.17062241868319247
-0.18098418467606972
-0.19118655504033857
-0.1990468133744441
-0.1978971003956709
-0.2062074161245497
-0.21819130543793078
-0.16708472003160277
-0.1859721845898019
-0.1801392363066408
-0.18075160323404865
-0.1752326253117603
-0.16955034409107345
-0.17068081205302704
-0.16491738536722808
-0.15951911674808572
-0.15466491131708204
-0.1551558263090503
-0.14956328910409789
-0.15044822379459044
-0.14547654980053246
-0.1404437390011495
-0.13926267337946222
-0.13258157440054472
-0.12721089864075286
-0.12462886512156801
-0.11796432042266639
-0.11298138322098907
-0.11010191988878988
-0.10416365680052232
-0.09891327215101992
-0.09672262032844141
-0.09198092190657357
-0.08792494817800851
-0.08848204235619538
-0.08485847566868628
-0.0814670020582784
-0.08148611921360069
-0.07911166139243336
-0.07647914265210635
-0.07647445047459185
-0.07460105847848329
-0.07268627364675306
-0.07104543003716615
-0.07111114457914901
-0.0688560146985865
-0.06802191802530515
-0.06896080329910372
-0.08310785780932829
-0.08029938526228801
-0.08199127005791447
-0.08112042466279457
-0.08168782685136741
-0.07904427031932201
-0.0797517829898814
-0.0820228830797755
-0.08101225961402761
-0.08222877432782043
-0.08271712569745744
-0.08226114170013575
-0.08360609739635828
-0.08356209000596222
-0.08471682648828308
-0.08365675109169858
-0.08317818880490531
-0.0844892574378232
-0.08462944975150744
-0.08478338776304296
-0.08535737780079418
-0.08642233693477024
-0.08850615257934281
-0.08881099397512272
-0.08871516360609717
-0.089186573384324
-0.08996182033118703
-0.09169087709319347
-0.09286076615593014
-0.09326885826922046
-0.09628781822013828
-0.09764413150448827
-0.09828116529329477
-0.09795686455573789
-0.10033357697961791
-0.10198019971027165
-0.10245111704742053
-0.10336066447917557
-0.1059852785727643
-0.10745372695144512
-0.10736335075235737
-0.10803094444388454
-0.10964553878807337
-0.11026336395369253
-0.110506129141152
-0.11190524920320608
-0.11260300689335044
-0.11306869874823486
-0.11364095275948717
-0.11413023514220037
-0.11451386018051876
-0.1147720794705964
-0.11528910967334995
-0.11349644415912913
-0.1155905661794989
-0.11656510758471118
-0.114840099757426
-0.11611641617712169
-0.11843344122548947
-0.11929240980868691
-0.11694242711451536
-0.11916810310819763
-0.12094276306206889
-0.11963428313373003
-0.12088749283299621
-0.12384273974548923
-0.12377662342128115
-0.1266008207361482
-0.12930343977195158
-0.12700723920055118
-0.1321535788646464
-0.13553566411789272
-0.1348691604792174
-0.11693172378969742
-0.11852821049278463
-0.12072572261941791
-0.1203740116506867
-0.1203537484862049
-0.12121626138194962
-0.12158327051575496
-0.12145405602550823
-0.12249603928581661
-0.12358489250255095
-0.12355323477937473
-0.12601649385691635
-0.1295536292024094
-0.12808345184374906
-0.1292509679541435
-0.13008267613725308
-0.13169683799662849
-0.1324608745028944
-0.1337667199732316
-0.13504674897698202
-0.13683618115703935
-0.13857693188669268
-0.1411729025852265
-0.14082774099817774
-0.14371741343616942
-0.14692741761226497
-0.14692917545744846
-0.14992256625259748
-0.1527031000753827
-0.1555069998512263
-0.1571783388197962
-0.15978837228623244
-0.162187419990465
-0.164424896665002
-0.16702027808756395
-0.17006728924382752
-0.17079964260101668
-0.1746186459833792
-0.1783672669384237
-0.17903275714891156
-0.18064612137986585
-0.1749209025051896
-0.18453064931577906
-0.18779141286606968
-0.18735376252949745
-0.18994905423923278
-0.19624330945284732
-0.19563714792764858
-0.19942443319359465
-0.20571675737161463
-0.20618540286748746
-0.21118593180980885
-0.2165970611818668
-0.21702139517334063
-0.22378606668722353
-0.22990629267666501
-0.22822070534283723
-0.2335681543392565
-0.24396611504097787
-0.24384878297175197
-0.250028577016444
-0.25735970375350936
-0.2667098175278108
-0.26772653105056654
-0.2759928048803723
-0.2746205362764932
-0.3118688430377509
-0.31222203267144716
-0.3112117799071445
-0.3200468546157808
-0.33105328617137003
-0.3353217656525924
-0.3439829831132894
-0.35254731939866835
-0.35271020980224527
-0.36700809798009026
-0.37718526073194253
-0.3750173572620925
-0.3889860123571405
-0.400675364078971
-0.3998784773472389
-0.4103343442219764
-0.42526336433280854
-0.4392189521030019
-0.43620654111493723
-0.44684050815294774
-0.46336364745138897
-0.4618014531720813
-0.4763312609675748
-0.49206855476047395
-0.486241486208304
-0.49824317402378493
-0.5232415545283526
-0.5093287100884359
-0.5218411185638594
-0.5365972479179316
-0.5599108785991033
-0.5658937211744451
-0.5865988049292281
-0.6084515364194772
-0.6502593680913118
-0.6606332575697643
-0.658039699420546
-0.6812320383570929
-0.7087200206673294
-0.7132940126549703
-0.732849099785764
-0.7588234667547358
-0.7881322596016803
-0.78087621099226
-0.8135170414887771
-0.8357458497880923
-0.8302773210329101
-0.7695985997888678
-0.7428910959345363
-0.7491234385744445
-0.7484273494439827
-0.7397983636322998
-0.7258025275732308
-0.7199266012669248
-0.7176262769755166
-0.7142659359699892
-0.7082058450263092
-0.7113246546712833
-0.7038536880442227
-0.6954192358883073
-0.702909485749343
-0.6939489608352268
-0.6834352622388284
-0.6908025927613165
-0.6823338384400736
-0.6756838058886449
-0.681988342334873
-0.6757219852995232
-0.670932730738933
-0.673802680956859
-0.6745486259367764
-0.6713930589462828
-0.6768894710252972
-0.6801373289244015
-0.6814973487106877
-0.6835743088113433
-0.6866520152914936
-0.6903181054574841
-0.6926568148014215
-0.696188138244642
-0.700415859816854
-0.7062320871412975
-0.7110608607014529
-0.7162112406155391
-0.7246192301686183
-0.7331818523556219
-0.7353758786873431
-0.7449169294604946
-0.7597269349805978
-0.7699632618376615
-0.7701310191306608
-0.7817234813508674
-0.7959489685184795
-0.8003598505652124
-0.8127238421152563
-0.8273277030857114
-0.8288127918853371
-0.8489954453058632
-0.8658960811350669
-0.8643747571294185
-0.8857563856835015
-0.9052033656421349
-0.9051976404572413
-0.9233748878688492
-0.9458983501541296
-0.9493462286977874
-0.9703532601607137
-0.9931242709353908
-1.0208229316463358
-1.024210482190625
-1.0540419297254187
-1.0524972910934276
-1.095809747014542
-1.1112929250633148
-1.1096565410677788
-1.1445125570352865
-1.1785377513254622
-1.1819006882772254
-1.213321754389054
-1.2473667902534253
-1.2437295147584524
-1.2745568675483445
-1.323185451285963
-1.3539580710119739
-1.4062466937053015
-1.4279647926473784
-1.4766443429387877
-1.5079856348968332
-1.4994688181573719
-1.5615046434556117
-1.6275740954816391
-1.6255941167325312
-1.6679449554761592
-1.7108686108947544
-1.6996983564213024
-1.7455541495479097
-1.5984201041243702
-1.537955342144601
-1.472257549735352
-1.5076960973767637
-1.5162678251713202
-1.85141040203659
-1.7130769811573214
-1.7324737908133057
-1.8609673860648108
-1.8879345100195468
-1.3642267973374447
-1.7524971206099356
-1.680734910555604
-1.7281990440979924
-1.5865274155373978
-1.7306451585541833
-1.72875961912023
-1.5623309272086066
-2.0642136553794757
-14.329169223867282
-3.7244644231945863
0.5923041666283335
0.5454580480006426
0.590036498660412
0.626376407761659
0.6054053639000307
0.6142666561024752
0.638955194039928
0.6174234084316435
0.6018774790186525
0.606662633268328
0.5889249724357855
0.5709121957625243
0.5712092574931946
0.5520334275392114
0.5146133487745455
0.5110663858295945
0.4951251417658593
0.4796691833126636
0.4759284127087239
0.4606946257784695
0.44617892705026835
0.443257548803073
0.4274849115459932
0.4058485215222222
0.3909267391054666
0.37742156289302264
0.3772358038075576
0.3642301853996116
0.3510686632605987
0.339388958808119
0.32730928520322433
0.3278871255148506
0.3164728434679203
0.30671405665334506
0.30758546476067156
0.29831134830949163
0.289900994417582
0.29166740554608134
0.2835917048192928
0.2766512162458871
0.2792662097057887
0.27005324748528403
0.2631269673703147
0.25738509811649773
0.25941306889236765
0.253651908897053
0.24861166368929694
0.25021143938341767
0.24076151209580046
0.24251792751708603
0.2382620820443375
0.23419752003788633
0.2357305237345498
0.2316553639919487
0.22716484404455733
0.228833369197111
0.22448273010915976
0.2201589251993859
0.21572150956290453
0.21640515649048456
0.2128017625163991
0.20960790221243308
0.21038565565110204
0.20751956673378855
0.2047799184961054
0.20549671448925935
0.20255302206854756
0.20324185156429678
0.2005487278298129
0.19830394938091503
0.19894531580336475
0.196478363515428
0.19433921164352144
0.19454214154694363
0.19260752689481248
0.19049824032104123
0.18859696879923019
0.18807266068418257
0.18510093725132754
0.1840342616135896
0.18297886693787382
0.18123985400767284
0.17974956959822347
0.178548912160511
0.1770220865167389
0.1755241256247484
0.17318968496628537
0.17114617947752203
0.1692169847072912
0.1685569483801653
0.16726922911394376
0.16708585221041053
0.16077523935867008
0.15297291954840178
0.1505716911911231
0.1506621640951956
0.151849665420473
0.15226433012588575
0.15381996307955756
0.15480304844797937
0.15642099812362012
0.15802908326555504
0.15943467164841624
0.16039990939269536
0.16267618585175758
0.1645926359929346
0.1624738949491898
0.1674349125222121
0.16995661071955526
0.1679932752065119
0.1714766915773262
0.17301878688036162
0.17274940631871322
0.17414742610513817
0.17319085863125314
0.17291150546375422
0.1732409239079647
0.1739333662399009
0.17465192265873514
0.1758006231189649
0.17631755300487234
0.1778328571113844
0.17916640554815966
0.18144801942299119
0.18300907544084094
0.18412454019861574
0.18651548452872285
0.18803321214815183
0.18883430659535966
0.19004755197076648
0.19090120462128046
0.19326500448405556
0.19430110686805527
0.19689015470400095
0.1976686127670947
0.19935235257376563
0.20083584824287196
0.20167828330948478
0.20296483157558326
0.20433839237551213
0.20539184860971327
0.20696353868769574
0.20835169988711935
0.20857277716953385
0.2093710384471092
0.21025721546994103
0.21069673390638405
0.21132783411956685
0.21193204236707042
0.21194937777225867
0.2121899007820445
0.21290792018221852
0.21191817419339107
0.2127939226001325
0.21316699346946075
0.21276208104249747
0.21376516729518996
0.21415517235256054
0.21484588301706092
0.2126944491979545
0.21530382647692775
0.2156863541251635
0.21501866843460113
0.2150624483904556
0.21659006427350413
0.21736269344889936
0.21792482083848486
0.21887480091233968
0.22000374806512168
0.22086315075088422
0.22113134199888532
0.22074769047803222
0.2219322089421848
0.22323190129798576
0.22271401545012215
0.22379397288800276
0.22489997163403092
0.2267326058054354
0.22553794671037217
0.2276239870198018
0.22964959190605144
0.2286057546127201
0.23109663430400268
0.23356638857581055
0.232447663085117
0.23354498578633495
0.23843240440628238
0.23653015276118006
0.2406086987069493
0.24472180281155878
0.24281344555371884
0.24690410749457278
0.25189354911287615
0.2569254252841936
0.2548456301355972
0.2578973582349777
0.25763128459082274
0.271525224900663
0.2816096213540675
0.282150833374602
0.28203190732490196
0.28000822775313833
0.28601912860235046
0.2929407244405199
0.2987384219513526
0.30125414347754537
0.3005138318767429
0.3043369337609072
0.31340423136617723
0.32282713397043344
0.32099175653990314
0.33179893716727327
0.3428803895969647
0.3407845434567112
0.3529341029335734
0.36894996429017796
0.38105545997925294
0.39521323129395186
0.39596910568110943
0.40870913412892707
0.4215129013468981
0.4234557451733824
0.4360917483200637
0.44428775851367974
0.4479983606931645
0.43616020013667245
0.43839161514099667
0.4289123183887153
0.4178017728309738
0.4076167750867226
0.411685064434788
0.39962890262353695
0.38765626266331255
0.39364557992270566
0.3806310477506057
0.36952345309566914
0.3733649697421994
0.3626572533891725
0.3512253884359337
0.3406255424872724
0.34384983407756436
0.3341175611884149
0.32624787591952953
0.314977937604774
0.31737682115238064
0.30900423920702363
0.30081921791637195
0.30363125191525564
0.2958268651721514
0.28974425951243576
0.2827873094481371
0.2855402684856234
0.27677608261314435
0.2781821603728887
0.2736916405886863
0.26971707385340904
0.2710981606384787
0.266942837487509
0.26383081278356535
0.26480587342346723
0.2621772468455192
0.25847679857165523
0.25985714799860904
0.2574652726250473
0.25470329453460255
0.2566369560335556
0.25454857670826764
0.25241771582347133
0.25374108978046506
0.2520708220448074
0.2509222281433717
0.2545761170333898
0.2485531594835045
0.24902692227106749
0.24878371058997467
0.24854452230348476
0.24901154592919963
0.24909704632719656
0.24865950940234324
0.24877902420433612
0.24809220243366092
0.24821070960071023
0.2481811493923458
0.2484577040281726
0.24862322412547108
0.24908710497459877
0.2500139680157834
0.25062793474971035
0.25237247680338426
0.25246430087561605
0.25276311666390755
0.2520313080734822
0.2509664800248587
0.25270169334934345
0.25396455867165757
0.2532297089502765
0.2537184848804137
0.25521297487416506
0.25652983978369087
0.2539439566753568
0.2574013918986545
0.25552958425156985
0.2562116849921618
0.2571436070179598
0.25494608245897415
0.2557027646388723
0.2580823469194536
0.25466892144854797
0.26093342903852224
0.25658363048649496
0.2593460981834554
0.262082165631346
0.2582442118816602
0.2606186789840644
0.26537153185428913
0.2615003598698564
0.2649040434934699
0.2689536941651975
0.2748086596132451
0.2548479545705319
0.255776873882151
0.2612390328067583
0.2700467253807933
0.26996437866252093
0.27523650593106663
0.2850465731324676
0.2896022261924957
0.294738640751702
0.29543842275685717
0.30432786202198375
0.3148447234618219
0.3240483712531902
0.320697124607656
0.3330188801822968
0.3424128320353691
0.3365452343182332
0.34193654172360316
0.34303532901529526
0.33835717654960934
0.3402870321615379
0.33439394733689337
0.32787427607946995
0.33119820288694735
0.32390923385144516
0.31731994045877343
0.3220278554269567
0.312179319618468
0.31806012277577017
0.31250451863458145
0.30667962063430415
0.31242798841318875
0.3070476961092843
0.3035346730330678
0.3006096063006022
0.3057660463525832
0.2998761283186431
0.30325971649233274
0.3007260022690034
0.29828923527604345
0.2967109959172803
0.3011010582526154
0.299265657413139
0.297246563807434
0.30187251431917994
0.30184542543711945
0.30098890088083385
0.30080725245228745
0.30427916849233144
0.3034081279915457
0.3037813261710292
0.3067510395208284
0.30666716002878536
0.3066041358833649
0.309065571074306
0.30928254278888684
0.30997557890641464
0.3118957836913942
0.31211185717361056
0.31322672668837676
0.3145295347320877
0.31636185593403154
0.31668326441488226
0.31560478619069066
0.3167748299758249
0.3184493339323537
0.3181697222058852
0.3205734928499208
0.32205703173785205
0.32393162746515297
0.32271551172763024
0.32615698806542165
0.328697532409523
0.3266222929201894
0.3307843578800397
0.3332899716003216
0.33085863949553956
0.33415075738613187
0.3379289126568835
0.3363396196252663
0.33980447053316465
0.3412044193025164
0.34684590247055663
0.35114606024451267
0.34956735840398745
0.35442441720196066
0.36008036625816564
0.35778779449038267
0.36380509298778285
0.36159679673063244
0.3662587689449671
0.3727645060745088
0.37984667959775437
0.38847524387806837
0.38482701175714934
0.3942125214349505
0.4032377343898869
0.39936109501680994
0.4082179827686546
0.4156611706064013
0.41263483567145814
0.4235339275806971
0.4351130440205292
0.43080254077161273
0.43935851333576614
0.41006439870231404
0.43919250168241386
0.4371649853275915
0.44585911856617183
0.4468320365951619
0.4603619709288776
0.478253206256385
0.4718087587623369
0.48471025983209987
0.4964374451511064
0.49620663567860934
0.5092481047573953
0.5238071019565855
0.5229966379874736
0.5373574195514076
0.5527370120965092
0.571370239413387
0.5881347201794915
0.5888747619509019
0.6054519534752762
0.6236949564267616
0.6395853261680131
0.63842877281549
0.6390056696337355
0.6277615857734696
0.6351296992789113
0.6197160325601764
0.6078392569289758
0.5992271957197903
0.60018265685075
0.591385214297328
0.5838329876537912
0.5762243009521425
0.5797262175383237
0.567771228120007
0.5709271353005482
0.5591618839156044
0.5645995978235615
0.5538720934243424
0.5421073150282428
0.552172452334512
0.5397102861548368
0.5267424641087556
0.5322353712463572
0.523452811209185
0.5287447032249013
0.5189851446009555
0.5172396085189929
0.514753612952049
0.5163454305410233
0.5145146609277191
0.5136626442292801
0.5175257558901195
0.5088215779538731
0.5126408422896862
0.5185909719744014
0.5144906151299259
0.5106184182913618
0.5115395645828874
0.5143402499289836
0.515553770262311
0.5180218691117078
0.5232419550791858
0.5256356700825003
0.5269639132363053
0.5301974879961208
0.5326721467027633
0.5352380876715366
0.5387303422547577
0.5411950160332418
0.5454879536699458
0.5471559464298222
0.5524488302633956
0.5586711916970152
0.560902113845497
0.5663760412575282
0.5735795083662644
0.581862739881317
0.5828784006510228
0.5912155627348445
0.5996872931442042
0.6003229177572674
0.6111666949820426
0.6210370437320126
0.6314451216025827
0.6329651124905316
0.6442044357380092
0.6552932534724749
0.6666123067499493
0.6829211476217205
0.6849342725794778
0.6957582965696373
0.6972934395890295
0.7119300013775496
0.7258803509203997
0.7264352304219509
0.738639577291774
0.7552758302122524
0.7700053564635567
0.7665878442662611
0.7813365404595736
0.799803238181543
0.8177540477587082
0.8103106283258299
0.8331842514029708
0.8538988813909807
0.847675088714542
0.8674608146930437
0.8870668848893853
0.9095017090543295
0.9314146371590338
0.9174070852080692
0.8020973193739658
0.8925799547536111
0.8915127712042967
0.9702388230110721
1.032681555559387
1.0293684792941045
1.0881650638647067
1.088908624480983
1.1439764369893342
1.2071848821136895
1.2202206502887472
1.2644604705951685
1.318374306575131
1.3113812997222987
1.3751713397534076
1.4224819459089801
1.421918720770858
1.475040362367226
2.174226881337827
1.5060892336192768
1.5134257344185806
1.559852828749696
1.645857166916146
1.2801727763973623
1.7652770773420123
1.5592644320832827
1.7842537204406383
2.2745318087240145
1.6853971200297617
1.5819801439062717
1.73111119591045
1.6259477037618422
1.5291417088153159
1.7540567591069025
1.413742032779753
1.2852643621212592
2.907793879827292
2.907793879827292
1.3384999898061647
0.686216636264771
