0.017700706939556984
-0.058909256340052014
0.11680661076081529
0.16771146693144812
0.15412112768230454
0.18934348078118995
0.21501333134674003
0.21805763589443036
0.19585182762299147
0.16254745915362337
0.17342252695586724
0.1409892340208758
0.1002207435041558
0.11790072111087857
0.07257239162956995
0.02970176557155285
0.04140898687200615
0.019796531392865215
-0.013166689091238271
-0.022710491076972067
-0.0416190292642353
-0.038310209629099784
-0.04217527944307766
-0.04716880076084543
-0.047638813944814985
-0.04056278356975593
-0.03346232841991209
-0.024913089797856
-0.02681136569128984
-0.01802321861308581
-0.00942107791301532
-0.012202583518604662
-0.004312267820435596
-1.7706918131303965e-05
-0.0028997958458767278
0.001351001953141785
0.004535468077834435
0.005611284282665122
0.005659507409333504
0.00284463226734449
0.004228194101523804
0.0013312330710838517
0.0006790336310017673
0.00199334417911181
0.0025145453127075395
-0.0005956631012316346
-6.352218891136404e-05
0.0014284702705876413
0.0017968308918100617
-0.0007066510847590192
0.0006523706560102703
-0.002064394462582306
-0.0003608640552254877
0.0013831570343280657
-0.0002303471181340613
0.0010130631418274977
0.0016693297594833332
0.00160043288091551
0.0007639899194569428
6.818126761380002e-05
0.0002963897070112407
0.0003609345406171367
-0.0023424293315188463
-0.0012512055914355048
-0.00019304843262349226
0.00019387126679511294
0.00019387126679511294
0.0004336065594474248
-0.0008222314276806946
-0.00109724728413648
-0.0007033818233569013
-0.0002511071926248662
-0.0018197114955077964
-0.0015276324307080056
-0.001181315550696095
-0.0007244822677318609
-0.0008440185543388592
-0.000750845157126176
-0.0011047923525971596
-0.0010611414997103706
-0.0011830002818500817
-0.0016780993003228265
-0.0011714798087537634
-0.0014522420873779285
-0.0018884834583359415
-0.0007130692228661604
-0.0002477598986350869
-0.001844851473860754
0.0012815491649723985
-5.180410416876356e-05
-0.0013525469617815813
0.0012698190922259048
-8.645312710729949e-05
0.002933871280834809
0.002212944811251878
0.0005773579736290244
0.0007715796130987608
-0.0007250612512749026
0.0025623319174958147
0.001612120346778716
-0.0003461123641495705
0.000491368012846417
0.001814107242507532
-0.0003328392716134103
-0.0017029948273209342
0.0013375023033525778
-0.003168097258090766
-0.004238285023794898
-0.0029464389823755195
-0.004146152173085507
-0.004556634501666784
-0.004914375009663374
-0.007975206083301978
-0.04659081469273209
-0.0051061191046857975
-0.004077312644892494
-0.003662180419956685
-0.002907959976457057
-0.0006386125611332169
0.001306679096474104
0.0013545320611840132
-0.000379120642342652
0.004203126686727781
0.004770250575026354
0.003068040426437202
-0.0027411083463688758
0.0014514041107067438
-0.000245332630559368
-0.0033339325045944313
0.00031495430571220744
-0.0022924509757286135
-0.004815444449004256
-0.005786128287426319
-0.0036707170606529605
-0.005077028917940632
-0.0015609834895556772
-0.0026221981458705128
-0.004329157179454522
-0.0062315265553886685
-0.0035845076465728615
-0.00480936314495368
-0.006456502991326683
-0.007244483801696065
-0.006043826235756559
-0.007239567932940152
-0.007101923091776238
-0.007487989220422221
-0.007048885956773093
-0.006939894124708651
-0.008178579118701476
-0.00817386060071393
-0.00693181443064196
-0.008880909762805396
-0.007582269327666843
-0.005628318757991587
-0.008314076618601323
-0.0070717955973232305
-0.005892321029342518
-0.009462075805629695
-0.006466336066831689
-0.0035461244245750343
-0.007609206331866517
-0.002811914639222051
-0.005725344993839898
-0.0023930546846439083
-0.0008460915871565591
-0.0032339263201385552
-0.002399143287735215
-0.0015255184365092877
-0.0045640456074039154
-0.0039048397143518023
-0.004458966069658602
-5.093110801848534e-05
-0.004729062184238872
-0.00251829931519035
-0.0001407079875280522
-0.004346106244196513
-0.0014881748761616795
0.0011577179505671508
0.0030380548262472656
0.006927894282978148
0.002332362004862208
0.00139235633442435
3.7567565788238486e-05
-0.0002504811227914681
-2.684620296831088e-05
-0.001820991908477468
-0.0016578868928917919
-0.0016754961142658286
-0.002997391257462952
-0.002895457336214021
-0.0029672536133535207
-0.0030491347375388145
-0.00333822307707404
-0.003826924376293965
-0.004219574513590437
-0.00365801660023876
-0.004051514015066315
-0.004516913591676614
-0.002824754818068753
-0.0024301090810991926
-0.003575750745463418
-0.004213263600425246
-0.003259405012225852
-0.003846863252786878
-0.0032051054444193474
-0.0014445534598218218
-0.002387460067082453
-0.00370799470726816
0.007400096492475489
0.00820240320574405
0.007905491672225744
0.007239853864437791
0.0063525492062453835
0.010371553344985051
0.007778159583398765
0.005666439947101266
0.0061600777420616
-6.62801676003113e-05
-0.0020550896491135424
-0.005944762706684792
-0.005258908108576999
-0.016663659258200975
-0.05017604550654189
-0.026235457571320873
-0.02337550189183401
-0.02120503039301991
-0.02013222424349105
-0.01750975073926514
-0.016101486842209176
-0.01276400701796363
-0.010883119861318789
-0.008481032609585305
-0.0059166920590420285
-0.005506187231324615
-0.0022782470937984718
-0.0022126985749009996
-0.0026155769735623927
0.00028150301044769366
-0.0015699915352142119
-0.0035042787739244905
-0.002044400713879258
-0.0033197431722812305
0.0001167988106258411
-0.0008226252063373257
-0.0017710447063604073
-0.0044641803882068155
-0.0005293561767322997
-0.00252743755724354
-0.004571456778209317
-0.003286392458502277
-0.004026792519353985
-0.00510823716112745
-0.0045346972577641875
-0.006186038378705314
-0.0069275843405072444
-0.007871161738159509
-0.007384138990905859
-0.007349787927699526
-0.005722535041670903
-0.008550223429479363
-0.00567184786923415
-0.005153641093610893
-0.006973233998368281
-0.006198424976178599
-0.0051775751232622375
-0.00877375515787799
-0.00652901174609766
-0.0038494875200295316
-0.001976800845399677
-0.005574130744651281
-0.0018862018916329785
-0.006931254809441806
-0.0036433583948878067
-0.0011596619691050848
-0.005398794646407798
-0.004622542559431335
-0.002051138776850357
-0.0037714318845687117
-0.0025808464443342178
0.0006611200538543886
-0.002083316461925806
-0.0004924021210466228
0.0006304911481036849
-0.002928864024005876
-0.0005459561300247935
-0.00561257992782249
-0.0036196811815815875
-0.0012117281496627766
-0.004150756990987129
-0.0022101743427152022
-0.0013515446864861274
0.0002490220627564221
-0.0037633862662235134
-0.002018208203843551
-0.0013001653460062185
-0.00400310181177766
-0.0012249643118289952
-0.001724626558069339
-0.002578141260529077
-0.002242527971050149
-0.0019468786001899919
-0.0018612948995022879
-0.0018481470464769515
-0.002139166770824995
-0.00045099703593079097
-0.0011753110732559539
0.0012313509534554413
-0.002013898626540981
0.0021143220589598588
-0.001977405384969189
-0.004694460323837629
-0.0010562202623872923
-0.0018627201877032807
-0.0033956298486048065
0.0006281350803844424
-0.0003752075910654652
-0.002161583907752061
-0.004090069004581022
-0.007801695928635692
-0.00543769003578942
0.0012109656255603364
0.01838466046068638
0.01679811201760657
0.020749224688188968
0.01766781952142102
0.015967329463833394
0.0018675938637392638
0.0015595042781773429
-0.0022719666108275017
-0.0058156110288783
-0.006645060266503748
-0.008868888251384115
-0.014849643073181968
-0.015758157153550563
-0.017564032422099543
-0.013095725012491339
-0.012843655100078481
-0.010289409495787492
-0.008672658092558348
-0.008059066486053541
-0.0054658973745566235
-0.004696996393520694
-0.0028456605003605007
-0.0017136222216718115
-0.0013497149330742783
-0.001785999685024308
0.0014958133698242538
-0.0023687802941548654
-0.0025950300572842237
0.002960214059309459
-3.2701486186575385e-05
-0.004294292255385187
0.0011097559747196676
-0.0020426903067811554
-0.004707403902545428
-0.012257002365168778
-0.00895034063860762
-0.012317861642262798
-0.008641019365752053
-0.011577582450045787
-0.013490948522128114
-0.014907878006209572
-0.012480182628004217
-0.014889582410791335
-0.015134058081251836
-0.014571441273809663
-0.013381026152875106
-0.013224586823376218
-0.012578007435164079
-0.012069666319911921
-0.012204064490946223
-0.010706916496053634
-0.00976522302045445
-0.011612460928665204
-0.013065532623434576
-0.012095829549160378
-0.008834249378466292
-0.011801672361095918
-0.010296302030466154
-0.008434200586676408
-0.010060550732136268
-0.008927765847476551
-0.007329469528430956
-0.010898548951929021
-0.009748900969455934
-0.011692968630729522
-0.004310523516621713
-0.006772789586941264
-0.003854515104617235
-0.003287955713354848
-0.0064147099606785465
-0.00472821024086304
-0.0047286151056587416
-0.010162052029775147
-0.008999485330930371
-0.012185924095418582
-0.00857711509099069
-0.006018502368160678
-0.011859378284023947
-0.010372989636046636
-0.0063048859271610655
-0.003547578043850098
-0.009304295211806285
-0.004779082831114993
-0.001119697903596972
-0.004168307732127227
-0.002013137845106588
-0.00010332543227515494
-0.003860717818889327
-0.002458305157237024
-0.0020915569599415772
-0.003647448468116847
-0.003895527164237922
-0.008140469313959495
-0.007589332612914961
-0.009087329621011745
-0.010142191166673023
-0.013532588374815878
-0.01086327394840692
-0.009833935167297329
-0.010295742853548782
-0.008109865498683757
0.03761345800521912
0.030195090062165378
0.031149667330306486
0.038146829411928866
0.03496062421069346
0.03545345671198694
0.031932065658316654
0.028503935978471964
0.02891791129442239
0.025358716995161443
0.020831108233027338
0.015721500234448134
0.016813077730101322
0.011846749443782946
0.0072189623691848665
0.008526432119933683
0.0034652476068641655
0.003283715327742239
-0.002459026585753151
-0.013618506484004717
-0.025756117444683983
-0.03038854193018763
-0.036947080867844505
-0.03951345756827602
-0.03539971308995265
-0.030444699943817027
-0.025018010108460553
-0.024907609142191967
-0.01929719231542568
-0.012140826816659227
-0.0044681728545231175
0.00022062855965857835
-0.006091058929230286
-0.0019564712338383536
0.00027104785137630817
0.0011038114678633174
0.0007066190306135652
0.0037174505113029346
0.0032340105813769516
0.0010596933902099837
0.0024651866490352035
-0.000537682286657193
-0.003027808203697774
0.000968803639195502
-0.0010061300469456538
-0.0037836991792588094
-0.0007514442940783146
-0.00284871472258692
-0.006026191804457469
-0.0068943085389766645
-0.005857079162523339
-0.006902851139561058
-0.00741357288332453
-0.007975048393921134
-0.008144841455868815
-0.007672799807780294
-0.008266027090374115
-0.008152721830134773
-0.010186792111672952
-0.008569089419530858
-0.009886650693068775
-0.014640689636286335
-0.013912188875907242
-0.00995512477867104
-0.007931451430339255
-0.01113820902004885
-0.008898383791648532
-0.012301905069988999
-0.009432790288551155
-0.009693860872931967
-0.013090860477833147
-0.019359871013185353
-0.018747143097342708
-0.016091169211006378
-0.014567810666601498
-0.01584550649176273
-0.015261008933567848
-0.011854314000585505
-0.011145160723904339
-0.017398041437208626
-0.01533518642607996
-0.013018088280389984
-0.019205220400869985
-0.01623965128630463
-0.01412349511866667
-0.02063780976957729
-0.017367119201121044
-0.01514586435673677
-0.012456466966025703
-0.0156808192014199
-0.014770148984440503
-0.019034649126688643
-0.0165992564787559
-0.0161539471753846
-0.016789705559537817
-0.019250481025997024
-0.01760525543824003
-0.021105984116909754
-0.019845478307798075
-0.020638797677277956
-0.020629892815066813
-0.023091677158639728
-0.02192059347183824
-0.02403302893340949
-0.02704218471807138
-0.023860041199879008
-0.027572849350955272
-0.029611076139125454
-0.02714888417994104
-0.032546527346008006
-0.03605418107896521
-0.03628418937318142
-0.03392082720546122
0.048281599977333486
0.08387397452749937
0.07357220776819176
0.10502176211720111
0.14212546120239322
0.18282736210460301
0.17431228066699125
0.19645015789034936
0.21181136608252263
0.2017489529416087
0.21859921549093392
0.20288192391013063
0.20410473927456757
0.20985898144329337
0.19082143505775098
0.19774513634672838
0.14508955260441284
0.12313878903908632
0.127041822601074
0.08370001851713461
0.05193532981119101
0.10107609773812953
0.07037409229057062
0.04257118959851981
0.04610750517074115
0.017445768112220175
0.02173314228890743
0.005027623974408308
-0.013390790877769546
0.0021162464731992636
-0.01125907053061777
-0.0166550793985701
-0.02381791033957844
-0.019412414638151763
-0.027474820003904346
-0.02226509332070916
-0.02782288323985313
-0.03517358194092806
-0.03411190391448866
-0.03572297557319938
-0.03910887475984083
-0.036920807856974096
-0.039463757189504164
-0.04442080321613453
-0.04403778399206906
-0.04785761441630609
-0.04417460111158814
-0.04763246215146613
-0.050904919285811374
-0.04765572968233964
-0.052043591347674605
-0.057216576603914604
-0.05485251547427388
-0.057174163420283
-0.06487828102200663
-0.060872535134739364
-0.06625951525227175
-0.06896379553129557
-0.0788342557318455
-0.07519258758308214
-0.07933203246034
-0.08668905585317938
-0.08740529535262054
-0.08710081102789381
-0.08915557925621677
-0.09819330938411862
-0.10350242385146158
-0.10674224835661879
-0.10209389891916372
-0.10780906742063183
-0.11348163571812492
-0.11604738588840291
-0.12347027809292206
-0.1277116072534645
-0.12724946784976188
-0.13047262253178285
-0.13771994500132687
-0.14002281815079082
-0.1526706249916819
-0.14899988725718322
-0.147340779884666
-0.14216291416754714
-0.15981333154963498
-0.1743870737667805
-0.15496375538314502
-0.15031769385772856
-0.1404151135643723
-0.1507564298146054
-0.1646841922337159
-0.1858283127098336
-0.19224046404047115
-0.21661939627726706
-0.27848875501654385
-0.2824783292492058
-0.2997150466649836
-0.26648916014997814
-0.3599164712503408
-0.33715671098331323
-0.32918142382693466
-0.3127167298695994
-0.3392016721357453
-0.30545730836571583
-0.3309282911864707
-0.3510480524043141
-0.33092992898102097
-0.3665913046293678
-0.4049831979650144
-0.3921206752516618
-0.44150257137386106
-0.4901217812654212
-0.5522863449459591
-0.6278591936383877
-0.4046077696821192
4.503424002961799
0.03153873971953368
0.9116890799256459
0.3658667562869767
-1.8937835312078115
0.015822556935226148
-0.09857717864492246
0.10780662187746454
0.3971697718573679
0.39405785305844937
0.3771884173956308
0.38013988194351356
0.33986787566760013
0.36155430060267413
0.28657683387538674
0.20478705728467103
0.22720069694390752
0.15781598426059457
0.10241041129274969
0.10677554069812911
-0.027827384331497933
-0.07752346207502123
-0.06714278208989936
-0.10241587439251312
-0.12845923661269745
-0.12458706615517758
-0.11133202077313274
-0.09951288054514448
-0.07907351499347293
-0.0862194637663679
-0.06203249568766514
-0.037052982856699376
-0.04221193558076264
-0.025363628160619652
-0.00935503529204006
0.00792900429308913
0.004694529348196584
0.011786246623533397
0.016932224866419644
0.01849167322608231
0.017204615800462772
0.014570474426110907
0.012849295492443904
0.010068928156507168
0.007466918073462176
0.003508302158970155
0.0024067712301631457
-0.0008194392215450553
-0.003233453383268979
-0.004334356082369621
-0.0054284445077070476
-0.005750688034892338
-0.008897107538177847
-0.006550852556421072
-0.009293434919193983
-0.008511472912580875
-0.008249254626025153
-0.009744978788328473
-0.009123687110859242
-0.008538407844968584
-0.008477558718913881
-0.008638844556727518
-0.009496878923890362
-0.009626749337374103
-0.009397711475224866
-0.011069285257546415
-0.010333454955660066
-0.009415814884637268
-0.012058433195714756
-0.011070458866863536
-0.009338904912271673
-0.01166880292319244
-0.010590014293369353
-0.01006516400444094
-0.011167315943463192
-0.010679638001880125
-0.010463014075392522
-0.012345080955989109
-0.010378636660343697
-0.010615379752927395
-0.010302573266214072
-0.011579780638325689
-0.010422009085351331
-0.010151672105488119
-0.009917239086434685
-0.010166626245276643
-0.010361171460884522
-0.009327959335506574
-0.010225857174582171
-0.010541494078549773
-0.01074499747723473
-0.008941392909033228
-0.009983944745162694
-0.010599547226302476
-0.007186911288107942
-0.009269910187057058
-0.010717256897415138
-0.011842509125270047
-0.008015068579651553
-0.010007342022855966
-0.014038990836705338
-0.011136898906028122
-0.01253781656739257
-0.015329563175933484
-0.012575295430965323
-0.014321373110572974
-0.012613732033546494
-0.010838153918038695
-0.011583716083647689
-0.0126150684521508
-0.0126150684521508
-0.013584407094526624
-0.010536568639807387
-0.011885074815543338
-0.010628976474940283
-0.012757839880898602
-0.03711971391628817
-0.014899698090578865
-0.0025567384563930135
-0.0007432131722525401
0.0006188230492981531
0.0035999967416871347
0.005221537419062801
0.007839196911773422
0.00764485256537929
0.007742156322582124
0.008399889433151177
0.010114528908269785
0.0070204431064987815
0.010931856491548878
0.008812610965344593
0.0056275845029834124
0.008308870064305082
0.0018156250256057362
-0.0035031797813314196
-0.003084782237393334
-0.009483183616725788
-0.014495763916836109
-0.015177181731100617
-0.02169869073407247
-0.023356274446376984
-0.025091645935346348
-0.026217469402078496
-0.025710812171312863
-0.02664212453355084
-0.022711296579567043
-0.01771569976786231
-0.019366854629678354
-0.01498000776463101
-0.010495572337043627
-0.012540179146031233
-0.008200517264448409
-0.00616711113134441
-0.004736580410765749
-0.006614720641616587
-0.005504008718239496
-0.0037983221574873754
-0.007631622133336763
0.02110787830717344
0.022443388263447932
0.018457702359800425
0.021022923130736844
0.017241141512413058
0.023261127449972288
0.021156032950160348
0.02268678225531268
0.020454394092592004
0.0182522331911342
0.014685817821798551
0.01159631902492536
0.009865541009465571
0.005648773978415579
0.002103113159750655
-0.0006950197380180006
-0.002644030084140605
-0.004385989284370783
-0.006041798450370518
-0.005391767965384106
-0.008597499845872237
-0.009494711557618597
-0.00811673710180953
-0.011321811616407778
-0.010237669213048523
-0.008588736909898725
-0.01192171951323239
-0.00976923183147202
-0.006881819862614307
-0.011952877386604457
-0.005775916693134696
-0.0076274740013710035
-0.00613083468898638
-0.008519280688102525
-0.00603436875228501
-0.0047813636272111505
-0.006788317537058632
-0.004968594166268425
-0.003960538402719042
-0.0032577153129064442
-0.0030128277761586413
-0.0032125487777115956
-0.004154925598206708
-0.003250693676036804
-0.0033116717879515195
-0.004054113935395891
-0.002529424248797774
-0.0033223232986390517
-0.005214794134692728
-0.005857561648575248
-0.002526927023427371
-0.0035131509346676415
-0.005308305006790679
-0.0018632684798594507
-0.0035192109794390837
-0.005759467741875986
-0.00166922712130364
-0.0030908340944238804
-0.0052832986766564016
-0.007016613349462528
-0.0035434896163841815
-0.00557589816337819
-0.0060767539709629375
-0.003761375187290939
-0.004305017556682896
-0.005694781625294463
-0.004815945160932869
-0.006482943532569848
-0.008872279157188835
-0.008084235198294031
-0.010733781279464758
-0.015814302298506815
-0.020061737444809376
0.00014129434460699952
0.003879958222714727
0.005467349891206941
0.005788715305859198
0.00788887420984661
0.008635332761134635
0.009870601286390595
0.011548047671042958
0.009950961438401597
0.007278523815789199
0.009566491456806938
0.0014480744184745442
0.005830402072348895
0.0019798203421682063
-0.0016525826394743748
-0.004476368119655103
-0.0008014867143432851
-0.004097842443244611
-0.006626471081933663
-0.003940630179697158
-0.004573496895341896
-0.008121527206966954
-0.010256617325195736
-0.009316934057540756
-0.010064652392360283
-0.010564546877998725
-0.010561093437673884
-0.010688206824557695
-0.011032905664810156
-0.01091531011520756
-0.010403715532850868
-0.011323653232853783
-0.011198845804091204
-0.010967272456437855
-0.01183507437973575
-0.010564831018374356
-0.011957018737805962
-0.01066967561443247
-0.009645555404252413
-0.01200445640122503
-0.009957146660009722
-0.015138023263206625
-0.013660985218654845
-0.012096770875385729
-0.01593480343559509
-0.015371088763302572
-0.0135582055501238
-0.016942714481459134
-0.017857234671128937
-0.015218163690260985
-0.01775252264265029
-0.016825545365634534
-0.01526144392387828
-0.01798629984661017
-0.016630688844284498
-0.016606467972921347
-0.020318587842040253
-0.02048006770903094
-0.01854221463284676
-0.023169709538205945
-0.024424682574795135
-0.023292580512514174
-0.022897584319000644
-0.02906627760956572
-0.02783047077320379
-0.033450336180710145
0.005856049909212719
0.009244709165090898
0.004195863572659047
0.009631597381828986
0.010379717901499743
0.010486880215488364
0.00389987657532454
-0.0010951580079362924
-0.0017265047238012084
-0.008121758650160613
-0.015562902387876928
-0.016741221090717098
-0.019504449997859188
-0.023533798016558423
-0.023935143451710602
-0.027198730437362394
-0.026982003176890538
-0.032432162390992725
-0.0319446867831014
-0.03196679001880027
-0.0313057475702876
-0.03644321977657114
-0.030053407450569128
-0.024205353581844898
-0.02702903990783279
-0.015965597176038796
-0.018270411602657126
0.016001069387408463
0.015043556765758692
0.014881668580547907
0.01173804476401919
0.013695934327595338
0.0018683595675828702
-0.003154707409351277
-0.003111599747459216
-0.013630023139170005
-0.01198751609674741
-0.018763790952347252
-0.021874786007091977
-0.018620854923339168
-0.028353431540891552
-0.03349406213230942
-0.038828012960619544
-0.038259218128321656
-0.045346751689525296
-0.05774321678578942
-0.05729260242220464
-0.07407705729925913
-0.09729335717130479
-0.10012665462974747
-0.08437761524122724
-0.06934762292919545
-0.04745641326965467
-0.03340080172796954
-0.030921953699932673
-0.014640954055763796
-0.0063640303354009255
-0.002808709702556325
0.0020084683064943436
0.007062695746908345
0.010258296875182274
0.008162698711702136
0.00575012309292616
0.00705429417631956
0.006019231994413304
0.003528908320758667
0.004807502136394146
0.0013743831470267916
-0.006044684748392514
-0.0032793640210939377
0.00018689474405077588
-0.0024872313183675844
-0.009799174149310839
-0.0063716393062877045
-0.0079464699199634
-0.009452226220988649
-0.008399939908461732
-0.010099674231658471
-0.012725589857685625
-0.012565501550040237
-0.013955116108002995
-0.01573178834634204
-0.016778439141154785
-0.01718645996075291
-0.017755644995963202
-0.01920619120565053
-0.020089907708461228
-0.02332674576360896
-0.026629870598006273
-0.025916770410436243
-0.030220764049611902
-0.030940064699869926
-0.031191801653866123
-0.034355153183308264
-0.036510145085546196
-0.038537610806667795
-0.041210934968800544
-0.04028683840280768
-0.03958934599346273
-0.04532530911457055
-0.04440417675003577
-0.043663716006450595
-0.04941147695040869
-0.05043184833227825
-0.04891291737272429
-0.05531960694381428
-0.058154608142347526
-0.057257279778514025
-0.05754839507708924
-0.06746001834779242
-0.0674564390201197
-0.07877061264392865
-0.08104069744839643
-0.07564977068496963
-0.0850229356380827
-0.08934234758959748
-0.08863015907210553
-0.0963644981783875
-0.09548007894843334
-0.09151554794773849
-0.09754443855367237
-0.09380230580146592
-0.09379650122044968
-0.09948196195233634
-0.08382623004496498
-0.08111511915478928
-0.073864172534358
-0.08133091967640896
-0.08447174908110948
-0.06163114631155844
-0.04895393657948903
-0.04665999604701842
-0.062173491488796875
-0.0802263455616433
-0.0710366349643631
-0.10005044704947579
0.025809193472851634
0.11582469173869285
0.14540060019952963
0.1663617460694596
0.08776838709464628
0.14517114336192702
0.23155871154926802
0.2437690447084709
0.25277939912750885
0.25102704004896637
0.5660551521420922
0.41944209374183655
0.32967197700449313
0.5945846784090058
1.2094955321356786
0.5182213223651535
0.36956270239886374
0.4852713422184086
-0.030745110701442344
27.097501980983278
8.037286609418564
0.01457117908549921
0.008806967349881652
-0.042644604336200945
-0.015187108167180533
-0.09105693917023029
-0.0777965979306132
0.001623265467536543
-0.0106350990493081
-0.014357864267820361
-0.01706771676754837
-0.0029866417331113853
0.010498103203896943
0.011483020909525823
0.017055388042070557
0.02260185792628398
0.02420158536141403
0.023526228703111808
0.017152284939474665
0.021891702159338
0.01684550315340886
0.010056043920435876
0.01446229499741548
0.011332236481237174
0.005818979212631164
0.0005195226797912748
-0.0037916297705659126
-0.001947475340489406
-0.00527447351371491
-0.0063501287662260176
-0.0071005966611750945
-0.008095435470184261
-0.008558106019856718
-0.00808145125757357
-0.006869677225002109
-0.008778908507296792
-0.0067322556982103935
-0.004592263397294929
-0.007550382699031961
-0.005482311846707891
-0.004312163966124515
-0.007650555987473475
-0.00583987996515765
-0.0031188055385456214
-0.0019457878304235754
-0.0054316712802023005
-0.0030230688006899933
-0.001528283465028628
-0.004525734376347374
-0.00190061553700112
-0.004930944341064733
-0.003159895434243923
-0.0014117028790999742
-0.0033760160567003045
-0.0014849776182379614
0.00031201750970752927
-0.000808882066598972
0.0005200713858190893
0.0008897039202667647
6.320287620795783e-05
-0.0007304016188117273
-0.0009600779491392034
-0.0006676068108925822
-0.002343659567119685
-0.0017551301024066128
-0.0006420646356772337
-0.003035102887226092
-0.0007949968926578869
-0.0031660439523796113
-0.002060572550561238
-0.000762884205451055
-0.0037763863759763313
-0.0022220712315469287
-0.0012032726540563046
-0.0030994932540758646
-0.001570346043142361
-0.0007555467576402009
-2.2585033888214624e-05
0.0001819601140582838
-0.0002619504631449607
-0.00041455819515080723
-0.00032603292056561275
-0.000336350982920642
-0.0009750057288307034
0.00019479810415075038
-0.0011389561333733618
-0.002177038834860219
-0.001997424778924638
-0.0025083374279812718
0.0002603249157956299
-0.0010742286315301598
-0.001923411823959863
-0.004076255155108376
0.001721946798494962
0.00822533516365048
0.0343930892163631
0.042737565344222274
0.052505096283042736
0.051628954684256254
0.055150005940940265
0.05575487741638603
0.05330798570982056
0.04874602732207308
0.05036389883126574
0.04221516702736737
0.034640054958800424
0.02777964802785367
0.027855454911518075
0.01987033919279446
0.013957343498256787
0.01513721562979594
0.007748822934083079
0.002784989051072931
-0.0013267714575484384
-0.0005147138306623777
-0.0025972541130506086
-0.0020883556101796616
-0.0030877305290797773
-0.0004907285296977326
-0.0017111827795667084
-0.0027416465103201116
-0.0003010806509971947
-0.001622901214663728
-0.0031844006038338423
-0.002985714441042621
-0.003987204849724248
-0.00039051934701871696
-0.0012390423419909782
0.002865789147112446
0.0004968280544543842
-0.0006073141310705794
-0.0027082785490562936
0.0022220126933189866
-0.00046488114004344705
-0.0002219978707561348
-0.002644854421761549
-0.003860069907061092
-0.004890018502497476
-0.003294090670148452
-0.003952970102242042
-0.00461858925848092
-0.003455249478270788
-0.0036936514256523116
-0.002708409513336009
-0.004418990501692613
-0.004185876735466481
-0.00399117545359777
-0.004370956118729813
-0.004100572602580841
-0.005574048764154927
-0.004457152363913973
-0.003802292494321655
-0.0034709708811532978
-0.007378155592376122
-0.0037781566960948935
-0.0022981551078292946
-0.004990985561894315
-0.003454190324841929
-0.001110125258830653
0.0008594429667435455
-0.0023348391507450623
0.0009505882217242273
0.0007668117566038513
-0.002287583720638837
-0.0015855638988197392
-0.0007496381391414467
-0.0031705043016226125
-0.0016250567588193359
-0.0002415558324996292
0.0006331416811201064
-0.0011573744512428984
0.0001586730306358864
-0.0035764432349514844
-0.00174293569617772
0.00034927118556062504
-0.004581934447298364
-0.00294629926241874
-0.00164927491512824
-0.0004129843795157783
-0.00394307787707222
-0.002841530779671264
-0.0018355834086514675
-0.005360580808764815
-0.003742191306684751
-0.002615705019561622
-0.006270708545962525
-0.00657522028024822
-0.003268307951866103
-0.005855228311737986
-0.0037366308754905072
-0.002127437414467814
-0.0037977821995534363
-0.0026005621377834
-0.001554825185385503
-0.001219717913469211
-0.0012765857294618891
-0.0006249269704721714
-0.00024194650378661268
-0.002165354848706562
-0.0046153489121235625
-0.004751803490551781
-0.001438824360571175
0.0007051757722407394
-0.0014289217876537624
-0.0007362238161445803
-0.0003851275035354474
0.0356772907308456
0.032911559883331505
0.03518041919353909
0.042348898089246655
0.04928727210039451
0.04936597462691792
0.049416215072180115
0.04417401175189864
0.04578911160241767
0.040844200739027094
0.0326921149556065
0.0249655342386199
0.015493269655118198
0.01604321136483837
0.011357183858046968
0.004356843395452906
0.006022884582016672
-0.004316024453852775
-0.012976034168964186
-0.024950440454504005
-0.031007311511744913
-0.03234036008373879
-0.0293853279776307
-0.025953358146000274
-0.025450781803043807
-0.025086990775773227
-0.01955445499487342
-0.016402887361330012
-0.013949249794869183
-0.011985709714950117
-0.008461538411193176
-0.006735420727751386
-0.003715823545883195
-0.0031575436558407663
-0.003583959424505245
0.00015425213960602836
-3.5198120999112377e-06
0.0013471407973685398
-0.0011953304417649932
0.0008588975077671878
-0.0006072231425921035
-0.002182317918736457
-7.241821889568424e-05
-0.0020310707133987674
-0.003511824312740217
-0.0044462272725683495
-0.003684516677950056
-0.0062196887574959845
-0.00662675592992981
-0.006536092169056757
-0.006164295412428298
-0.006896774408700447
-0.00649612079922751
-0.00543183746190115
-0.0066424117769493
-0.00583012578822339
-0.003150236367177472
-0.00577350547000866
-0.005367715405883847
-0.0026091656222396284
-0.0068297718814931754
-0.00499593354805808
-0.0022405433334024916
-0.005889047668335154
-0.005063820823345887
-0.00637271564939456
-0.005068039999373076
-0.005745787367093309
-0.009309622740751273
-0.006282636421185841
-0.0026644317069786584
-0.007505356405304845
-0.0059337186096351385
-0.004121831305976047
-0.005469311565432411
-0.006043223926118677
-0.008903043446324553
-0.007560556524703675
-0.01152012201811031
-0.008810006372370964
-0.007457888053094623
-0.003435040380031931
-0.009546382938245595
-0.0013448957478338552
-0.0037014316223096923
-0.0039368133486156415
-0.006464749764299333
-0.004908883995521107
-0.0028296435829601794
-0.0009757305665907651
-0.003862220177580487
-0.002962366307911938
-0.0005907757035328867
0.0003520783893601312
-0.0018680247899661303
0.001864829579890913
0.002747673395805586
0.0012549515725672506
0.0009010916655296321
0.0018841047036721546
0.0006793396597582572
0.0001740962614389044
0.0017519779473915396
-0.001242119526340119
0.002811004408371885
-0.0017438887167604623
-0.005435809327163826
-0.001369209233909114
-0.0033753083817580918
-0.007971333053595884
-0.004317181189171624
-0.006153268655073913
-0.008446705835572854
-0.007671595421995438
0.035211677263191854
0.030295715768120592
0.035952902141774705
0.034651139912577185
0.03632113633808435
0.02984166530808959
0.024443594592554328
0.024688660348454197
0.01875714553332943
0.01855306047945846
0.012152642021515211
0.0097640995455502
0.007177687923481067
0.008589224214937342
0.003474966036289402
-0.002190392482666848
0.0008887234516266526
-0.01140720531691784
-0.011479389599121839
-0.013389003241444574
-0.013080782387035202
-0.013610179629046879
-0.013999997936553434
-0.012601576754179776
-0.011955300198621257
-0.011399276953427458
-0.008572909307379854
-0.010252117756582465
-0.006236576273254312
-0.006433644685224263
-0.007396134035474333
-0.0026104099395864062
-0.004488546446440447
-0.005901616202448702
-0.006677174318834646
-0.002466505220725409
-0.007869593380031608
-0.00440544998545535
-0.006501081925643304
-0.009821212161981554
-0.01199710180956859
-0.008637617280470493
-0.010527106688872951
-0.013312659571861854
-0.010218163368157729
-0.010281042446963994
-0.0133788445927291
-0.013802581526248147
-0.01178706054726769
-0.013647753426880948
-0.014488576442383756
-0.012631138860500078
-0.013768567593670603
-0.014740549786798047
-0.0132029089204977
-0.014986579979537942
-0.013978015648215927
-0.015327229426588545
-0.014104522266639346
-0.012505674678251385
-0.011054782292149777
-0.008642696705898007
-0.013954592467263192
-0.017865195244654686
-0.015255879500361554
-0.012591041907510103
-0.015504922242830963
-0.012520499430535828
-0.010334497762308164
-0.008493011567015459
-0.011657175153363964
-0.008359585485730308
-0.010830944971854566
-0.013655008123041977
-0.01251210679246668
-0.011681602189822275
-0.016253309225589874
-0.01385848397687051
-0.011344834475623055
-0.01694349038973169
-0.014881021924140345
-0.018757913350885603
-0.013564108063301172
-0.012520504508779024
-0.0189887805165212
-0.016068094637280563
-0.011857745249851186
-0.018720842944448673
-0.01367985629241948
-0.01858264220118071
-0.016228266591787034
-0.01440119529695508
-0.01286379676191
-0.01093838037376442
-0.014033353668040247
-0.012758750972281694
-0.012087840432320945
-0.013758187847736397
-0.01312022493762613
-0.011018789134698276
-0.015941826112538263
-0.016826965834739194
-0.01280239866985989
-0.013797708093915735
-0.012497141160923294
0.02729559044543114
0.029468650768131845
0.05416800061553824
0.06062899618621219
0.0570974717736014
0.06342333416540197
0.06993238867745001
0.07528047528640035
0.06631730449273797
0.06281186486909979
0.06415307100673583
0.05069473200440992
0.04305730993885043
0.04517334296136611
0.029984685441708972
0.020773163832796242
0.01168940127096549
0.0039469176484957505
0.005518408427426438
-0.005232401291207671
-0.011880424987698925
-0.02557859032764003
-0.02466911917634579
-0.038999448056818896
-0.03936361900554018
-0.049132000903514966
-0.0312050886308273
-0.018649067440582336
-0.014456997298741187
-0.013443587797482223
-0.00572338215049431
-0.0016370982981672624
0.005002292189890311
0.009114441298680187
0.010635326549460136
0.01444865606002848
0.018261327687110796
0.018828398324381622
0.016568287035542962
0.007285309103499163
0.011873066908712477
0.006353543761654157
-0.002549291117126666
-0.0018756255554341062
-0.006609185966804083
-0.004704844007233744
-0.006908222363049431
-0.012640825177881919
-0.016071673509369652
-0.009171689409452264
-0.014668738313030262
-0.017902945764602864
-0.015319131422833338
-0.016689621859285374
-0.017836716181515357
-0.020495695101114753
-0.01608682312387659
-0.012769908155622556
-0.013135289441266414
-0.012520909545682316
-0.012564533818259177
-0.011914185608355082
-0.010228043516658666
-0.015541684594156028
-0.013492018412892035
-0.013534460365971569
-0.017277320564452633
-0.014024940011539103
-0.012744298537121345
-0.016721737364102107
-0.01321459820420953
-0.0196895018656425
-0.015137950575592767
-0.00921400326275539
-0.015114964422850983
-0.014797537129669696
-0.013284304795866153
-0.00992929732430738
-0.016563328795042104
-0.01367955432947117
-0.01779818813855757
-0.021128836974194844
-0.01760163716712094
-0.014981539169973017
-0.013414290559484229
-0.021285829284623973
-0.02050274651335754
-0.02061175513859202
-0.020333731141222465
-0.024246454170170025
-0.03095833747831937
-0.02944842890479037
-0.036254817499102435
-0.036694413947231524
-0.03470205219969936
-0.03875832146351322
-0.04164825457115879
-0.04013930509144792
-0.04127611441239584
-0.039662974671369595
-0.049867211885077
-0.048933954068072834
-0.0535302588735029
-0.05244360104493435
-0.056381964717077036
-0.05600222801516122
-0.05386712927347709
-0.05821942096025154
-0.061689054664251244
-0.06256163741594596
-0.0694538090688216
-0.061413736346455396
0.028792349314558808
0.09877330070333708
0.06233338184464277
0.14526961392839305
0.20846279308229898
0.21294550645220137
0.2561291866385495
0.252377209527548
0.27943573134613076
0.34879760396961007
0.337185545969702
0.374106969339551
0.3939179702880836
0.39890066759513715
0.42564326995434565
0.41154377703435846
0.41567635767496985
0.3869380585271789
0.4871628017729514
0.2991893966170021
0.3125358970545527
0.28948582368311304
0.24828098171659316
0.4444363725252391
0.2385143315671315
0.23732154556315513
0.8152590798266426
0.8243821767448766
1.1226740103518502
1.457211372096377
1.3006712317905786
1.6119434946262523
1.9370978648737136
1.7966543879379935
2.6480083373240766
2.912906676509716
1.9306773606145147
1.9306773606145147
2.639653870873273
2.772787299583819
