0.05220120834467327
0.037896523863623785
0.05061181239203244
-0.0019043615276082317
0.08792188693410968
0.06133548752953494
0.11413770380889159
0.11581597344559091
0.09085010663810675
0.0972607416697872
0.08152330344688523
0.05959439002878486
0.06851783445890539
0.04807062356471004
0.027865240916093454
0.03544348370331653
0.022188174008296632
0.007254754968393443
-0.0032107811501504062
0.002802412530364794
-0.008579822672570325
-0.014384983603219974
-0.009928726921644449
-0.01741869294048436
-0.019873385315099683
-0.01821139399272835
-0.018437792805772343
-0.01630627633380845
-0.01566289780910731
-0.012741734014415923
-0.013506954712726798
-0.010689881770681312
-0.008346867471634448
-0.009994234609132213
-0.007416095967635476
-0.0049585777023176715
-0.0030547593983061483
-0.005178151615648228
-0.0030705988420873334
-0.0019824691123233947
-0.003907824743219228
-0.002746293346061267
-0.0017751208936599588
-0.004877296923252658
-0.0036048668515111784
-0.004807730646106917
-0.002058977959453803
-0.0005758045033111105
-0.003870129208448287
-0.001835351464598638
-0.00045896733078561473
-0.0024944969408054606
-0.001425770606556248
-0.0010877103342283555
-0.0016243562638511672
-0.001858321317492133
-0.0016714325662931066
-0.0022856266585153206
-0.0029378313710115337
-0.003024604871026557
-0.002599695982147814
-0.0047082646766469505
-0.0035577404641982044
-0.0027895280116512194
-0.00466735548827724
-0.002475077872034617
-0.005172693934476528
-0.0036458725512738964
-0.0017634868597982598
-0.00485505237169404
-0.003571395036203398
-0.002236489600209109
-0.0010782208547364272
-0.0037376320276708034
-0.0017804301280943855
-0.0009146475198454037
-0.0015739940388008488
-0.0009328079348121178
-0.0008490436472888161
-0.0010564837866599024
-0.0009839945913355213
-0.0009246076783809096
-0.001601740669705832
-0.0005513145331654307
-0.0013760106303361472
-2.8957822845092746e-05
-0.0005901197596581002
-0.001804647383597238
0.00011331826845480862
-0.00036845251903772303
-0.0012991501006981516
-0.0020637953880064653
-0.0036114810513278783
-0.008766801718566928
0.0288371184662063
0.020449729265147078
0.02331142825557664
0.02439640851649749
0.026528350510883588
0.026741000635684426
0.021793852801398714
0.019416689005457895
0.019719591779388205
0.016263534494478267
0.016691614519870012
0.012981512115497466
0.010056767606007207
0.006662431808108246
0.008183530164622317
0.0030793881377741846
-0.005782941189871385
-0.0074755924472678335
-0.007163743510089838
-0.006988921401310887
-0.00717379152401422
-0.0054956281300277965
-0.0040759394487800225
-0.002151470789170786
-0.002440546436693533
-0.0020354464491135283
0.0006832790189764158
-0.00021317209419746867
-0.002264568263776058
0.0020980676613997187
-4.229048366329832e-05
-0.0018696533838109832
0.002217538791296172
0.0008495476140621302
-0.0017785623256866894
0.0013753160130258733
1.2767695710142551e-05
-0.0017769620331288408
0.0015470164457366575
-0.0007274798105163083
-0.0018683594912995206
-0.0019996820464169797
-0.0010949948013493339
-0.0018096528294635724
-0.0025435867551439686
-0.0013699704525008075
-0.00237443444685011
-0.002300022065266742
-0.002040167416845891
-0.002333883270177204
-0.002981709092735726
-0.002287174238400016
-0.0049940243551138035
-0.0033340986511950746
-0.0016675017558633167
-0.003536871213486614
-0.0024958166022716467
-0.0006561307247606857
0.0005688200278415887
-6.284728956524664e-06
-0.003853844520069967
-0.0024995497039974365
-0.005445047512220076
-0.003889386035802893
-0.003183874036947382
-0.002034454273764104
-0.004885926875535398
-0.0032501588859371942
-0.0018191775282830438
-0.005419998503372585
-0.0027223772296415968
-0.0016324553631362534
-0.0013818924888428466
-0.002990385340223798
-0.002447910089491373
-0.0010275284258767642
-0.005536310964807683
-0.003693009986013053
-0.001526768436643393
-0.006197731392545963
-0.005209398701178653
-0.002935837835683295
-0.007405437671492121
-0.004776505884275276
-0.0031108155153296863
-0.005737264239280016
-0.0020068371165238162
-0.0006899183486271645
-0.003718767144492509
-0.0016173678342607965
-0.0006914230997267794
7.10954363946067e-05
-0.0022578037543723034
-0.001317632677169851
-0.0010723814869209175
-0.0008727904586640979
-0.0006214757845399289
-0.0008971142769368508
-0.0014339712247381526
-0.0006159958270736938
-0.0012154367560951954
-0.0018605195426501671
-0.00016955160712448007
0.0007767505992645546
0.0005275288884663647
-0.0012273664411112614
0.0012244022729844127
0.00047691833593116136
-0.0007967995583014882
-0.0022799606819939454
0.0018176185470734597
0.03129921585715607
0.031747431661408185
0.029806299069955588
0.03402837466580933
0.03612676593642543
0.03625790007401403
0.03661146052878983
0.03180206362781884
0.026953080373986214
0.028149444315580623
0.02151824892614534
0.014889028423673107
0.015710204601460113
0.009066845328064411
0.0006835014418370565
0.0010381342000196346
-0.008415285743023687
-0.008426872731038914
-0.009893454048201519
-0.010414578623439212
-0.011609564310938016
-0.008762981879798052
-0.00811857286595304
-0.006043223885455496
-0.004127162539336273
-0.002137495736735183
-0.0011162945291588958
0.0006299952500151515
-0.0010541838943259943
0.0022417814264105735
-0.0010516227432503253
-0.0026666183813248917
0.0012718014711917537
-0.0021520084676407095
0.0014408503676588788
-0.0016628950650727668
-0.004668809642053463
-0.0050344719886374
-0.0020836529474102493
-0.005518380639112202
-0.006613394583495441
-0.007869730551146915
-0.0058867406413116285
-0.007013352759046458
-0.0067469522056531695
-0.0055072136553665045
-0.006548339689948772
-0.005043753606121668
-0.00443683078559026
-0.0050930111641972415
-0.004915252638885723
-0.0037740395994546234
-0.005803706076275815
-0.004302342591086556
-0.003086804963847369
-0.006899714370295113
-0.0049624895998747936
-0.002117819892132404
-0.005658690453603807
-0.0031829102938950994
-0.00041923380098365617
-0.0044664568843575895
-0.001842400727184054
-0.0026236005421482207
-0.00020511611077316682
-0.0006678193494025353
-0.004025804455900518
-0.0029277510635191692
-0.0020388493445817673
-0.004392424674946664
-0.003178924662258637
-0.0015917763057281566
-0.00431252058581053
-0.003251018565503988
-0.0012355189830535614
-0.005898132976411307
-0.002780972149019284
-0.0015966106989872687
0.0005883736322080921
-0.004430483240935544
-0.002049851407680909
0.0003202140830636672
-0.004243667545626885
-0.0019163589028366596
-0.000846642136993873
0.001001566948976142
-0.00223982825161985
-4.003623348619609e-06
0.001181808465261806
-0.0007206785668904959
0.0010794064428678045
0.0009613061660450023
0.001329720368629106
0.0016172111750777287
0.0012750494212954975
0.0007275956237052607
0.0019334959470116147
0.0009290487787460918
0.0005932432506070058
0.001902611506901993
0.00039490600966115343
-0.0007831568974758331
0.0013995444776916009
0.0007710127772120247
-0.0008496826362605247
0.002916143763378047
9.004509509750288e-05
-0.002413416287991069
-0.001695862309562039
0.00041618839018475897
-0.0015358338241498028
0.014966673679784631
0.015897671116698903
0.028132468305184958
0.030878596203160066
0.03559419483237811
0.035631305784894506
0.03550354297843924
0.02990900665986221
0.03081630636144097
0.025184669803871997
0.019783523923774006
0.020122975626251025
0.015041634576439275
0.009452221914849386
0.011555695782107635
0.0053239325565188145
-0.004609413170158684
-0.006250668173461657
-0.007105384516396134
-0.007132573913804072
-0.007751073048848598
-0.009083580478346624
-0.007816509493317006
-0.006485801413346313
-0.005203478178385851
-0.006553951265824935
-0.00392495254065188
-0.004431020968185543
-0.001623126975363877
-0.0021689426249628793
-0.0029971716076599695
-0.0035211628812250764
0.00076957547838558
-0.00044919067385048553
-0.002541892195276936
0.003085408139079393
-6.093425697563175e-05
-0.001803268470714921
-0.0033843410141470823
-0.0006220710890962105
-0.002570511677064753
-0.004633642234319719
-0.0019488478746643534
-0.003638659181628634
-0.0049381488680887995
-0.004561914720346819
-0.004094857541744236
-0.00436465213049233
-0.003955440023150961
-0.003939648826101428
-0.003928606469594566
-0.0035822026970229034
-0.0034461518141038114
-0.004932947265940229
-0.0030815224871015134
-0.0020691599559610288
-0.004394919123302047
-0.002259999391640623
-0.0008237694129779345
-0.003989011831347036
-0.0022119594139504983
-0.0025206284209232884
-0.00013827297629921144
-0.0029434751954719243
-0.001417685213394319
0.00015400300114280403
-0.003501128992605187
-0.0015740136632086197
-0.0012216288086333517
-0.00406458446144259
-0.0013803434144999697
0.0007616355775865951
-0.0018739037459843027
-0.001396263875328969
-0.001142535624970742
-0.0006216779781957987
-0.004233667054327692
-0.0030098570646148013
-0.0010446564573765933
-0.006234999625109748
-0.001770072059502886
-0.006993432428632877
-0.004472892701976915
-0.0016176781121203464
-0.0061299058456899275
-0.0030571175889023906
-0.0008770221785757028
-0.004723259463493804
-0.002310033621013642
-0.0004304904040511908
-0.003425523417971099
-0.001993448073850952
-0.0011212684878478345
-0.0028739564648098672
-0.0018897860950844911
-0.0014727568057087558
-0.002012375504463157
-0.0015580809307825438
-0.0017080758392507573
-0.0021947830963708215
-0.001075087142010935
-0.0019861113365906595
-0.0025683034563194814
-0.0008699602267648714
-0.0018386541558864764
-0.0025432808737733004
-0.002235824992586938
-0.0003589150455354237
-0.0018404409027049993
-0.0023467524910080685
-0.00032486940934525266
-0.0005064552295565517
0.024638811763021132
0.022126699591257553
0.025803618237868052
0.028350836781055027
0.02688808770474829
0.02974694876607051
0.02632602707887051
0.027283106877414906
0.022873423264956356
0.01643695369870977
0.017250854282166387
0.012305953178215766
0.0033604545233273534
0.0010207052392497552
-0.011425422333890817
-0.0181745535903059
-0.01627803342238848
-0.015634822726556908
-0.017706846153333893
-0.014639358169967616
-0.012714295320516376
-0.012755320809656698
-0.009735176740354682
-0.008339606106517808
-0.006286970157568475
-0.0048254626649047614
-0.004631165721917097
-0.0014467215251346517
-0.0019033806661296834
-0.002880491003818864
-0.002476362303479387
0.001586133863389099
0.0003877498498929032
-0.0019108452640273525
-0.003264234022717846
-0.0004732200195444837
-0.0023184568083106506
0.001267087162231648
-0.0005564147633294163
-0.004456405403612631
-0.0019460990892608977
-0.003435093730866771
-0.004190277954217324
-0.0032700677286382736
-0.004175181318218122
-0.004458824357369785
-0.004265674917202861
-0.00523301053812046
-0.005131340106631969
-0.004571790518538604
-0.006184288667717333
-0.005032024318236227
-0.003971123000784324
-0.006519894240711054
-0.005250051218897809
-0.0028359988555065455
-0.006337315870522499
-0.005175284040819137
-0.0032198201692069973
-0.007149943505023096
-0.005347721380761539
-0.004731233975162145
-0.002744285077273663
-0.007200950623104157
-0.008890821668265155
-0.0048216807874194665
-0.0019162701370023902
-0.0058661699658069675
-0.0036087244125860237
-0.0008921906808984258
0.0006241448664355777
-0.002783361821379739
-9.800438020889039e-05
0.0015644171378877045
0.0015466581473710449
-0.00440237091839617
-0.003985428973940832
-0.002487797521005247
-0.006502496398576319
-0.004426459555580205
-0.0015856727255009356
-0.006642035368551411
-0.004672034553809459
-0.0022004512372051175
-0.006289805944430602
-0.003662569398731386
-0.0010146466214223592
0.001734960345369525
-0.0006741217879353448
0.0011123401791038824
0.002418425042751909
0.0015459549475377926
0.001881371683572219
0.00220851326689998
0.0018460414525196828
0.0013228737703982044
0.002786953986000125
0.0018434081980967033
0.000777803652402351
0.0031509400627295755
0.001981461673039041
0.0007674624510114685
-0.0007457295308164423
0.003377593352553063
0.00013363927038885525
-0.0032886533745218635
0.0013549298315542056
-0.00126559398811698
-0.003784941990446799
-0.006927509596810629
-0.0015078352048246784
-0.005715179244003915
0.014857987330067594
0.011844035972779218
0.021971554946322514
0.021447667778345236
0.021456869997883023
0.02139501479159719
0.018501496529696737
0.018970422503814907
0.014799763712781504
0.01011104800114793
0.010895769480427728
0.005506976030105401
-0.0009369252793791049
0.0054997129066735855
-0.009257106197503097
-0.008849811154100521
-0.009202618114041484
-0.008227930628670591
-0.008591746555972158
-0.009015149793886441
-0.007449651910165821
-0.00650737978030644
-0.006302525175700888
-0.0035900090277197682
-0.0038642246946648164
-0.0056374286572902456
-0.0019348610233268584
-0.0018648704851980473
-0.002139320925036845
-0.004587631051232832
-0.00015728887448152897
-0.001909247077246539
-0.0044777327521730755
-0.0006413373267881794
-0.002546521164891845
-0.0029657825522901166
-0.006785530036588717
-0.0045584972697173725
-0.00597714268487771
-0.007986202236837159
-0.005409504237110974
-0.0067578612922873545
-0.007765029297329204
-0.008286620759827478
-0.006709060002136817
-0.007348487872714716
-0.007673407605152576
-0.006553229834376377
-0.00617522922484638
-0.006955237027260549
-0.005560866703065964
-0.0053849752483581086
-0.006895219009951687
-0.0066999867415261415
-0.00395690460656264
-0.006552652610925654
-0.004546567566900667
-0.003810633548824166
-0.006805748255068308
-0.004038834628218012
-0.0030594637038778034
-0.0072610391489575125
-0.0041222840384424735
-0.0017987609016149174
-0.0035843610233494082
-0.004689469180083659
-0.0022469622004139787
-0.004439502897195764
-0.003161221619966527
-0.002205833430786768
-0.00558383947162639
-0.004649595766256776
-0.0007989969266974356
-0.003916111048097391
-0.0003004073238315614
0.0017058692532213534
-0.0035003712807459464
-0.002353444490528658
-0.0005848367426561682
-0.005518791687149091
-0.003326995900762415
-0.002799000127563635
-0.0010986383942774632
-0.005401061643732584
-0.0028130618717857993
-0.006516241029030308
-0.004643209595204131
-0.0026834399987824232
-0.0017812638993583536
-0.003980185173701023
-0.0025752803347095566
-0.0016513789022555327
-0.002596304418655956
-0.002615844643880729
-0.00301121041200542
-0.002839659346888968
-0.0030368641464796962
-0.002877462187028873
-0.005645560230736453
-0.0027466177506652706
-0.0017534332196402164
-0.002241714342344298
-0.0016433740915219677
-0.0002261189706758852
0.019959564677940023
0.01887442325588539
0.040334681390889214
0.04142616239531407
0.04755808305284258
0.048166357430682954
0.048198633746849025
0.04472273537511113
0.03905666813070701
0.04104308158726557
0.035889186959926926
0.0262162931837052
0.02900718601656078
0.01860331362639153
0.011442371488229774
0.0010273504110449776
0.004035447915933692
-0.006661242013610923
-0.017766015664902213
-0.017897908757880086
-0.022053931735308258
-0.02305537510202732
-0.019142918563792244
-0.01939567744773848
-0.013544453871686074
-0.013715574298137105
-0.011701462819941487
-0.008680664346297188
-0.007060136671326699
-0.003618617210730424
-0.003062412122475401
-0.0020428298800715355
0.002283222176294568
0.003936958242007241
0.0005078143707252337
-0.0010620209047671777
0.0021115547764445574
0.00039532996461371967
0.003364402873966559
0.0006795722508138568
-0.0015652750517060705
-0.0025529136873545352
-0.0030200912121691272
-0.0015408602774515327
-0.0031796654544063566
-0.0021606083718716754
-0.003207582177132344
-0.0037931983432452324
-0.0027647324586523945
-0.00427930195801588
-0.003989783365313299
-0.004080298155456405
-0.004912865201309408
-0.0025056894825479115
-0.004043923190342787
-0.0039465684068310455
-0.0019945592226452338
-0.00454565305419559
-0.003769818595737574
-0.0030963398655697826
-0.007053684125800012
-0.0070588894207301925
-0.0037461567988981647
-0.008988881685746573
-0.007123428511468391
-0.003547214892322945
-0.0016956793189751053
-0.005695331858957439
-0.0014000314212320052
-0.0007201568255903482
-0.00036384912458047904
-0.0037561580524498738
-0.0011738911917311776
-0.0049206127391786085
-0.0039862475934782544
-0.0018218962647700277
-0.00403049518313059
-0.003373374854596439
-0.00027272986509072224
5.7524433254961455e-05
-0.00048711865662306455
-0.00417750622207435
-0.0011287695633382803
-0.0005852110151580316
-0.005089457673812892
-0.003173227551592655
7.85250543556347e-05
5.902990161473814e-06
-0.004292484503423122
-0.0025394836855888365
0.00131619345888203
-0.00046399956896996927
9.386702472273689e-05
0.0005220917556218567
-0.0008778964876529634
-0.0005590930681822611
0.000276230016118821
-0.00025436187771626294
-3.237578342710616e-05
-0.00043842286016468096
0.003523424922588744
0.001719744580435516
0.003547739458080125
0.00280516252857146
0.0011625118566732343
0.004342865842258869
0.0022200313160841375
0.0002271431126775693
0.0047436916676375
0.002033890048128829
-0.0008626158269828039
0.0028592110237837163
0.0010455191913498626
-0.00225750157236144
-0.005290895962370541
-0.001232945330175757
0.014053128001214683
0.01975732841469901
0.01789112559176071
0.019474142739237397
0.021028243886495945
0.021647664281404903
0.020417994339307532
0.016990053265465717
0.017374265410821706
0.013172583630320527
0.009211857622703667
0.004970399946401584
0.0060807384112332285
0.0005780653947800593
-0.004214965747041928
-0.004795716103774208
-0.004531490933108312
-0.004805088194647754
-0.0047781538353271575
-0.0042635846692763765
-0.002302426969626823
-0.005084821162205857
-0.00458587138653234
-0.004525143301136573
-0.0009906843590852987
-0.0019793721648680893
-0.003930554472652589
-0.006159468771443327
-0.0017774383059413926
-0.0024166315926834173
-0.003997751180163466
-0.0008265221942408604
-0.003475879379180423
-0.004826330267719245
-0.0003621044476448753
-0.00305667973802048
-0.006261478796220077
-0.0014370758201861667
-0.004406207665435941
-0.006264924088498769
-0.0075227798529532925
-0.00586231021755939
-0.0068401967869199855
-0.007402468875316343
-0.005653684533199323
-0.006627237235390772
-0.0069669763449609345
-0.0054353075385009985
-0.006211491727163044
-0.006045477792413572
-0.005596109084311929
-0.005893911352369456
-0.005984873366458401
-0.005675626972083739
-0.006595899739251605
-0.006224489054004095
-0.005700388885643311
-0.006102560556008787
-0.004122600307658426
-0.00761102874634541
-0.005231662541014209
-0.004382289516133495
-0.007273909934307607
-0.006509287237427726
-0.004819844824526883
-0.00814983139763399
-0.00735738198861107
-0.00512318151187463
-0.007093338560979942
-0.0037323229575904667
-0.006073334775145304
-0.004054445056981199
-0.001840863642484217
-0.0052231490204436995
-0.003793143610310479
-0.0018548894556711846
-0.006591402519338165
-0.006959146672297396
-0.005941481282203312
-0.0033797561361868823
-0.00807454757760442
-0.0072607377056214985
-0.0044313485902088496
-0.009732089300016471
-0.006831712181208651
-0.003256809288326066
-0.0017065783353581187
-0.005195315336267803
-0.0029769809590116194
-0.002116473016732854
-0.004678175835116536
-0.002563270916354808
-0.002136196987381708
-0.0033602524653965704
-0.0030522816647386235
-0.0018807239160535342
-0.002399353109747516
-0.0004942611141324021
-0.0004504406111405976
-0.00173680633837521
-0.0013774636566198709
-2.4804355405956108e-05
-0.0008730446158772101
-0.0025805200446027445
-0.0003124140428280009
-0.00185217171400303
-0.001318293905342001
-0.0033849148104840763
0.003264551992467282
0.030903395616499962
0.032566055075191724
0.03884242694019381
0.038065171592375234
0.04056133340194956
0.039085576797404785
0.03952840352345884
0.03767086108729829
0.029545674979503448
0.030608118778922878
0.026896328362541036
0.018706240366252416
0.02035498101400262
0.010684313509906902
0.0028547429365929438
0.005663556537121398
-0.009208546080751692
-0.007990370991700775
-0.019127541915757326
-0.02048002069538222
-0.023116493246923296
-0.018263956996442628
-0.016527708348642284
-0.01778794544309737
-0.015738042206351596
-0.011167316226036313
-0.009297873755483575
-0.006940144622229071
-0.004532467404947893
-0.0022367909958196054
-0.0027269621339123173
0.000758364592723508
0.0017346071324427226
0.0007702519138673647
-0.001232111935762128
0.0031574729547567443
0.0020288814944053385
-0.0007380914836274083
-0.0030904537373202218
0.00047111672470114067
-0.002289523593640322
-0.002642245340819649
-0.004746858342877351
-0.005522716094339625
-0.004266147949186112
-0.005037195803393549
-0.005441974217785133
-0.004727701464669294
-0.005032446068695434
-0.00534516651390835
-0.005426117128054687
-0.004487237261735895
-0.006534782483872524
-0.0057346333916147435
-0.0041564382519916196
-0.003445090402386733
-0.006465289829042745
-0.006286199949464294
-0.0023774853807383093
-0.006960935896221706
-0.005084909237381677
-0.004166181448771332
-0.001362847571498604
-0.005659671477976949
-0.003927332414174965
-0.002904379802497158
-0.007370735547746781
-0.006748733319987415
-0.00429433079429528
-0.007676005667331943
-0.005082692327783207
-0.008133014723676843
-0.006819697291470518
-0.005853651611314522
-0.0035087755985913557
-0.008385795914011202
-0.007067944498740499
-0.004676415821974134
-0.009100535038150505
-0.005605130079961307
-0.003058821633077207
-0.008371127451922328
-0.005795035231395763
-0.0018084921402782511
0.0009023791412810147
-0.004100638627435693
-0.002206199399744886
-0.00019307283775535814
-0.0025315361766808063
-0.0010732130521882723
-0.00019032833960227764
0.00033050322024923926
-0.00032704066908101315
-0.0008959604146371109
-0.0014398607096664637
-0.0011908499603694917
0.00018887844295561695
-0.0002445526284571527
0.002034239905398378
0.0011997721689081034
6.804883848762622e-05
0.0027349217210239267
0.0010652543422833634
0.0003984242272614089
0.003007242885840587
0.0002032335258557753
-0.001110980314286965
0.003039907131256883
0.0010766467615121122
-4.574131009939951e-05
-0.0015358207776106684
0.00348043415047025
0.004410790480305984
0.0016044045355002568
0.03421771513916088
0.033939004963926135
0.03842245413373572
0.03877389081669615
0.03685808693399335
0.032704259704458394
0.027489791942425144
0.028361870324021484
0.023027275182457684
0.017888068692198486
0.01223259699866219
0.013629193460798212
0.005328423678315203
-0.004366446595212819
-0.004352586148950619
-0.005712621823294365
-0.009571250930046621
-0.008743921776984574
-0.009207832634897094
-0.013427997218510424
-0.016223830838830843
-0.015928594362541647
-0.014706140535116286
-0.013510368967990547
-0.012140389899160406
-0.009162130914014438
-0.010347420889564207
-0.008353647648893993
-0.0038951133834334733
-0.004312463906594278
-0.005044836969926139
-0.0010261402837967253
-0.0018273860111749135
-0.005298618756498827
-0.000427930878703539
-0.004004000390214855
-0.005189210225907796
-0.003555132350410258
-0.009687046308728254
-0.010832709892172976
-0.008936428850886923
-0.01067358078026112
-0.010944010437233188
-0.009315468300986717
-0.01128532319523161
-0.012046549573935108
-0.010905801575321148
-0.010601430261329182
-0.010512442647081911
-0.01063301565488569
-0.009909313526789355
-0.010869450404598266
-0.010561053151708105
-0.011104326653965976
-0.012550426004157893
-0.012583568174287681
-0.011881836008913536
-0.014086800153200229
-0.014022684641180939
-0.012486700091357732
-0.015441958962108827
-0.014478949914937221
-0.012244412060943378
-0.015896743364645242
-0.013328392043217379
-0.012221651009061184
-0.009094605137646945
-0.012553340144998948
-0.008097846915150838
-0.007337096897694629
-0.009557605440323379
-0.007816904317667323
-0.005690299538345632
-0.006559694509331254
-0.00675189308517895
-0.014108084592623889
-0.009222428511443887
-0.005120214647792879
-0.010580924234962085
-0.006369273136271868
-0.0029221035790815723
-0.0075502771598470846
-0.005109212346149268
0.0017749978578929181
-0.0036881635594876085
-0.0013181108948151935
0.0024164202596199807
-0.002051769065910132
0.0007157143859854731
0.0011878868055955698
-0.001439740389177276
-0.00010228076597532946
-0.00105338647102422
-0.000753586906856975
-0.0015850555932601074
-0.0009074144007998546
-0.002288127820955829
-0.002198959379662925
-0.004038884687061989
-0.002918748153383935
-0.0014910143322020557
-0.002121536245500287
-0.004157292333495933
0.027797518540272376
0.025863428478958454
0.028597893213604987
0.05316286282346993
0.050824897768802724
0.05626833043633494
0.057593833888679745
0.059751121967426844
0.0617133375279234
0.061040399184832714
0.04763005850667472
0.05155379808128873
0.044311372840791965
0.029558383502064044
0.03293344361288822
0.021292151695567165
0.013136270442977977
0.01681620526989168
0.0009740873544656592
-0.004473561629731916
-0.002952437082287723
-0.010130078271518048
-0.015652551548578048
-0.015697628786027644
-0.016079530147731422
-0.014859267406789752
-0.014581232268504631
-0.015902682605458122
-0.015250745510842864
-0.013310442927355158
-0.013730624975281673
-0.011886357825414483
-0.009080254256281756
-0.006180328904224711
-0.004744619525464932
-0.0037547026728176245
-0.0002831306540003217
0.00400183352687154
0.0013369583562374055
-0.001840447238180115
0.001384464496364354
0.0017364439062002557
0.00025534346001783524
0.0001765115743636124
-0.0016907261956284763
-0.0014287344998380731
-0.0037575145756782325
-0.00221661567546417
-0.0036865619146477405
-0.004492371750851087
-0.004709446348830834
-0.004258363045271137
-0.005379322608399832
-0.005190406037921842
-0.004180474580006489
-0.007270183688636691
-0.0061603590252141726
-0.004335118675796999
-0.008836078639929485
-0.006917377246597961
-0.00445355869024964
-0.0038284368733693384
-0.008416200045510996
-0.0057284931567976975
-0.002735003636865735
-0.0075325374811152515
-0.004398230457651661
-0.0022817121325177645
-0.007021715988675551
-0.005282970927153729
-0.0034391014743828307
-0.00445255594843906
-0.003295481800840937
-0.0011821545780488854
-0.003932506786154996
-0.0023663312278956318
-0.0011850077863004172
-0.004882766772228902
-0.004863618391599675
-0.003618309463196088
-0.00808037867148036
-0.005352341020668012
-0.0031905568306782994
-0.0013015495536012017
-0.004797964542842584
-0.0031924074910625387
-0.0019032694852133092
-0.0023524651912920232
-0.004015713614831084
-0.00633571192083773
-0.0062400905828608405
-0.004971830662081325
-0.006518205107712151
-0.005898980553095558
-0.00581035360420693
-0.006255520251400835
-0.005834971272573085
-0.005567202050734489
-0.004090182183451716
-0.005440814571511126
-0.005561092960304467
-0.0031331397224267435
-0.0037750053944111735
-0.005392853347253754
-0.0018398199423974193
-0.0024876185865515816
-0.0038406536459245424
-0.006720243130813134
-0.0031120990005140663
-0.00519036369875901
-0.006067393522469535
-0.0008826888678185805
-0.0043339197185376585
-0.008184231226888314
0.025557502068743052
0.020410538942197267
0.02755945764220685
0.03279722420031321
0.033916338944657724
0.031050740894256763
0.028285688981534496
0.02434105866553573
0.024408046883058507
0.018318043371945283
0.012118797226718672
0.010066144777640153
0.01187644313904699
0.007455768714734422
0.007041228732697063
0.002377858312438994
-4.413064475631081e-05
0.0016039706826096731
-0.0013233550552198918
-0.004749810682997147
-0.0056674670574717746
-0.003485880563554819
-0.005523515585823475
-0.006287151450515586
-0.004231486881006873
-0.005751318238786148
-0.006590027486798787
-0.003393460933580168
-0.004406708686123235
-0.005816126817735619
-0.0054030526103824444
0.0006793287354870649
0.0044045011306314925
0.0017344440550194917
0.001817656936556536
0.005612180634322257
0.003915990115715241
0.0022110242160527788
0.00647918935707658
0.003121368058402297
-0.0010692134997138864
0.0015958090837404186
-0.0003973870915557122
-0.004537718353217147
-0.0051756536992031395
-0.003752333453221949
-0.006600707606261189
-0.005885351609167524
-0.0075611569881722405
-0.006510124719986916
-0.010996474781095243
-0.007298297429095008
-0.008012637894827422
-0.010056570817289232
-0.007830347325501278
-0.009723340585049698
-0.007453177755205888
-0.005304586897960662
-0.00721894967462879
-0.004563327686805875
-0.0006458069893774223
-0.004175174502604487
-0.0030101356282378833
-0.0015015654887634968
-0.005021971104995287
-0.003096141709205189
-0.0028636727910746
-0.002630561078261944
-0.005906664057373429
-0.0032820010180680146
-0.003335899321277087
-0.0019174870158656756
-0.00489319074352666
-0.0029402239825436715
-0.0007147739828287653
-0.004274922578338373
-0.0011739619017077452
-0.000621458717894412
-0.006317023076664397
-0.0027464036555179096
0.0010159865246453655
-0.003592832781629057
-0.0006387666687733232
-0.004763714338954268
0.0017965453077769854
-0.001110888670192434
0.0009440760129152165
0.0014761067273422203
-0.0010553929396631709
0.00030510735316901133
0.001053709061799835
-0.0005412908142709002
-0.00017389866406744138
0.0009061571981917468
-0.0030025576990863464
-0.0019089607094399897
-0.003491796968153459
-0.004473389927432521
-0.005844294966628778
-0.004193949074666258
-0.0053758865902006885
-0.004332239329495307
-0.0019853798780933613
-0.0005567739632702978
0.009853467438888378
0.021140731494585754
0.03711781851315675
0.04154994229778289
0.039567487187314294
0.04614348201809846
0.04734339064840575
0.04541965095347565
0.04570535311269305
0.045440766574672435
0.038300000645976384
0.04135233042048796
0.032365541079450035
0.020130031515899486
0.012600151019043963
0.0136432786433259
0.007829263969812669
0.002041880368316451
0.0035739978320098943
-0.006177930242080202
-0.024485488897529266
-0.021093400859309733
-0.0231365594338199
-0.0168038970654376
-0.01741597488369184
-0.018088094638626998
-0.013969042862935589
-0.01313414910441365
-0.0116829495239222
-0.009197852756328475
-0.008551653966055011
-0.009270303161463513
-0.0056159522621645735
-0.0035918613161327433
-0.0005859972898544208
0.00012067284283802648
-0.00029340043500996997
0.0026097868722144554
0.002107811748866728
0.0002734831149728402
-0.0015205873089157332
-0.00031832588674185133
-0.0014263808330925892
0.0011303112595447797
-0.0006861976477408026
-0.002056931533740114
-0.0003219687026787924
