0.016398490412755658
-0.043779443482448305
0.05633349988496768
0.03914105224839224
0.03757252643481008
0.11314600812297496
0.10960357805631883
0.10019466571427438
0.10170738406335003
0.09795037378875267
0.09224114477941177
0.07576731756487688
0.08413606931179399
0.06167906540634218
0.039664318363709
0.046382892020748585
0.028525978659053743
0.010331998750558263
0.018825618875763013
-0.0009688484307859129
-0.008307786168511301
-0.0032195582131898507
-0.009624666610657116
-0.004568047858771893
-0.02728959403928467
-0.024385602400036385
-0.023398761795697248
-0.023491870680051687
-0.020383035371099815
-0.016461910132649814
-0.017656961834190257
-0.013422914390921319
-0.008656301073887537
-0.010937843745903758
-0.0061929405109325
-0.0013876768803750379
0.0009148305247416126
-0.0008373095038265054
0.0026026173110289133
-0.00016793467223013246
0.0013254694706951204
0.0024822068022712705
-0.00034490152376713464
-0.0003135985937314166
0.0005739924667257272
0.0023578457438204695
0.002636790925728163
0.00032995109417577177
0.0018974313030033806
0.003150073147190942
-0.00012040459362835785
0.0019359965132938709
0.002901090499749284
0.0007772511966069773
0.001963634289420904
0.0021574881318961125
0.0016965472458899478
0.0019369186715038783
0.0009927745867741437
0.0009043640112822706
-0.0003452188319656441
-0.00024574285391878065
-8.562587107011588e-05
-0.0024026347703381672
-0.00137742164352606
-0.0009052719207862908
4.610531698776146e-05
-0.0034118086253243246
-0.0019809217135452004
-0.004031363480639689
-0.0010854687949563974
3.8938896864583914e-05
0.0010879450731617658
-0.001129137035065606
0.00035959357455183966
0.0008419710416564782
-0.0004923480917294933
-5.234994660690051e-05
0.0005225121735454387
0.00039988024108772327
9.61777269602769e-05
-6.887459057450261e-05
-0.0003101919762135269
0.0001376685354517824
-0.0006154034114730323
0.00033340099795997716
-0.00036634002321361326
-0.0007382653552520793
0.0006370780070999366
0.00041010820475259195
-0.0008670598212027788
0.0019958689964356077
0.0020098341126984867
0.00034504166327561567
-0.0007814196348950497
0.0034443560804829723
0.0008245719183821719
0.0008475493832162314
0.0038167694007715655
0.0002289438964108185
0.007157558110811869
0.013518700891178447
0.013797798546966195
0.014824967157480882
0.014597436824327834
0.014970349706209052
0.014457497483061124
0.011609869901854876
0.012222237649717731
0.00868537589499415
0.005787172492729914
0.006000539665978966
0.0018623176790147958
-0.0011952002424475004
-0.0020020765103029993
-0.0009959283846113945
-0.0020061441775162964
-0.003137270767599546
-0.0005207484435137252
-0.001303357023389185
-0.002335585387655181
0.001534207574264323
0.0006581305382201624
-0.0010193483430147546
-0.0017159984855314458
0.0014503530240161158
0.00030160593921469434
-0.0019297081774264906
0.0014577218143807056
-0.0001531520835523469
-0.0013209168111871993
-0.002843964516761398
2.735883681516856e-05
-0.002023845637310987
-0.0035895426106263796
-0.0013475020148310632
-0.002518013908343407
-0.004064031651684201
-0.004107481256736792
-0.002744292752117641
-0.0035885538407003465
-0.0033245411333289775
-0.003008556141564385
-0.002709945077940736
-0.004300532546509615
-0.0026971445048049273
-0.002064364959572492
-0.004489838659457074
-0.0023024939878014527
-0.0011038199707315527
-0.00043489807212515223
-0.003534620152751626
-0.0011318672970345534
-0.0005939628191164686
-0.004706178873883755
-0.0027165114195086297
-0.0011817696239643162
-0.005218396553907104
-0.0031025772558906
0.00222274107834574
-0.0022863928205684664
0.00024804513544185404
0.0015718674244623067
-0.001033954397432605
0.0012717386458179652
0.0013626180176199204
-0.0002345957646680828
-0.0007219196845266901
-0.0002573236195163718
0.0007444210390098669
-0.003264714533367222
-0.0024911395879956325
-0.0010161020361966566
0.0002453031206279143
-0.001992666508082331
1.1450249468845345e-05
0.0012763319075730932
-0.002856830249581069
-0.0006472958274507522
0.001069663983416617
-0.002674027995864145
-0.0006446899289260629
0.0001052503774992296
0.0013068093487600923
-0.0009277789187363493
-0.00013401493994991042
0.0002625875302369734
-0.0007402980147949924
-0.0008638716599947405
-0.0006266347772107033
-0.00044984457134678886
-0.001433348024108148
-0.00103313219656577
-0.0010055375201342355
-0.001292159192503588
-0.0017988683760869813
0.0001258067344367711
-0.0013295720256842275
-0.0028044871132187955
6.761657645985691e-05
-0.0018549956334668297
-0.0032173053822557303
4.970592036092954e-06
-0.0007404288136321678
-2.9712749833309308e-05
-0.0016502798395826013
0.0010996587562718367
0.0008561299816745273
0.01733317230011892
0.015467332321492708
0.01556757104062654
0.016358578101141826
0.013847622258552657
0.013977186013630578
0.011164243701426314
0.011543672964625122
0.007743327714937299
0.00431157838091702
0.0005590026613471583
0.002112532210733331
-0.0061623211772660795
-0.01799687212424752
-0.01751012825399251
-0.015510998325043478
-0.013971015353248857
-0.012595951477611698
-0.01197477331801108
-0.01074954936606342
-0.009347989242439835
-0.0071842754293427995
-0.00569851191634633
-0.004887651917843175
-0.003924258872860623
-0.0029866209672161827
0.00030346927450773615
-0.0006892106708844947
-0.0013980915628466187
0.0016084412196373898
0.0007062780665154944
-0.0013933826753650177
0.0019075588455632411
-0.0005487360327712241
-0.002267464830225993
0.0008953909881096346
-0.0007089586526505658
-0.002915469483796206
-0.003679209657775895
-0.0054697602596124675
-0.0061730870811889564
-0.006461615237029949
-0.00687393236691766
-0.006711261932897702
-0.0061035795544134505
-0.0065281391047447195
-0.0061512700194777115
-0.0053429209835342
-0.006501752344505054
-0.005464658589278524
-0.0037224022489491687
-0.006866981258843208
-0.005189701093896607
-0.0028391226621129933
-0.003556094471780765
-0.006103529142994831
-0.002848139733093185
-0.007305747334125855
-0.004666614510348109
-0.002509613741540637
-0.007380061315379349
-0.005245550110429187
-0.0024656313905758245
0.0002561471278133389
-0.003866646649446321
-0.0008200691780907658
0.0010985245449379958
-0.0018990254286819614
-0.0005861092255706036
0.002033323505062861
-0.0017545781577107816
0.0006730719354644851
0.002511716196086722
-0.001878116515030354
-0.0003201022900598095
0.001560524354981129
0.0003643699532180422
-0.0050604201134182
-0.0039715536010855885
-0.0002794228892809012
-0.003733367971815208
-0.0025549804431767376
0.0008401169778493382
-0.0020653980693044944
-3.7628662584390652e-06
0.0014309114773046945
0.002659145512536461
0.002324418062784447
0.0021402219718319212
0.0021441615455481664
0.001828643209117399
0.002965148313331562
0.0020349926344674415
0.00018462492575836142
0.002504925164050236
0.0006035133304295499
-0.0008474802254858422
0.002293972678909617
0.00068145425298176
-0.0019116369472230196
0.004771846235254484
-0.0016932944927382568
0.0035348002985637053
0.0011538522858946976
-0.0007092035237159379
0.005210770505450116
0.0006844064008788303
-0.0023988262156921843
-0.0035064881316038458
-0.00044172401661167964
0.01299754967111582
0.01841212548416151
0.018230635304597387
0.01738093523649421
0.01585802710226819
0.016225812891339595
0.014469359567536406
0.011276832813131495
0.011368371939009388
0.00735198391675306
0.0034306990604683132
0.0036885555937555886
-0.002304051075018774
-0.008422264473665968
-0.007499652507473711
-0.009253290932088735
-0.008639345286470368
-0.009541430354280348
-0.0065280504223606765
-0.006700807158271794
-0.006010633800158414
-0.005865726135759766
-0.005980430460070022
-0.003980029953510084
-0.003734615977241875
-0.0043089834804887605
1.9432930435350927e-05
-0.0013626024912498595
-0.002789815865718783
-0.0018644929543944865
0.00014162078697778886
-0.0031089661085396967
0.001802130959995219
-0.000872043340749721
-0.0030082969405292024
-0.005847359590376997
-0.003330383124880341
-0.005217801505097078
-0.006368936642527492
-0.0035032005946736607
-0.004937953542900276
-0.006196438990933325
-0.007134267860927098
-0.004972384903898561
-0.006061460411258924
-0.006808666626071642
-0.005798139769599168
-0.006079350595073541
-0.006383641249765926
-0.005590669892694577
-0.007194581499154002
-0.004893803748016227
-0.006299424268329823
-0.005886506803667781
-0.00362499244140169
-0.0065079747767776116
-0.00549985667379477
-0.003806721027929579
-0.0011274981682666046
-0.004481262574540891
-0.003641915881648072
-0.0008282214441257852
-0.004713513377699937
-0.004480960178598218
-0.002026832488816229
-0.006338520339252125
-0.003289402442918976
-0.002984619884489789
-0.005680702168679224
-0.004796883545137242
-0.0046941814969919836
-0.008711224793582972
-0.006726114051066301
-0.003542850274342011
-0.009388038294308773
-0.004665282093884078
-0.002916962719724462
-5.480420560599424e-05
-0.004449875921089293
-0.0014709851327097934
-0.0031966277337877815
-0.007839470053082798
-0.005606000179280298
-0.0036738000592554717
-0.008011800638596337
-0.005304493062267223
-0.003653539449764684
-0.0019507072424312399
-0.005003266154310692
-0.0029855536079730627
-0.0009763318980593333
-0.0026703452784734775
-0.0012234330393683548
-0.0010484226432676837
-0.0012777263774051402
-0.00039659888237253166
-0.0005542758911554152
-0.001285529605971607
0.0007518047177836971
-0.00013649386363488532
-0.0013620012131259178
-0.002726700157327587
0.0004819188407948482
-0.0005407651248106517
-0.0010118186904801434
-0.0018049248995085153
0.0050874093171664825
0.009162638836186636
0.03213330536185206
0.02961433381467763
0.032792337006600045
0.03250662574431558
0.03142884699558854
0.030709978230915164
0.028245914987002973
0.029208642455381486
0.02419511453662505
0.017613841242715925
0.012286583575804207
0.01258884985085512
0.006694094211690313
0.0010151564504421275
0.002526050073135321
-0.009326200746856103
-0.008300408197375719
-0.02726188619939047
-0.023487015578237874
-0.02502177711731533
-0.02095566662956667
-0.018771787508017668
-0.017695917886139223
-0.017116906902817128
-0.012983507492411244
-0.009990468486464999
-0.007571065658974456
-0.005668586223394466
-0.004410578279948411
-0.0031605771123151367
0.00030846222722203596
-1.1643881493787364e-05
-0.0010198727754324056
0.0023203775266838846
0.0013066755023161277
-0.0012643713321187162
-0.003794662536480904
-0.00020554980034606613
-0.0028508088593306763
-0.0044326667189313875
-0.0007838376762549237
-0.003920913487726441
-0.0064320040160912115
-0.004158565512365332
-0.005566313228462987
-0.00680696110479747
-0.007399163774705091
-0.0073542705904776
-0.007710453433443232
-0.006673798887869339
-0.007490579206713318
-0.006038875319671467
-0.005053126523014869
-0.006865530221020277
-0.005341435181481713
-0.0045651238422997915
-0.0028309449471139204
-0.006071710017495415
-0.0035504317336390763
-0.002269878042162901
-0.006625717847952556
-0.004556907990944802
-0.0022247505637018896
-0.0016146767283622254
-0.008687935109626484
-0.012310004340881595
-0.0181590288997375
-0.013662968459139304
-0.013358473418653323
-0.017330158229371815
-0.014768214688206445
-0.011455497051141149
-0.014528038819299847
-0.012739273663722081
-0.009316911862830181
-0.005944691030916443
-0.011719623346266531
-0.009439976550678254
-0.010039402034057196
-0.01573666313372178
-0.014552183480841906
-0.010573837116213524
-0.005934391948621368
-0.011438242384855081
-0.00616594365952861
-0.0009197407017038248
-0.005724211090145946
-0.0018179087670239125
0.0011895267027040857
-0.0024722260064490237
0.00040010544930932834
0.0010954932258142333
0.00029303440495598234
0.0020123333386302625
0.0001631767166589914
3.500541363805424e-05
0.0011606306096500322
0.0010433470881750936
-0.00012930762894783484
0.0017171269281852563
0.0014941876038104915
0.0008461937040995848
0.004924630932721771
0.001990337073888349
-0.0006228254533301475
-0.0034482549138442247
0.0010792545532374836
-0.0017097432169277229
-0.00249742376146167
-0.00031129543125505966
-0.003991347630530602
-0.0046955768596240064
0.02440610661858552
0.022003695593395104
0.03488396604154599
0.0407198289417163
0.03837576973704517
0.04612333004893058
0.04282124708799837
0.04440917963121624
0.037382038370913875
0.03054301770532355
0.02236575162579083
0.021645251217109182
0.012041035005006884
0.0030672395258503006
-0.004605991900743749
-0.0040618781975222005
-0.0099439829378276
-0.012955004382799418
-0.010937143920562647
-0.012109459710993538
-0.010999540701264037
-0.010274972175493904
-0.008649192421384325
-0.006653122821242324
-0.007034042154435626
-0.0044106741137326716
-0.004970738132531415
-0.003958336187946539
0.00016708234136523156
-0.0010143087987960274
-0.0011825176858832292
0.004426365603448422
-0.000976594183289408
-0.0034796270565328486
-0.006801976801817841
-0.0018949075532307884
-0.005089218859233816
-0.009289175214706607
-0.003467154290893454
-0.008208903885641708
-0.006552505792949814
-0.010475052343423422
-0.011743793445191953
-0.011066132244821988
-0.009217112863524833
-0.010224729638090568
-0.010418613514724787
-0.010811421437673505
-0.009522346523895222
-0.01024726392963438
-0.009878334310054792
-0.009808588388625184
-0.00963843286592612
-0.008946069565015142
-0.011651902021663402
-0.008876046842810605
-0.011109515086553248
-0.008888583019046797
-0.008826065952215916
-0.0072213996633095495
-0.010354146885082587
-0.008925343395903465
-0.0073399900499136785
-0.005085068836292489
-0.008856048167263143
-0.005324178652038465
-0.0039816996004938526
-0.007229531044254104
-0.005172655200373369
-0.008439056219987131
-0.005104058384793124
-0.0028405687403499336
-0.0020151955784629702
-0.007881297670482595
-0.004013352454370407
-0.004194461121214283
-0.00026291619109031255
-0.006395697358531255
-0.005168327607384275
-0.0010408282519615462
0.0009686294475469632
-0.005479132947671888
-0.0008323346415677773
0.001263976669057856
-0.0024274223568725188
-0.0012651902843326495
-0.001244255809773449
-0.003789123046298909
-0.0025123486645237682
-0.003952427413212473
-0.005418953191805789
-0.0037767120373451714
-0.0050512401714976245
-0.005476327367757623
-0.0029949269489219638
-0.0040454733116829025
-0.004653421297738673
-0.0036020445043491527
-0.003291238933373538
0.0006238357180128419
-0.00327522338173523
-0.0041699231263970776
-0.0032527368180927893
-0.00047149498141004555
0.007945212950134721
0.038533821406032655
0.03524776478529418
0.043978214446325645
0.047382323583032696
0.04565771830096468
0.05296495354853405
0.0456564831904832
0.03941620086052467
0.04072462563185861
0.03858837865723581
0.02741125064657089
0.030104922653642927
0.01991795508733094
0.008125572027326798
0.008554036441767181
0.0032259288084650097
0.0004873020347048383
-0.01827772127638394
-0.01575406159779294
-0.029180442278272545
-0.028134172063115127
-0.029442222579477206
-0.028372886783349215
-0.022421420151310784
-0.02331817840549489
-0.01988843622504144
-0.014977818263444015
-0.011516864028447428
-0.009292645650781315
-0.005485588867961219
-0.0036723501720366623
-0.0017826611438488717
0.0024046897702908513
0.0028974909200829182
-0.00043834238930040846
0.004888223072778414
0.0006784593764155687
-0.0019320791395745097
-0.00452572661268425
0.0007762566103649435
-0.004386373607773671
-0.0068256799114775535
-0.004245562195287527
-0.006648113753469175
-0.00947723856133895
-0.006834962243316443
-0.008038427860439939
-0.010154223806220311
-0.009822645140088349
-0.00895306468194573
-0.00943799488643108
-0.009348565386236594
-0.009114844360053364
-0.010534251387157488
-0.014676390834431265
-0.011423158387584353
-0.009069605582416186
-0.007199344919507741
-0.009665703705637886
-0.007632872315210288
-0.004700206579317364
-0.006923462730066753
-0.006899983866715499
-0.0045078239605207265
-0.011356822041597266
-0.011361563960072329
-0.007636584763231248
-0.0047754191956731595
-0.010915884996747283
-0.006559937522838724
-0.012545592964415216
-0.0015021575859730583
-0.0005260237971737574
-0.00427790022555896
-0.0034384247764930233
-0.002161988395408209
-0.00707297446527242
-0.005469008891192671
-0.005436514681915552
-0.0011398726298457915
-0.01010986119410375
-0.005914613565523271
-0.0038670369085358263
-0.01039079761668142
-0.00876801730043292
-0.004554775213058685
-0.003384428981302369
-0.008705498052654678
-0.007616499333067132
-0.00511553492621473
-0.008383740348576278
-0.007738485761529308
-0.006257561005387182
-0.006193439663076143
-0.007223097481335126
-0.007055078620051831
-0.0069030658567485696
-0.006096003400988028
-0.0064005592116804745
-0.008674188839055097
-0.003948098691213191
-0.00714222911956562
-0.007350897509618257
-0.004667260693297386
-0.004160154439157056
-0.005060487345345856
-0.003516574645885735
0.0020754228239219736
-0.002152744591207351
-0.004100117752595927
0.0012331854814491554
-0.0018891959281604207
-0.003011304412855802
0.04502521777339461
0.04292935634753961
0.05289370502057015
0.05921468855096025
0.058913497629561204
0.06643805823703566
0.058036178168188526
0.05912486134709711
0.04977026524411282
0.041370379477734115
0.041907713451672796
0.03493841632350431
0.02061426491535797
0.012244505698247492
0.013662643860499415
0.0010625878337898796
-0.013785914125093978
-0.019039594229693486
-0.018179892738863373
-0.017435020667950874
-0.019155062867014367
-0.016935053133047287
-0.015775444504287625
-0.014290956211603808
-0.013968011641008781
-0.01178748085115878
-0.015103652839418199
-0.011117885348811295
-0.008996986064971159
-0.006106386891036718
-0.003188037799190842
0.003482535343833966
-0.00041679375862462015
-0.0018781382968307433
-0.0015145934059114824
0.004157949823642323
-5.4137609092095276e-05
-0.004506560924994829
-0.000272371804210315
-0.003845338460889842
-0.008621329000019289
-0.005807900626540414
-0.008826564658263019
-0.012811710792266146
-0.013137270363352474
-0.01116932717351478
-0.014733478108353489
-0.013310530026989217
-0.010485433866468845
-0.014441948888313485
-0.014015229933514724
-0.012352601635462788
-0.012965530572307293
-0.015455050697577005
-0.013916734267276921
-0.015466101959461387
-0.015307210915579668
-0.013332158675119325
-0.016400213530573117
-0.015179688559350504
-0.016007964846970667
-0.019161235498935638
-0.015566774567310886
-0.01971872839877704
-0.016398630606681532
-0.01330437858404235
-0.017702961501502613
-0.01450767459079567
-0.01398104029070747
-0.011690740993719716
-0.017198976939806793
-0.015726061085287974
-0.01057438871199635
-0.01869750662116398
-0.006691537249279416
-0.013927705084023936
-0.007510124479899404
-0.0035175586803703105
-0.01090255813757861
-0.00463723328181006
-0.0006219986663084311
-0.007954845655855025
-0.003675908520774852
0.0008235811105074776
0.0013197012266784104
-0.0032559165242980167
-0.001017399344444947
0.0014577898219554903
-0.002994282980845986
-0.0031036069319240436
-0.0028846596226892226
-0.0026680985360593166
-0.005570079803338086
-0.005090181360007076
-0.01222878416373019
-0.01074781531636928
-0.008883227270315474
-0.008893279222173492
-0.009367564045132778
-0.007317813260823339
-0.008976617822357215
0.028545365692502794
0.062396137426491076
0.06189116832043729
0.0560421415437077
0.08254204244336417
0.07904713713408945
0.08576716424748464
0.08977713401104491
0.08431205461870526
0.0721382352832951
0.07683019301822772
0.06637651722380478
0.04816484280126905
0.02927663027050297
0.03435853451214291
0.01760310854407893
0.006983919401352096
0.007916911320175177
0.006006966285865923
-0.005974534473989372
0.003855093197351212
-0.030361866507982425
-0.03902768314353276
-0.03419880976551081
-0.06382086502762026
-0.05955222739035754
-0.05649535944648213
-0.058455088623049926
-0.047817789343905015
-0.04542956987260688
-0.04398090482355524
-0.038168313498585515
-0.030524498782613478
-0.022928346453226278
-0.01917121617329611
-0.015338507211245519
-0.011628077859705278
-0.00884675793422873
-0.004126664616039001
-0.004531975800334952
-0.007064489558138912
-0.0023491680214608366
-0.005280653816189599
-0.01095846983792672
-0.005891075564410004
-0.008292498282738451
-0.01240306293852007
-0.01572774072247126
-0.012042975237586663
-0.016365195456206048
-0.01694874974980669
-0.013616594859206917
-0.015908717918381863
-0.017173900743925122
-0.015243499574388806
-0.01628872025781772
-0.016162868516820326
-0.016565888222067577
-0.017895516457036863
-0.01763957588057628
-0.017575774712801747
-0.019760166502954483
-0.018330467345811525
-0.016577148992067567
-0.020582165746571155
-0.016262714234814336
-0.01468438638334623
-0.019445843060921345
-0.016265884788511327
-0.015203174117844137
-0.01838484947361795
-0.017520182349863554
-0.015603326066977168
-0.012769442450339258
-0.015314208727270927
-0.015332495464361754
-0.010066174968872067
-0.01310822885630047
-0.018993824610474743
-0.015245041161868915
-0.02305225460895767
-0.021713361890479756
-0.018139526867806358
-0.016385809507207943
-0.02450675495385343
-0.021165000420559493
-0.017222033486101764
-0.014023444121676368
-0.023301468338735306
-0.016439888954114617
-0.012163901710130362
-0.019300941305791592
-0.016693998531924277
-0.018643620543749538
-0.028535719436056952
-0.028447859444411354
-0.028051048725953372
-0.03131686053748894
-0.03086323720438295
-0.03153568620591832
-0.031151158926993418
-0.030266959104900404
-0.029357073616290363
-0.029192896803984604
-0.029499759833169627
-0.030769018977860208
-0.02602791592346996
-0.03061028274168269
-0.029049335392323718
-0.03092041387690907
-0.03079299014050874
0.033725985445190204
0.04361761742545899
0.06309736781303993
0.08664994683493546
0.08550116900237395
0.0935314258043572
0.10430363511658641
0.09474341651005183
0.11675016668051519
0.14833884754155555
0.16657766910075203
0.16200957190885706
0.17574658994698794
0.1804305134582515
0.1702050910788192
0.15182279410829672
0.13354026028213595
0.1374587195839439
0.09291386310141034
0.061560473237504694
0.06728149114406023
0.028940587459111627
0.03696807643734463
0.04251757182555748
0.008463107882301953
0.005505346726486792
0.0058255734487744565
-0.0031346498560252682
-0.002319152352126404
-0.009406771677204854
-0.006809126956667041
-0.013199461954632617
-0.02208207233430305
-0.02457108480060871
-0.020767687396526614
-0.027090095736832298
-0.03184122673264416
-0.025817458147774107
-0.030525765670489247
-0.03743749318150071
-0.03328161949874219
-0.03241136709657549
-0.04069031087652925
-0.03715243865600473
-0.05389133109030102
-0.053540090579062456
-0.052468726226228224
-0.05809365637254283
-0.056809451000757745
-0.06027003610441714
-0.06914036903248369
-0.06521491384775573
-0.06900835113802688
-0.07665943508784069
-0.06922961549916272
-0.07792038802107189
-0.08484888600620585
-0.0883075656760143
-0.08320199518877867
-0.09340208863766199
-0.09879867381941874
-0.09913349250802632
-0.09698924719204562
-0.11012563722922449
-0.1174394559291034
-0.11254354970766074
-0.1268215231300035
-0.12290640570534248
-0.12811812372529444
-0.12733869188973546
-0.13446937088681107
-0.1327875894014045
-0.13039070999626556
-0.13487014311563245
-0.13704558899679042
-0.1398116155105837
-0.1716388857354553
-0.15241466548212523
-0.16089278493176934
-0.15136917892380705
-0.134100296587791
-0.14586335733348452
-0.13676811053321042
-0.12478060031837629
-0.10511745599082813
-0.12544915982756227
-0.11854715054183816
-0.10167248012884836
-0.12375973076518759
-0.11238899592013557
-0.016318742781671527
0.1984237945594695
0.1472244433867752
0.290657776325367
0.380132529276171
0.34822970877882686
0.5413736666068727
0.6843592088406528
0.6650258080597589
0.6768470721538459
0.6802830190046046
0.7284483131053741
0.6511613388187945
0.565595287903367
0.6138204688507737
0.5279036476709374
0.5520477983018678
0.3802405032792029
0.31974164666890303
0.1789781931958668
0.14148194011763066
0.12499589760836972
